,caseId,caseName,assetsTypes,lawsReference,longitude,latitude,addresses,govInstitution,govDeptName,govDeptAddress,govDeptPhone,caseUrl,announcementList,name,city
0,20030214000001,原嘉義酒廠,"{'code': 'A16', 'name': '產業'}",《文化資產保存法》第廿七條之一暨《歷史建築登錄及輔助辦法》第七條。,120.4400602358617,23.477176257317755,"{'itemNo': 1, 'cityName': '嘉義市', 'distName': '西區', 'address': '中山路616 號'}",嘉義市政府,文化資產科,嘉義市忠孝路275號,05-2788225#503,"<a href=""http://nchdb.boch.gov.tw/assets/advanceSearch/historicalBuilding/20030214000001"" target=""_blank"">http://nchdb.boch.gov.tw/assets/advanceSearch/historicalBuilding/20030214000001</a>","[{'classification': '指定/登錄', 'officialDocNo': '府授文資字第09202006862號', 'registerDate': '2003-02-14 10:01:10.0'}]",產業,嘉義市
1,20030806000001,嘉義市北社尾王姓宗祠,"{'code': 'A1', 'name': '祠堂'}",《文化資產保存法》第廿七條之一。,120.42384021230315,23.494631649252547,"{'itemNo': 1, 'cityName': '嘉義市', 'distName': '西區', 'address': '北湖里北社尾路210 號'}",嘉義市政府文化局,文化資產科,嘉義市東區忠孝路275號,05-2788225,"<a href=""http://nchdb.boch.gov.tw/assets/advanceSearch/historicalBuilding/20030806000001"" target=""_blank"">http://nchdb.boch.gov.tw/assets/advanceSearch/historicalBuilding/20030806000001</a>","[{'classification': '指定/登錄', 'officialDocNo': '府授文資字第0920205358號', 'registerDate': '2003-08-06 14:55:00.0'}]",祠堂,嘉義市
2,20051026000001,原嘉義郡水利組合之水閘門及水道,"{'code': 'A13', 'name': '堤閘'}",《文化資產保存法》第十五條暨《歷史建築登錄及輔助辦法》第七條。,120.424874,23.480732,"{'itemNo': 1, 'cityName': '嘉義市', 'distName': '西區', 'address': ' 嘉義市西區福安里姜安街12巷8號斜對面'}",嘉義市政府文化局,文化資產科,嘉義市東區忠孝路275號,05-2788225,"<a href=""http://nchdb.boch.gov.tw/assets/advanceSearch/historicalBuilding/20051026000001"" target=""_blank"">http://nchdb.boch.gov.tw/assets/advanceSearch/historicalBuilding/20051026000001</a>","[{'classification': '指定/登錄', 'officialDocNo': '府授文資字第09402020563號', 'registerDate': '2005-10-26 00:00:00.0'}, {'classification': '變更/修正', 'officialDocNo': '府授文資字第1115102673號', 'registerDate': '2022-05-31 14:18:18.853'}]",堤閘,嘉義市
3,20040303000001,香山天后宮,"{'code': 'A2', 'name': '寺廟'}","文化資產保存法第18條。
歷史建築紀念建築登錄廢止審查及輔助辦法第4、7、8條
行政程序法第122條
108年12月13日第七屆新竹市「古蹟、歷史建築、聚落建築群、考古遺址、史蹟及文化景觀類審議會」第五次會議決議。",120.914491953188,24.7693326582901,"{'itemNo': 1, 'cityName': '新竹市', 'distName': '香山區', 'address': '朝山里8鄰中華路五段420巷191號'}",新竹市文化局,新竹市文化局文化資產科,300新竹市北區中央路109號,03-5425079,"<a href=""http://nchdb.boch.gov.tw/assets/advanceSearch/historicalBuilding/20040303000001"" target=""_blank"">http://nchdb.boch.gov.tw/assets/advanceSearch/historicalBuilding/20040303000001</a>","[{'classification': '指定/登錄', 'officialDocNo': '府文資字第0930208001號', 'registerDate': '2004-03-03 17:01:30.0'}, {'classification': '指定/登錄', 'officialDocNo': '府授文資字第1090016676號', 'registerDate': '2020-01-17 00:00:00.0', 'note': '重新登錄'}]",寺廟,新竹市
4,20040303000002,內天后宮,"{'code': 'A2', 'name': '寺廟'}",文化資產保存法,120.96199433788,24.8008222286101,"{'itemNo': 1, 'cityName': '新竹市', 'distName': '北區', 'address': '西門街184號'}",新竹市政府,新竹市文化局文化資產科,300新竹市北區中央路109號,03-5425079,"<a href=""http://nchdb.boch.gov.tw/assets/advanceSearch/historicalBuilding/20040303000002"" target=""_blank"">http://nchdb.boch.gov.tw/assets/advanceSearch/historicalBuilding/20040303000002</a>","[{'classification': '指定/登錄', 'officialDocNo': '府文資字第0930208001號', 'registerDate': '2004-03-03 10:51:31.0'}]",寺廟,新竹市
5,20130207000005,兒八公園碉堡,"{'code': 'A99', 'name': '其他設施', 'other': '軍事設施'}","符合文化資產保存法第15條、歷史建築登
錄廢止審查及輔助辦法第2條第1至4項登錄基準。",120.947474,24.823867,"{'itemNo': 1, 'cityName': '新竹市', 'distName': '北區', 'address': '新竹市康樂段532地號'}",新竹市政府,新竹市文化局文化資產科,300新竹市北區中央路109號,03-5425079,"<a href=""http://nchdb.boch.gov.tw/assets/advanceSearch/historicalBuilding/20130207000005"" target=""_blank"">http://nchdb.boch.gov.tw/assets/advanceSearch/historicalBuilding/20130207000005</a>","[{'classification': '指定/登錄', 'officialDocNo': '府授文資字第1020208022號', 'registerDate': '2013-02-07 08:33:53.0'}]",其他設施,新竹市
6,20131122000001,新竹少年刑務所職務官舍群,"{'code': 'A99', 'name': '其他設施', 'other': '宿舍'}",<<歷史建築登錄廢止審查及輔助辦法>>第2條第1項第1、2、3、4款,120.947474,24.823867,"{'itemNo': 1, 'cityName': '新竹市', 'distName': '北區', 'address': '新竹少年刑務所職務官舍群'}",新竹市政府,新竹市文化局文化資產科,300新竹市北區中央路109號,03-5425079,"<a href=""http://nchdb.boch.gov.tw/assets/advanceSearch/historicalBuilding/20131122000001"" target=""_blank"">http://nchdb.boch.gov.tw/assets/advanceSearch/historicalBuilding/20131122000001</a>","[{'classification': '指定/登錄', 'officialDocNo': '竹市文資字第1020007298號', 'registerDate': '2013-11-22 00:00:00.0'}]",其他設施,新竹市
7,20101129000001,有樂館,"{'code': 'A26', 'name': '戲劇院'}",<<歷史建築登錄廢止審查及輔助辦法>>第2條第1項第1款,120.969582273869,24.8049115448659,"{'itemNo': 1, 'cityName': '新竹市', 'distName': '東區', 'address': '中正路65號'}",新竹市文化局,博物館科,新竹市東區中正路65號,03-5285840,"<a href=""http://nchdb.boch.gov.tw/assets/advanceSearch/historicalBuilding/20101129000001"" target=""_blank"">http://nchdb.boch.gov.tw/assets/advanceSearch/historicalBuilding/20101129000001</a>","[{'classification': '指定/登錄', 'officialDocNo': '竹市文資字第0990005366號', 'registerDate': '2010-11-29 00:00:00.0'}]",戲劇院,新竹市
8,20120507000001,三井物產株式會社舊倉庫,"{'code': 'A16', 'name': '產業'}",<<歷史建築紀念建築登錄廢止審查及輔助辦法>>第2條第1項第2、3款,121.5120925,25.0479273,"{'itemNo': 1, 'cityName': '臺北市', 'distName': '中正區', 'address': '臺北市中正區忠孝西路一段265號'}",臺北市政府文化局,文化資產科,臺北市信義區市府路1號4樓東北區,(02)2720-8889,"<a href=""http://nchdb.boch.gov.tw/assets/advanceSearch/historicalBuilding/20120507000001"" target=""_blank"">http://nchdb.boch.gov.tw/assets/advanceSearch/historicalBuilding/20120507000001</a>","[{'classification': '指定/登錄', 'officialDocNo': '北市文化二字第10130318500號', 'registerDate': '2012-05-07 00:00:00.0', 'note': '歷史建築登錄公告'}, {'classification': '變更/修正', 'officialDocNo': '北市文化文資字第10830435981號', 'registerDate': '2019-12-31 00:00:00.0', 'note': '公告變更'}]",產業,臺北市
9,20121029000001,原辰馬商會本町店鋪,"{'code': 'A3', 'name': '宅第'}",符合歷史建築登錄廢止審查及輔助辦法第2條第1項第1、3、4款評定基準,121.513363,25.045615,"{'itemNo': 1, 'cityName': '臺北市', 'distName': '中正區', 'address': '重慶南路1段25號'}",臺北市政府文化局,文化資產科,臺北市信義區市府路1號4樓東北區,(02)2720-8889,"<a href=""http://nchdb.boch.gov.tw/assets/advanceSearch/historicalBuilding/20121029000001"" target=""_blank"">http://nchdb.boch.gov.tw/assets/advanceSearch/historicalBuilding/20121029000001</a>","[{'classification': '指定/登錄', 'officialDocNo': '北市文化二字第10130396200號', 'registerDate': '2012-10-29 00:00:00.0', 'note': '登錄歷史建築'}]",宅第,臺北市
9,20121029000001,原辰馬商會本町店鋪,"{'code': 'A3', 'name': '宅第'}",符合歷史建築登錄廢止審查及輔助辦法第2條第1項第1、3、4款評定基準,121.513363,25.045615,"{'itemNo': 2, 'cityName': '臺北市', 'distName': '中正區', 'address': '重慶南路1段27號'}",臺北市政府文化局,文化資產科,臺北市信義區市府路1號4樓東北區,(02)2720-8889,"<a href=""http://nchdb.boch.gov.tw/assets/advanceSearch/historicalBuilding/20121029000001"" target=""_blank"">http://nchdb.boch.gov.tw/assets/advanceSearch/historicalBuilding/20121029000001</a>","[{'classification': '指定/登錄', 'officialDocNo': '北市文化二字第10130396200號', 'registerDate': '2012-10-29 00:00:00.0', 'note': '登錄歷史建築'}]",宅第,臺北市
10,20121029000002,峰圃茶莊,"{'code': 'A3', 'name': '宅第'}",符合歷史建築登錄廢止審查及輔助辦法第2條第1項第1、3、4款評定基準。,121.51336,25.045339,"{'itemNo': 1, 'cityName': '臺北市', 'distName': '中正區', 'address': '重慶南路1段35號'}",臺北市政府文化局,文化資產科,臺北市信義區市府路1號4樓東北區,(02)2720-8889,"<a href=""http://nchdb.boch.gov.tw/assets/advanceSearch/historicalBuilding/20121029000002"" target=""_blank"">http://nchdb.boch.gov.tw/assets/advanceSearch/historicalBuilding/20121029000002</a>","[{'classification': '指定/登錄', 'officialDocNo': '北市文化二字第10130396100號', 'registerDate': '2012-10-29 00:00:00.0', 'note': '登錄歷史建築'}]",宅第,臺北市
11,20130611000001,國立中央圖書館舊址,"{'code': 'A6', 'name': '衙署'}",符合歷史建築登錄廢止審查及輔助辦法第2條第1項第1、4款評定基準,121.5120744,25.0322928,"{'itemNo': 1, 'cityName': '臺北市', 'distName': '中正區', 'address': '南海路43號'}",臺北市政府文化局,文化資產科,臺北市信義區市府路1號4樓東北區,(02)2720-8889,"<a href=""http://nchdb.boch.gov.tw/assets/advanceSearch/historicalBuilding/20130611000001"" target=""_blank"">http://nchdb.boch.gov.tw/assets/advanceSearch/historicalBuilding/20130611000001</a>","[{'classification': '指定/登錄', 'officialDocNo': '北市文化二字第10230334500號', 'registerDate': '2013-06-11 00:00:00.0', 'note': '登錄歷史建築'}]",衙署,臺北市
12,20140408000001,原警察局中正二分局(牯嶺街小劇場),"{'code': 'A6', 'name': '衙署'}",符合歷史建築登錄廢止審查及輔助辦法第2條第1項第1、4款評定基準,121.5153256,25.0317387,"{'itemNo': 1, 'cityName': '臺北市', 'distName': '中正區', 'address': '牯嶺街5巷2號'}",臺北市政府文化局,文化資產科,臺北市信義區市府路1號4樓東北區,(02)2720-8889,"<a href=""http://nchdb.boch.gov.tw/assets/advanceSearch/historicalBuilding/20140408000001"" target=""_blank"">http://nchdb.boch.gov.tw/assets/advanceSearch/historicalBuilding/20140408000001</a>","[{'classification': '指定/登錄', 'officialDocNo': '北市文化文資字第10330351900', 'registerDate': '2014-04-08 00:00:00.0', 'note': '登錄歷史建築'}]",衙署,臺北市
13,20140822000001,龍口町「塵芥燒却場」,"{'code': 'A16', 'name': '產業'}",歷史建築登錄廢止審查及輔助辦法第2條第1項第1、3、4款。,121.5079987,25.0307499,"{'itemNo': 1, 'cityName': '臺北市', 'distName': '中正區', 'address': '和平西路二段104巷內'}",臺北市政府文化局,文化資產科,臺北市信義區市府路1號4樓東北區,(02)2720-8889,"<a href=""http://nchdb.boch.gov.tw/assets/advanceSearch/historicalBuilding/20140822000001"" target=""_blank"">http://nchdb.boch.gov.tw/assets/advanceSearch/historicalBuilding/20140822000001</a>","[{'classification': '指定/登錄', 'officialDocNo': '北市文化文資字第10330429500號', 'registerDate': '2014-08-22 00:00:00.0', 'note': '登錄歷史建築'}]",產業,臺北市
14,20030505000001,第一外科診所,"{'code': 'A99', 'name': '其他設施', 'other': '其他'}",<<歷史建築登錄廢止審查及輔助辦法>>第2條第1項第1款,121.5125885,25.0459143,"{'itemNo': 1, 'cityName': '臺北市', 'distName': '中正區', 'address': '開封街1段32號'}",臺北市政府文化局,文化資產科,臺北市信義區市府路1號4樓東北區,(02)2720-8889,"<a href=""http://nchdb.boch.gov.tw/assets/advanceSearch/historicalBuilding/20030505000001"" target=""_blank"">http://nchdb.boch.gov.tw/assets/advanceSearch/historicalBuilding/20030505000001</a>","[{'classification': '指定/登錄', 'officialDocNo': '府文化二字第09200508000號', 'registerDate': '2003-05-05 00:00:00.0', 'note': '登錄歷史建築'}]",其他設施,臺北市
15,20041230000001,延平南路45號,"{'code': 'A99', 'name': '其他設施'}",<<歷史建築登錄廢止審查及輔助辦法>>第2條第1項第1款,121.5105034,25.0450698,"{'itemNo': 1, 'cityName': '臺北市', 'distName': '中正區', 'address': '延平南路45號'}",臺北市政府文化局,文化資產科,臺北市信義區市府路1號4樓東北區,(02)2720-8889,"<a href=""http://nchdb.boch.gov.tw/assets/advanceSearch/historicalBuilding/20041230000001"" target=""_blank"">http://nchdb.boch.gov.tw/assets/advanceSearch/historicalBuilding/20041230000001</a>","[{'classification': '指定/登錄', 'officialDocNo': '府文化二字第09304460300號', 'registerDate': '2004-12-30 00:00:00.0', 'note': '登錄歷史建築'}]",其他設施,臺北市
16,20041222000001,汀州路台鐵舊宿舍,"{'code': 'A3', 'name': '宅第'}",文化資產保存法第15條,121.53179,25.015623,"{'itemNo': 1, 'cityName': '臺北市', 'distName': '中正區', 'address': '羅斯福路三段316巷9弄1號'}",臺北市政府文化局,文化資產科,臺北市信義區市府路1號4樓東北區,(02)2720-8889,"<a href=""http://nchdb.boch.gov.tw/assets/advanceSearch/historicalBuilding/20041222000001"" target=""_blank"">http://nchdb.boch.gov.tw/assets/advanceSearch/historicalBuilding/20041222000001</a>","[{'classification': '指定/登錄', 'officialDocNo': '府文化二字第09304459500號', 'registerDate': '2004-12-22 00:00:00.0', 'note': '登錄歷史建築'}]",宅第,臺北市
16,20041222000001,汀州路台鐵舊宿舍,"{'code': 'A3', 'name': '宅第'}",文化資產保存法第15條,121.53179,25.015623,"{'itemNo': 2, 'cityName': '臺北市', 'distName': '中正區', 'address': '羅斯福路三段316巷9弄3號'}",臺北市政府文化局,文化資產科,臺北市信義區市府路1號4樓東北區,(02)2720-8889,"<a href=""http://nchdb.boch.gov.tw/assets/advanceSearch/historicalBuilding/20041222000001"" target=""_blank"">http://nchdb.boch.gov.tw/assets/advanceSearch/historicalBuilding/20041222000001</a>","[{'classification': '指定/登錄', 'officialDocNo': '府文化二字第09304459500號', 'registerDate': '2004-12-22 00:00:00.0', 'note': '登錄歷史建築'}]",宅第,臺北市
16,20041222000001,汀州路台鐵舊宿舍,"{'code': 'A3', 'name': '宅第'}",文化資產保存法第15條,121.53179,25.015623,"{'itemNo': 3, 'cityName': '臺北市', 'distName': '中正區', 'address': '羅斯福路三段316巷9弄5號'}",臺北市政府文化局,文化資產科,臺北市信義區市府路1號4樓東北區,(02)2720-8889,"<a href=""http://nchdb.boch.gov.tw/assets/advanceSearch/historicalBuilding/20041222000001"" target=""_blank"">http://nchdb.boch.gov.tw/assets/advanceSearch/historicalBuilding/20041222000001</a>","[{'classification': '指定/登錄', 'officialDocNo': '府文化二字第09304459500號', 'registerDate': '2004-12-22 00:00:00.0', 'note': '登錄歷史建築'}]",宅第,臺北市
16,20041222000001,汀州路台鐵舊宿舍,"{'code': 'A3', 'name': '宅第'}",文化資產保存法第15條,121.53179,25.015623,"{'itemNo': 4, 'cityName': '臺北市', 'distName': '中正區', 'address': '羅斯福路三段316巷9弄7號'}",臺北市政府文化局,文化資產科,臺北市信義區市府路1號4樓東北區,(02)2720-8889,"<a href=""http://nchdb.boch.gov.tw/assets/advanceSearch/historicalBuilding/20041222000001"" target=""_blank"">http://nchdb.boch.gov.tw/assets/advanceSearch/historicalBuilding/20041222000001</a>","[{'classification': '指定/登錄', 'officialDocNo': '府文化二字第09304459500號', 'registerDate': '2004-12-22 00:00:00.0', 'note': '登錄歷史建築'}]",宅第,臺北市
17,20041001000002,齊東街53巷2號日式宿舍,"{'code': 'A3', 'name': '宅第'}",文化資產保存法,121.5278689,25.0416749,"{'itemNo': 1, 'cityName': '臺北市', 'distName': '中正區', 'address': '齊東街53巷2號'}",臺北市政府文化局,文化資產科,臺北市信義區市府路1號4樓東北區,(02)2720-8889,"<a href=""http://nchdb.boch.gov.tw/assets/advanceSearch/historicalBuilding/20041001000002"" target=""_blank"">http://nchdb.boch.gov.tw/assets/advanceSearch/historicalBuilding/20041001000002</a>","[{'classification': '指定/登錄', 'officialDocNo': '府文化二字第09304449800號', 'registerDate': '2004-10-01 00:00:00.0', 'note': '登錄'}]",宅第,臺北市
18,20041001000003,齊東街53巷4號日式宿舍,"{'code': 'A3', 'name': '宅第'}",文化資產保存法,121.5280163,25.0415834,"{'itemNo': 1, 'cityName': '臺北市', 'distName': '中正區', 'address': '齊東街53巷4號'}",臺北市政府文化局,文化資產科,臺北市信義區市府路1號4樓東北區,(02)2720-8889,"<a href=""http://nchdb.boch.gov.tw/assets/advanceSearch/historicalBuilding/20041001000003"" target=""_blank"">http://nchdb.boch.gov.tw/assets/advanceSearch/historicalBuilding/20041001000003</a>","[{'classification': '指定/登錄', 'officialDocNo': '府文化二字第09304449800號', 'registerDate': '2004-10-01 00:00:00.0', 'note': '登錄'}]",宅第,臺北市
19,20041001000004,齊東街53巷6號日式宿舍,"{'code': 'A3', 'name': '宅第'}",文化資產保存法,121.5281631,25.0415588,"{'itemNo': 1, 'cityName': '臺北市', 'distName': '中正區', 'address': '齊東街53巷6號'}",臺北市政府文化局,文化資產科,臺北市信義區市府路1號4樓東北區,(02)2720-8889,"<a href=""http://nchdb.boch.gov.tw/assets/advanceSearch/historicalBuilding/20041001000004"" target=""_blank"">http://nchdb.boch.gov.tw/assets/advanceSearch/historicalBuilding/20041001000004</a>","[{'classification': '指定/登錄', 'officialDocNo': '府文化二字第09304449800號', 'registerDate': '2004-10-01 00:00:00.0', 'note': '登錄'}]",宅第,臺北市
20,20041001000005,齊東街53巷8號日式宿舍,"{'code': 'A3', 'name': '宅第'}",文化資產保存法,121.528305,25.041513,"{'itemNo': 1, 'cityName': '臺北市', 'distName': '中正區', 'address': '齊東街53巷8號'}",臺北市政府文化局,文化資產科,臺北市信義區市府路1號4樓東北區,(02)2720-8889,"<a href=""http://nchdb.boch.gov.tw/assets/advanceSearch/historicalBuilding/20041001000005"" target=""_blank"">http://nchdb.boch.gov.tw/assets/advanceSearch/historicalBuilding/20041001000005</a>","[{'classification': '指定/登錄', 'officialDocNo': '府文化二字第09304449800號', 'registerDate': '2004-10-01 00:00:00.0', 'note': '登錄'}]",宅第,臺北市
21,20041001000006,齊東街53巷9號日式宿舍,"{'code': 'A3', 'name': '宅第'}",文化資產保存法,121.5286553,25.0416139,"{'itemNo': 1, 'cityName': '臺北市', 'distName': '中正區', 'address': '齊東街53巷9號'}",臺北市政府文化局,文化資產科,臺北市信義區市府路1號4樓東北區,(02)2720-8889,"<a href=""http://nchdb.boch.gov.tw/assets/advanceSearch/historicalBuilding/20041001000006"" target=""_blank"">http://nchdb.boch.gov.tw/assets/advanceSearch/historicalBuilding/20041001000006</a>","[{'classification': '指定/登錄', 'officialDocNo': '府文化二字第09304449800號', 'registerDate': '2004-10-01 00:00:00.0', 'note': '登錄歷史建築'}]",宅第,臺北市
22,20041001000007,齊東街53巷10號日式宿舍,"{'code': 'A3', 'name': '宅第'}",文化資產保存法,121.5284478,25.0414905,"{'itemNo': 1, 'cityName': '臺北市', 'distName': '中正區', 'address': '齊東街53巷10號'}",臺北市政府文化局,文化資產科,臺北市信義區市府路1號4樓東北區,(02)2720-8889,"<a href=""http://nchdb.boch.gov.tw/assets/advanceSearch/historicalBuilding/20041001000007"" target=""_blank"">http://nchdb.boch.gov.tw/assets/advanceSearch/historicalBuilding/20041001000007</a>","[{'classification': '指定/登錄', 'officialDocNo': '府文化二字第09304449800號', 'registerDate': '2004-10-01 00:00:00.0', 'note': '登錄'}]",宅第,臺北市
23,20041001000008,齊東街53巷13號日式宿舍,"{'code': 'A3', 'name': '宅第'}",文化資產保存法,121.5289351,25.0415725,"{'itemNo': 1, 'cityName': '臺北市', 'distName': '中正區', 'address': '齊東街53巷13號'}",臺北市政府文化局,文化資產科,臺北市信義區市府路1號4樓東北區,(02)2720-8889,"<a href=""http://nchdb.boch.gov.tw/assets/advanceSearch/historicalBuilding/20041001000008"" target=""_blank"">http://nchdb.boch.gov.tw/assets/advanceSearch/historicalBuilding/20041001000008</a>","[{'classification': '指定/登錄', 'officialDocNo': '府文化二字第09304449800號', 'registerDate': '2004-10-01 00:00:00.0', 'note': '登錄歷史建築'}]",宅第,臺北市
24,20041001000009,濟南路二段25號日式宿舍,"{'code': 'A3', 'name': '宅第'}",文化資產保存法,121.5282925,25.0411971,"{'itemNo': 1, 'cityName': '臺北市', 'distName': '中正區', 'address': '濟南路2段25號'}",臺北市政府文化局,文化資產科,臺北市信義區市府路1號4樓東北區,(02)2720-8889,"<a href=""http://nchdb.boch.gov.tw/assets/advanceSearch/historicalBuilding/20041001000009"" target=""_blank"">http://nchdb.boch.gov.tw/assets/advanceSearch/historicalBuilding/20041001000009</a>","[{'classification': '指定/登錄', 'officialDocNo': '府文化二字第09304449800號', 'registerDate': '2004-10-01 00:00:00.0', 'note': '登錄歷史建築'}]",宅第,臺北市
25,20041001000010,濟南路二段27號日式宿舍,"{'code': 'A3', 'name': '宅第'}",文化資產保存法,121.5284951,25.0412111,"{'itemNo': 1, 'cityName': '臺北市', 'distName': '中正區', 'address': '濟南路2段27號'}",臺北市政府文化局,文化資產科,臺北市信義區市府路1號4樓東北區,(02)2720-8889,"<a href=""http://nchdb.boch.gov.tw/assets/advanceSearch/historicalBuilding/20041001000010"" target=""_blank"">http://nchdb.boch.gov.tw/assets/advanceSearch/historicalBuilding/20041001000010</a>","[{'classification': '指定/登錄', 'officialDocNo': '府文化二字第09304449800號', 'registerDate': '2004-10-01 00:00:00.0', 'note': '登錄歷史建築'}]",宅第,臺北市
26,20071016000001,金山南路1段30巷12號日式宿舍,"{'code': 'A3', 'name': '宅第'}",符合歷史建築登錄廢止審查及輔助辦法第2條第1項第1、3、4款評定基準,121.52882623739687,25.04192032240884,"{'itemNo': 1, 'cityName': '臺北市', 'distName': '中正區', 'address': '金山南路1段30巷12號'}",臺北市政府文化局,文化資產科,臺北市信義區市府路1號4樓東北區,(02)2720-8889,"<a href=""http://nchdb.boch.gov.tw/assets/advanceSearch/historicalBuilding/20071016000001"" target=""_blank"">http://nchdb.boch.gov.tw/assets/advanceSearch/historicalBuilding/20071016000001</a>","[{'classification': '指定/登錄', 'officialDocNo': '北市文化二字第09630338300號', 'registerDate': '2007-10-16 00:00:00.0', 'note': '登錄歷史建築'}]",宅第,臺北市
27,20071017000001,國父史蹟館,"{'code': 'A99', 'name': '其他設施', 'other': '(具歷史建築保存價值)'}",<<歷史建築登錄廢止審查及輔助辦法>>第2條第1項第1、2、3、4款,121.52015988311155,25.047689202919123,"{'itemNo': 1, 'cityName': '臺北市', 'distName': '中正區', 'address': '中山北路1段46號'}",臺北市政府文化局,文化資產科,臺北市信義區市府路1號4樓東北區,(02)2720-8889,"<a href=""http://nchdb.boch.gov.tw/assets/advanceSearch/historicalBuilding/20071017000001"" target=""_blank"">http://nchdb.boch.gov.tw/assets/advanceSearch/historicalBuilding/20071017000001</a>","[{'classification': '指定/登錄', 'officialDocNo': '北市文化二字第09630338400號', 'registerDate': '2007-10-17 00:00:00.0', 'note': '登錄歷史建築'}]",其他設施,臺北市
28,20071012000001,原樟腦精製工廠,"{'code': 'A16', 'name': '產業'}",符合歷史建築登錄廢止審查及輔助辦法第2條第1、3款評定基準,121.52764704193545,25.045173011291,"{'itemNo': 1, 'cityName': '臺北市', 'distName': '中正區', 'address': '八德路1段1號'}",臺北市政府文化局,文化資產科,臺北市信義區市府路1號4樓東北區,(02)2720-8889,"<a href=""http://nchdb.boch.gov.tw/assets/advanceSearch/historicalBuilding/20071012000001"" target=""_blank"">http://nchdb.boch.gov.tw/assets/advanceSearch/historicalBuilding/20071012000001</a>","[{'classification': '指定/登錄', 'officialDocNo': '北市文化二字第09630337700號', 'registerDate': '2007-10-12 00:00:00.0', 'note': '登錄歷史建築'}]",產業,臺北市
29,20061220000002,國立臺灣藝術教育館,"{'code': 'A99', 'name': '其他設施', 'other': '其他'}",符合歷史建築登錄廢止審查及輔助辦法第2條第1項第1、2、3款評定基準,121.5118945,25.0317407,"{'itemNo': 1, 'cityName': '臺北市', 'distName': '中正區', 'address': '南海路47號'}",臺北市政府文化局,文化資產科,臺北市信義區市府路1號4樓東北區,(02)2720-8889,"<a href=""http://nchdb.boch.gov.tw/assets/advanceSearch/historicalBuilding/20061220000002"" target=""_blank"">http://nchdb.boch.gov.tw/assets/advanceSearch/historicalBuilding/20061220000002</a>","[{'classification': '指定/登錄', 'officialDocNo': '府文化二字第09530346100號', 'registerDate': '2006-12-20 00:00:00.0', 'note': '登錄歷史建築'}]",其他設施,臺北市
30,20070327000001,國立臺灣大學日式宿舍－銅山街4號,"{'code': 'A3', 'name': '宅第'}",符合歷史建築登錄廢止審查及輔助辦法第2條第1項第1、2款評定基準,121.52627161613094,25.03997049782317,"{'itemNo': 1, 'cityName': '臺北市', 'distName': '中正區', 'address': '銅山街4號'}",臺北市政府文化局,文化資產科,臺北市信義區市府路1號4樓東北區,(02)2720-8889,"<a href=""http://nchdb.boch.gov.tw/assets/advanceSearch/historicalBuilding/20070327000001"" target=""_blank"">http://nchdb.boch.gov.tw/assets/advanceSearch/historicalBuilding/20070327000001</a>","[{'classification': '指定/登錄', 'officialDocNo': '府文化二字第09630231800號', 'registerDate': '2007-03-27 00:00:00.0', 'note': '登錄歷史建築'}]",宅第,臺北市
31,20070327000002,國立臺灣大學日式宿舍－方東美寓所,"{'code': 'A3', 'name': '宅第'}",符合歷史建築登錄廢止審查及輔助辦法第2條第1項第1、2、3、4款評定基準,121.517759,25.027426,"{'itemNo': 1, 'cityName': '臺北市', 'distName': '中正區', 'address': '牯嶺街60巷4號'}",臺北市政府文化局,文化資產科,臺北市信義區市府路1號4樓東北區,(02)2720-8889,"<a href=""http://nchdb.boch.gov.tw/assets/advanceSearch/historicalBuilding/20070327000002"" target=""_blank"">http://nchdb.boch.gov.tw/assets/advanceSearch/historicalBuilding/20070327000002</a>","[{'classification': '指定/登錄', 'officialDocNo': '府文化二字第09630231800號', 'registerDate': '2007-03-27 00:00:00.0', 'note': '登錄歷史建築'}]",宅第,臺北市
32,20070227000001,臺鐵舊宿舍─臨沂街63巷19號,"{'code': 'A3', 'name': '宅第'}",符合歷史建築登錄廢止審查及輔助辦法第2條第1項第1、2、4款評定基準,121.5303619,25.0359256,"{'itemNo': 1, 'cityName': '臺北市', 'distName': '中正區', 'address': '臨沂街63巷19號'}",臺北市政府文化局,文化資產科,臺北市信義區市府路1號4樓東北區,(02)2720-8889,"<a href=""http://nchdb.boch.gov.tw/assets/advanceSearch/historicalBuilding/20070227000001"" target=""_blank"">http://nchdb.boch.gov.tw/assets/advanceSearch/historicalBuilding/20070227000001</a>","[{'classification': '指定/登錄', 'officialDocNo': '府文化二字09630214700號', 'registerDate': '2007-02-27 00:00:00.0', 'note': '登錄歷史建築'}]",宅第,臺北市
33,20070209000001,國立歷史博物館,"{'code': 'A99', 'name': '其他設施', 'other': '具有歷史、文化、藝術價值之建造物'}",文化資產保存法,121.511227,25.031454,"{'itemNo': 1, 'cityName': '臺北市', 'distName': '中正區', 'address': '南海路49號'}",臺北市政府文化局,文化資產科,臺北市信義區市府路1號4樓東北區,(02)2720-8889,"<a href=""http://nchdb.boch.gov.tw/assets/advanceSearch/historicalBuilding/20070209000001"" target=""_blank"">http://nchdb.boch.gov.tw/assets/advanceSearch/historicalBuilding/20070209000001</a>","[{'classification': '指定/登錄', 'officialDocNo': '府文化二字第09630216700號', 'registerDate': '2007-02-09 00:00:00.0', 'note': '登錄歷史建築'}, {'classification': '變更/修正', 'officialDocNo': '北市文化文資字第10760269111號', 'registerDate': '2018-12-16 00:00:00.0', 'note': '調整保存範圍：土地390-1地號（4,262平方公尺）；建物1484建號（6,997.83平方公尺）'}]",其他設施,臺北市
34,20070302000001,海軍將官官舍,"{'code': 'A3', 'name': '宅第'}",符合歷史建築紀念建築登錄廢止審查及輔助辦法第2條評定基準,121.5282769,25.0403316,"{'itemNo': 1, 'cityName': '臺北市', 'distName': '中正區', 'address': '泰安街1巷2號'}",臺北市政府文化局,文化資產科,臺北市信義區市府路1號4樓東北區,(02)2720-8889,"<a href=""http://nchdb.boch.gov.tw/assets/advanceSearch/historicalBuilding/20070302000001"" target=""_blank"">http://nchdb.boch.gov.tw/assets/advanceSearch/historicalBuilding/20070302000001</a>","[{'classification': '指定/登錄', 'officialDocNo': '府文化二字09630214800號', 'registerDate': '2007-03-02 00:00:00.0', 'note': '登錄歷史建築'}, {'classification': '變更/修正', 'officialDocNo': '文化文資字第11130073881號', 'registerDate': '2022-02-09 00:00:00.0', 'note': '修正歷史建築本體公告文字'}]",宅第,臺北市
34,20070302000001,海軍將官官舍,"{'code': 'A3', 'name': '宅第'}",符合歷史建築紀念建築登錄廢止審查及輔助辦法第2條評定基準,121.5282769,25.0403316,"{'itemNo': 2, 'cityName': '臺北市', 'distName': '中正區', 'address': '泰安街1巷4號'}",臺北市政府文化局,文化資產科,臺北市信義區市府路1號4樓東北區,(02)2720-8889,"<a href=""http://nchdb.boch.gov.tw/assets/advanceSearch/historicalBuilding/20070302000001"" target=""_blank"">http://nchdb.boch.gov.tw/assets/advanceSearch/historicalBuilding/20070302000001</a>","[{'classification': '指定/登錄', 'officialDocNo': '府文化二字09630214800號', 'registerDate': '2007-03-02 00:00:00.0', 'note': '登錄歷史建築'}, {'classification': '變更/修正', 'officialDocNo': '文化文資字第11130073881號', 'registerDate': '2022-02-09 00:00:00.0', 'note': '修正歷史建築本體公告文字'}]",宅第,臺北市
34,20070302000001,海軍將官官舍,"{'code': 'A3', 'name': '宅第'}",符合歷史建築紀念建築登錄廢止審查及輔助辦法第2條評定基準,121.5282769,25.0403316,"{'itemNo': 3, 'cityName': '臺北市', 'distName': '中正區', 'address': '泰安街1巷6號'}",臺北市政府文化局,文化資產科,臺北市信義區市府路1號4樓東北區,(02)2720-8889,"<a href=""http://nchdb.boch.gov.tw/assets/advanceSearch/historicalBuilding/20070302000001"" target=""_blank"">http://nchdb.boch.gov.tw/assets/advanceSearch/historicalBuilding/20070302000001</a>","[{'classification': '指定/登錄', 'officialDocNo': '府文化二字09630214800號', 'registerDate': '2007-03-02 00:00:00.0', 'note': '登錄歷史建築'}, {'classification': '變更/修正', 'officialDocNo': '文化文資字第11130073881號', 'registerDate': '2022-02-09 00:00:00.0', 'note': '修正歷史建築本體公告文字'}]",宅第,臺北市
35,20070530000001,幸町日式宿舍－臨沂街27巷1號,"{'code': 'A3', 'name': '宅第'}",符合歷史建築登錄廢止審查及輔助辦法第2條第1項第3款評定基準,121.5304087,25.0412049,"{'itemNo': 1, 'cityName': '臺北市', 'distName': '中正區', 'address': '臨沂街27巷1號'}",臺北市政府文化局,文化資產科,臺北市信義區市府路1號4樓東北區,(02)2720-8889,"<a href=""http://nchdb.boch.gov.tw/assets/advanceSearch/historicalBuilding/20070530000001"" target=""_blank"">http://nchdb.boch.gov.tw/assets/advanceSearch/historicalBuilding/20070530000001</a>","[{'classification': '指定/登錄', 'officialDocNo': '府文化二字第09630228000號', 'registerDate': '2007-05-30 00:00:00.0', 'note': '登錄歷史建築'}]",宅第,臺北市
36,20080325000001,杭州南路一段75號日式宿舍,"{'code': 'A3', 'name': '宅第'}",文化資產保存法第18條、歷史建築紀念建築登錄廢止審查及輔助辦法第2條第1項第3款,121.525673,25.039353,"{'itemNo': 1, 'cityName': '臺北市', 'distName': '中正區', 'address': '杭州南路1段75號'}",臺北市政府文化局,文化資產科,臺北市信義區市府路1號4樓東北區,(02)2720-8889,"<a href=""http://nchdb.boch.gov.tw/assets/advanceSearch/historicalBuilding/20080325000001"" target=""_blank"">http://nchdb.boch.gov.tw/assets/advanceSearch/historicalBuilding/20080325000001</a>","[{'classification': '指定/登錄', 'officialDocNo': '北市文化二字第09730142400號', 'registerDate': '2008-03-25 00:00:00.0', 'note': '登錄歷史建築'}, {'classification': '變更/修正', 'officialDocNo': '北市文化文資字第11030300681號', 'registerDate': '2021-07-19 00:00:00.0', 'note': '變更定著土地範圍'}, {'classification': '變更/修正', 'officialDocNo': '北市文化文資字第11130423891號', 'registerDate': '2022-12-13 00:00:00.0', 'note': '增列防空洞、水池、消防池、圍牆納入附屬設施'}]",宅第,臺北市
37,20060626000002,孫運璿濟南路寓所,"{'code': 'A3', 'name': '宅第'}",<<歷史建築登錄廢止審查及輔助辦法>>第2條第1項第1款,121.52841768201924,25.040936440740587,"{'itemNo': 1, 'cityName': '臺北市', 'distName': '中正區', 'address': '濟南路2段20號'}",臺北市政府文化局,文化資產科,臺北市信義區市府路1號4樓東北區,(02)2720-8889,"<a href=""http://nchdb.boch.gov.tw/assets/advanceSearch/historicalBuilding/20060626000002"" target=""_blank"">http://nchdb.boch.gov.tw/assets/advanceSearch/historicalBuilding/20060626000002</a>","[{'classification': '指定/登錄', 'officialDocNo': '府文化二字第09530267600號', 'registerDate': '2006-06-26 00:00:00.0', 'note': '登錄'}]",宅第,臺北市
38,20091209000001,國立教育廣播電台,"{'code': 'A99', 'name': '其他設施', 'other': '具有歷史、文化、藝術價值之建造物'}",文化資產保存法,121.5123708,25.0318695,"{'itemNo': 1, 'cityName': '臺北市', 'distName': '中正區', 'address': '南海路41號'}",臺北市政府文化局,文化資產科,臺北市信義區市府路1號4樓東北區,(02)2720-8889,"<a href=""http://nchdb.boch.gov.tw/assets/advanceSearch/historicalBuilding/20091209000001"" target=""_blank"">http://nchdb.boch.gov.tw/assets/advanceSearch/historicalBuilding/20091209000001</a>","[{'classification': '指定/登錄', 'officialDocNo': '北市文化二字第09833143100號', 'registerDate': '2009-12-09 00:00:00.0', 'note': '登錄歷史建築'}]",其他設施,臺北市
39,20070209000002,獻堂館,"{'code': 'A99', 'name': '其他設施', 'other': '具有歷史、文化、藝術價值之建造物'}",符合歷史建築登錄廢止審查及輔助辦法第2條第1項第4款評定基準,121.511586,25.032444,"{'itemNo': 1, 'cityName': '臺北市', 'distName': '中正區', 'address': '南海路45號'}",臺北市政府文化局,文化資產科,臺北市信義區市府路1號4樓東北區,(02)2720-8889,"<a href=""http://nchdb.boch.gov.tw/assets/advanceSearch/historicalBuilding/20070209000002"" target=""_blank"">http://nchdb.boch.gov.tw/assets/advanceSearch/historicalBuilding/20070209000002</a>","[{'classification': '指定/登錄', 'officialDocNo': '府文化二字第09630216700號', 'registerDate': '2007-02-09 00:00:00.0', 'note': '登錄歷史建築'}]",其他設施,臺北市
40,20101029000001,蒲添生故居,"{'code': 'A3', 'name': '宅第'}",符合歷史建築登錄廢止審查及輔助辦法第2條第1項第1、2、4款評定基準,121.5246624,25.0454919,"{'itemNo': 1, 'cityName': '臺北市', 'distName': '中正區', 'address': '林森北路9巷16號'}",臺北市政府文化局,文化資產科,臺北市信義區市府路1號4樓東北區,(02)2720-8889,"<a href=""http://nchdb.boch.gov.tw/assets/advanceSearch/historicalBuilding/20101029000001"" target=""_blank"">http://nchdb.boch.gov.tw/assets/advanceSearch/historicalBuilding/20101029000001</a>","[{'classification': '指定/登錄', 'officialDocNo': '北市文化二字第09931823500號', 'registerDate': '2010-10-29 00:00:00.0', 'note': '登錄歷史建築'}]",宅第,臺北市
41,20120109000001,明星咖啡館,"{'code': 'A3', 'name': '宅第'}",符合歷史建築登錄廢止審查及輔助辦法第2條第1款第1、4款登錄評定基準。,121.5127048,25.0441941,"{'itemNo': 1, 'cityName': '臺北市', 'distName': '中正區', 'address': '武昌街1段5號'}",臺北市政府文化局,文化資產科,臺北市信義區市府路1號4樓東北區,(02)2720-8889,"<a href=""http://nchdb.boch.gov.tw/assets/advanceSearch/historicalBuilding/20120109000001"" target=""_blank"">http://nchdb.boch.gov.tw/assets/advanceSearch/historicalBuilding/20120109000001</a>","[{'classification': '指定/登錄', 'officialDocNo': '北市文化二字第10130269900號', 'registerDate': '2012-01-09 00:00:00.0', 'note': '登錄歷史建築'}]",宅第,臺北市
41,20120109000001,明星咖啡館,"{'code': 'A3', 'name': '宅第'}",符合歷史建築登錄廢止審查及輔助辦法第2條第1款第1、4款登錄評定基準。,121.5127048,25.0441941,"{'itemNo': 2, 'cityName': '臺北市', 'distName': '中正區', 'address': '武昌街1段7號'}",臺北市政府文化局,文化資產科,臺北市信義區市府路1號4樓東北區,(02)2720-8889,"<a href=""http://nchdb.boch.gov.tw/assets/advanceSearch/historicalBuilding/20120109000001"" target=""_blank"">http://nchdb.boch.gov.tw/assets/advanceSearch/historicalBuilding/20120109000001</a>","[{'classification': '指定/登錄', 'officialDocNo': '北市文化二字第10130269900號', 'registerDate': '2012-01-09 00:00:00.0', 'note': '登錄歷史建築'}]",宅第,臺北市
42,20070606000001,原周進春茶行（部分）,"{'code': 'A16', 'name': '產業'}",歷史建築登錄廢止審查及輔助辦法第2條第1項第3款規定。,121.5090418,25.0556299,"{'itemNo': 1, 'cityName': '臺北市', 'distName': '大同區', 'address': '臺北市大同區迪化街1段72巷25號'}",臺北市政府文化局,文化資產科,臺北市信義區市府路1號4樓東北區,(02)2720-8889,"<a href=""http://nchdb.boch.gov.tw/assets/advanceSearch/historicalBuilding/20070606000001"" target=""_blank"">http://nchdb.boch.gov.tw/assets/advanceSearch/historicalBuilding/20070606000001</a>","[{'classification': '指定/登錄', 'officialDocNo': '北市府文化二字09630271500號', 'registerDate': '2007-06-06 00:00:00.0', 'note': '登錄'}, {'classification': '變更/修正', 'officialDocNo': '北市文化文資字第10930328541號函', 'registerDate': '2020-08-24 00:00:00.0', 'note': '新增大同區西寧北路79-3號納入保存範圍'}]",產業,臺北市
42,20070606000001,原周進春茶行（部分）,"{'code': 'A16', 'name': '產業'}",歷史建築登錄廢止審查及輔助辦法第2條第1項第3款規定。,121.5090418,25.0556299,"{'itemNo': 2, 'cityName': '臺北市', 'distName': '大同區', 'address': '臺北市大同區西寧北路79-1號'}",臺北市政府文化局,文化資產科,臺北市信義區市府路1號4樓東北區,(02)2720-8889,"<a href=""http://nchdb.boch.gov.tw/assets/advanceSearch/historicalBuilding/20070606000001"" target=""_blank"">http://nchdb.boch.gov.tw/assets/advanceSearch/historicalBuilding/20070606000001</a>","[{'classification': '指定/登錄', 'officialDocNo': '北市府文化二字09630271500號', 'registerDate': '2007-06-06 00:00:00.0', 'note': '登錄'}, {'classification': '變更/修正', 'officialDocNo': '北市文化文資字第10930328541號函', 'registerDate': '2020-08-24 00:00:00.0', 'note': '新增大同區西寧北路79-3號納入保存範圍'}]",產業,臺北市
42,20070606000001,原周進春茶行（部分）,"{'code': 'A16', 'name': '產業'}",歷史建築登錄廢止審查及輔助辦法第2條第1項第3款規定。,121.5090418,25.0556299,"{'itemNo': 3, 'cityName': '臺北市', 'distName': '大同區', 'address': '臺北市大同區西寧北路79-3號'}",臺北市政府文化局,文化資產科,臺北市信義區市府路1號4樓東北區,(02)2720-8889,"<a href=""http://nchdb.boch.gov.tw/assets/advanceSearch/historicalBuilding/20070606000001"" target=""_blank"">http://nchdb.boch.gov.tw/assets/advanceSearch/historicalBuilding/20070606000001</a>","[{'classification': '指定/登錄', 'officialDocNo': '北市府文化二字09630271500號', 'registerDate': '2007-06-06 00:00:00.0', 'note': '登錄'}, {'classification': '變更/修正', 'officialDocNo': '北市文化文資字第10930328541號函', 'registerDate': '2020-08-24 00:00:00.0', 'note': '新增大同區西寧北路79-3號納入保存範圍'}]",產業,臺北市
42,20070606000001,原周進春茶行（部分）,"{'code': 'A16', 'name': '產業'}",歷史建築登錄廢止審查及輔助辦法第2條第1項第3款規定。,121.5090418,25.0556299,"{'itemNo': 4, 'cityName': '臺北市', 'distName': '大同區', 'address': '臺北市大同區西寧北路79號'}",臺北市政府文化局,文化資產科,臺北市信義區市府路1號4樓東北區,(02)2720-8889,"<a href=""http://nchdb.boch.gov.tw/assets/advanceSearch/historicalBuilding/20070606000001"" target=""_blank"">http://nchdb.boch.gov.tw/assets/advanceSearch/historicalBuilding/20070606000001</a>","[{'classification': '指定/登錄', 'officialDocNo': '北市府文化二字09630271500號', 'registerDate': '2007-06-06 00:00:00.0', 'note': '登錄'}, {'classification': '變更/修正', 'officialDocNo': '北市文化文資字第10930328541號函', 'registerDate': '2020-08-24 00:00:00.0', 'note': '新增大同區西寧北路79-3號納入保存範圍'}]",產業,臺北市
43,20120301000001,迪化街一段248號,"{'code': 'A3', 'name': '宅第'}",文化資產保存法、歷史建築登錄廢止審查及輔助辦法第2條第1項第1、2、4款評定基準。,121.5092822,25.0602047,"{'itemNo': 1, 'cityName': '臺北市', 'distName': '大同區', 'address': '迪化街1段248號'}",臺北市政府文化局,文化資產科,臺北市信義區市府路1號4樓東北區,(02)2720-8889,"<a href=""http://nchdb.boch.gov.tw/assets/advanceSearch/historicalBuilding/20120301000001"" target=""_blank"">http://nchdb.boch.gov.tw/assets/advanceSearch/historicalBuilding/20120301000001</a>","[{'classification': '指定/登錄', 'officialDocNo': '北市文化二字第10130287000 號', 'registerDate': '2012-03-01 00:00:00.0', 'note': '登錄歷史建築'}]",宅第,臺北市
44,20120508000001,迪化街一段308號店屋（明善堂）,"{'code': 'A3', 'name': '宅第'}",符合歷史建築登錄廢止審查及輔助辦法第2條第1項第1、2、4款評定基準,121.5091583,25.0615751,"{'itemNo': 1, 'cityName': '臺北市', 'distName': '大同區', 'address': '迪化街1段308號'}",臺北市政府文化局,文化資產科,臺北市信義區市府路1號4樓東北區,(02)2720-8889,"<a href=""http://nchdb.boch.gov.tw/assets/advanceSearch/historicalBuilding/20120508000001"" target=""_blank"">http://nchdb.boch.gov.tw/assets/advanceSearch/historicalBuilding/20120508000001</a>","[{'classification': '指定/登錄', 'officialDocNo': '北市文化二字第 10130320000 號', 'registerDate': '2012-05-08 00:00:00.0', 'note': '登錄歷史建築'}]",宅第,臺北市
45,20110223000001,迪化街一段96號店屋,"{'code': 'A3', 'name': '宅第'}",符合歷史建築登錄廢止審查及輔助辦法第2條第1項第1、2、3款評定基準,121.509871,25.056151,"{'itemNo': 1, 'cityName': '臺北市', 'distName': '大同區', 'address': '迪化街1段96號'}",臺北市政府文化局,文化資產科,臺北市信義區市府路1號4樓東北區,(02)2720-8889,"<a href=""http://nchdb.boch.gov.tw/assets/advanceSearch/historicalBuilding/20110223000001"" target=""_blank"">http://nchdb.boch.gov.tw/assets/advanceSearch/historicalBuilding/20110223000001</a>","[{'classification': '指定/登錄', 'officialDocNo': '北市文化二字第10030273200號', 'registerDate': '2011-02-23 00:00:00.0', 'note': '登錄歷史建築'}]",宅第,臺北市
46,20110621000001,延平北路二段56、58號店屋,"{'code': 'A3', 'name': '宅第'}",符合歷史建築登錄廢止審查及輔助辦法第2條第1項第1、2、4款登錄評定基準。,121.5115864,25.0554152,"{'itemNo': 1, 'cityName': '臺北市', 'distName': '大同區', 'address': '延平北路2段56號'}",臺北市政府文化局,文化資產科,臺北市信義區市府路1號4樓東北區,(02)2720-8889,"<a href=""http://nchdb.boch.gov.tw/assets/advanceSearch/historicalBuilding/20110621000001"" target=""_blank"">http://nchdb.boch.gov.tw/assets/advanceSearch/historicalBuilding/20110621000001</a>","[{'classification': '指定/登錄', 'officialDocNo': '北市文化二字第10030332500號', 'registerDate': '2011-06-21 00:00:00.0', 'note': '登錄歷史建築'}]",宅第,臺北市
46,20110621000001,延平北路二段56、58號店屋,"{'code': 'A3', 'name': '宅第'}",符合歷史建築登錄廢止審查及輔助辦法第2條第1項第1、2、4款登錄評定基準。,121.5115864,25.0554152,"{'itemNo': 2, 'cityName': '臺北市', 'distName': '大同區', 'address': '延平北路2段58號'}",臺北市政府文化局,文化資產科,臺北市信義區市府路1號4樓東北區,(02)2720-8889,"<a href=""http://nchdb.boch.gov.tw/assets/advanceSearch/historicalBuilding/20110621000001"" target=""_blank"">http://nchdb.boch.gov.tw/assets/advanceSearch/historicalBuilding/20110621000001</a>","[{'classification': '指定/登錄', 'officialDocNo': '北市文化二字第10030332500號', 'registerDate': '2011-06-21 00:00:00.0', 'note': '登錄歷史建築'}]",宅第,臺北市
47,20101008000001,鐵路局北淡線（圓山站）宿舍,"{'code': 'A3', 'name': '宅第'}",符合歷史建築登錄廢止審查及輔助辦法第2條第1項第1款評定基準,121.519884,25.071348,"{'itemNo': 1, 'cityName': '臺北市', 'distName': '大同區', 'address': '酒泉街9巷13號'}",臺北市政府文化局,文化資產科,臺北市信義區市府路1號4樓東北區,(02)2720-8889,"<a href=""http://nchdb.boch.gov.tw/assets/advanceSearch/historicalBuilding/20101008000001"" target=""_blank"">http://nchdb.boch.gov.tw/assets/advanceSearch/historicalBuilding/20101008000001</a>","[{'classification': '指定/登錄', 'officialDocNo': '北市文化二字第09931847900號', 'registerDate': '2010-10-08 00:00:00.0', 'note': '登錄歷史建築'}]",宅第,臺北市
48,20101019000001,蔡合源宅第,"{'code': 'A3', 'name': '宅第'}",符合歷史建築登錄廢止審查及輔助辦法第2條第1項第1、2、4款評定基準,121.5173082,25.052508,"{'itemNo': 1, 'cityName': '臺北市', 'distName': '大同區', 'address': '承德路1段72號'}",臺北市政府文化局,文化資產科,臺北市信義區市府路1號4樓東北區,(02)2720-8889,"<a href=""http://nchdb.boch.gov.tw/assets/advanceSearch/historicalBuilding/20101019000001"" target=""_blank"">http://nchdb.boch.gov.tw/assets/advanceSearch/historicalBuilding/20101019000001</a>","[{'classification': '指定/登錄', 'officialDocNo': '北市文化二字第09931882600號', 'registerDate': '2010-12-29 00:00:00.0', 'note': '登錄歷史建築'}, {'classification': '指定/登錄', 'officialDocNo': '北市文化二字第09931856100號', 'registerDate': '2010-10-19 00:00:00.0', 'note': '登錄歷史建築'}]",宅第,臺北市
49,20101203000001,有記茶行,"{'code': 'A16', 'name': '產業'}",符合歷史建築登錄廢止審查及輔助辦法第2條第1項第1、2、4款評定基準,121.5131205,25.0556719,"{'itemNo': 1, 'cityName': '臺北市', 'distName': '大同區', 'address': '重慶北路2段64巷26號'}",臺北市政府文化局,文化資產科,臺北市信義區市府路1號4樓東北區,(02)2720-8889,"<a href=""http://nchdb.boch.gov.tw/assets/advanceSearch/historicalBuilding/20101203000001"" target=""_blank"">http://nchdb.boch.gov.tw/assets/advanceSearch/historicalBuilding/20101203000001</a>","[{'classification': '指定/登錄', 'officialDocNo': '北市文化二字第09931860500號', 'registerDate': '2010-12-03 00:00:00.0', 'note': '登錄歷史建築'}]",產業,臺北市
50,20100625000001,迪化街1段192號店屋,"{'code': 'A3', 'name': '宅第'}",文化資產保存法、歷史建築登錄及廢止審查及輔助辦法第2條第1項第1、2款。,121.509504,25.058713,"{'itemNo': 1, 'cityName': '臺北市', 'distName': '大同區', 'address': '迪化街1段192號'}",臺北市政府文化局,文化資產科,臺北市信義區市府路1號4樓東北區,(02)2720-8889,"<a href=""http://nchdb.boch.gov.tw/assets/advanceSearch/historicalBuilding/20100625000001"" target=""_blank"">http://nchdb.boch.gov.tw/assets/advanceSearch/historicalBuilding/20100625000001</a>","[{'classification': '指定/登錄', 'officialDocNo': '北市文化二字第09931796200號', 'registerDate': '2010-06-25 00:00:00.0', 'note': '登錄歷史建築'}]",宅第,臺北市
51,20061013000001,太平町店屋-延平北路2段27號,"{'code': 'A3', 'name': '宅第'}",符合歷史建築登錄廢止審查及輔助辦法第2條第1項第1、4款評定基準,121.511843,25.054723,"{'itemNo': 1, 'cityName': '臺北市', 'distName': '大同區', 'address': '延平北路2段27號'}",臺北市政府文化局,文化資產科,臺北市信義區市府路1號4樓東北區,(02)2720-8889,"<a href=""http://nchdb.boch.gov.tw/assets/advanceSearch/historicalBuilding/20061013000001"" target=""_blank"">http://nchdb.boch.gov.tw/assets/advanceSearch/historicalBuilding/20061013000001</a>","[{'classification': '指定/登錄', 'officialDocNo': '府文化二字第09530302700號', 'registerDate': '2006-10-13 00:00:00.0', 'note': '登錄歷史建築'}]",宅第,臺北市
52,20091209000002,太平町店屋-延平北路2段25號,"{'code': 'A99', 'name': '其他設施', 'other': '店屋'}",符合歷史建築登錄廢止審查及輔助辦法第2條第1項第1、2、3款評定基準,121.511846,25.054673,"{'itemNo': 1, 'cityName': '臺北市', 'distName': '大同區', 'address': '延平北路2段25號'}",臺北市政府文化局,文化資產科,臺北市信義區市府路1號4樓東北區,(02)2720-8889,"<a href=""http://nchdb.boch.gov.tw/assets/advanceSearch/historicalBuilding/20091209000002"" target=""_blank"">http://nchdb.boch.gov.tw/assets/advanceSearch/historicalBuilding/20091209000002</a>","[{'classification': '指定/登錄', 'officialDocNo': '北市文化二字第09833143900號', 'registerDate': '2009-12-09 00:00:00.0', 'note': '登錄歷史建築'}]",其他設施,臺北市
53,20090721000001,十字軒糕餅舖,"{'code': 'A16', 'name': '產業'}",符合歷史建築登錄廢止審查及輔助辦法第2條第1項第1、2、4款評定基準,121.5115584,25.0556346,"{'itemNo': 1, 'cityName': '臺北市', 'distName': '大同區', 'address': '延平北路2段68號'}",臺北市政府文化局,文化資產科,臺北市信義區市府路1號4樓東北區,(02)2720-8889,"<a href=""http://nchdb.boch.gov.tw/assets/advanceSearch/historicalBuilding/20090721000001"" target=""_blank"">http://nchdb.boch.gov.tw/assets/advanceSearch/historicalBuilding/20090721000001</a>","[{'classification': '指定/登錄', 'officialDocNo': '北市文化二字第09830189600號', 'registerDate': '2009-07-21 00:00:00.0', 'note': '登錄歷史建築'}]",產業,臺北市
53,20090721000001,十字軒糕餅舖,"{'code': 'A3', 'name': '宅第'}",符合歷史建築登錄廢止審查及輔助辦法第2條第1項第1、2、4款評定基準,121.5115584,25.0556346,"{'itemNo': 1, 'cityName': '臺北市', 'distName': '大同區', 'address': '延平北路2段68號'}",臺北市政府文化局,文化資產科,臺北市信義區市府路1號4樓東北區,(02)2720-8889,"<a href=""http://nchdb.boch.gov.tw/assets/advanceSearch/historicalBuilding/20090721000001"" target=""_blank"">http://nchdb.boch.gov.tw/assets/advanceSearch/historicalBuilding/20090721000001</a>","[{'classification': '指定/登錄', 'officialDocNo': '北市文化二字第09830189600號', 'registerDate': '2009-07-21 00:00:00.0', 'note': '登錄歷史建築'}]",宅第,臺北市
54,20090205000002,清代機器局第一號工場遺構,"{'code': 'A16', 'name': '產業'}",<<歷史建築登錄廢止審查及輔助辦法>>第2條第1項第4款,121.5103103233969,25.05004612968471,"{'itemNo': 1, 'cityName': '臺北市', 'distName': '大同區', 'address': '塔城街西側與鄭州街交叉口'}",臺北市政府文化局,文化資產科,臺北市信義區市府路1號4樓東北區,(02)2720-8889,"<a href=""http://nchdb.boch.gov.tw/assets/advanceSearch/historicalBuilding/20090205000002"" target=""_blank"">http://nchdb.boch.gov.tw/assets/advanceSearch/historicalBuilding/20090205000002</a>","[{'classification': '指定/登錄', 'officialDocNo': '北市文化二字09830109700號', 'registerDate': '2009-02-05 00:00:00.0', 'note': '登錄歷史建築'}]",產業,臺北市
55,20090430000001,保安街84號順天外科醫院,"{'code': 'A3', 'name': '宅第'}",依據歷史建築登錄廢止審查及輔助辦法第2條第1項第1款及第4款登錄評定基準。,121.5118036,25.0588833,"{'itemNo': 1, 'cityName': '臺北市', 'distName': '大同區', 'address': '保安街84號'}",臺北市政府文化局,文化資產科,臺北市信義區市府路1號4樓東北區,(02)2720-8889,"<a href=""http://nchdb.boch.gov.tw/assets/advanceSearch/historicalBuilding/20090430000001"" target=""_blank"">http://nchdb.boch.gov.tw/assets/advanceSearch/historicalBuilding/20090430000001</a>","[{'classification': '指定/登錄', 'officialDocNo': '北市文化二字第09830144200號', 'registerDate': '2009-04-30 00:00:00.0', 'note': '登錄歷史建築'}]",宅第,臺北市
56,20090107000001,迪化街一段207號店屋(原廣和堂藥舖),"{'code': 'A3', 'name': '宅第'}",符合歷史建築登錄廢止審查及輔助辦法第2條第1項第1、2款規定。,121.5095801,25.0595253,"{'itemNo': 1, 'cityName': '臺北市', 'distName': '大同區', 'address': '迪化街1段207號'}",臺北市政府文化局,文化資產科,臺北市信義區市府路1號4樓東北區,(02)2720-8889,"<a href=""http://nchdb.boch.gov.tw/assets/advanceSearch/historicalBuilding/20090107000001"" target=""_blank"">http://nchdb.boch.gov.tw/assets/advanceSearch/historicalBuilding/20090107000001</a>","[{'classification': '指定/登錄', 'officialDocNo': '北市文化二字第09730251000號', 'registerDate': '2009-01-07 00:00:00.0', 'note': '無'}]",宅第,臺北市
57,20090107000002,迪化街1段186號店屋,"{'code': 'A3', 'name': '宅第'}",文化資產保存法、歷史建築登錄及廢止審查及輔助辦法第2條第1項第1、2、3、4款。,121.509531,25.0585699,"{'itemNo': 1, 'cityName': '臺北市', 'distName': '大同區', 'address': '迪化街1段186號'}",臺北市政府文化局,文化資產科,臺北市信義區市府路1號4樓東北區,(02)2720-8889,"<a href=""http://nchdb.boch.gov.tw/assets/advanceSearch/historicalBuilding/20090107000002"" target=""_blank"">http://nchdb.boch.gov.tw/assets/advanceSearch/historicalBuilding/20090107000002</a>","[{'classification': '指定/登錄', 'officialDocNo': '北市文化二字第09730250700號', 'registerDate': '2009-01-07 00:00:00.0', 'note': '登錄歷史建築'}]",宅第,臺北市
58,20090223000001,迪化街1段13號店屋,"{'code': 'A3', 'name': '宅第'}",文化資產保存法,121.510284,25.0541999,"{'itemNo': 1, 'cityName': '臺北市', 'distName': '大同區', 'address': '迪化街1段13號'}",臺北市政府文化局,文化資產科,臺北市信義區市府路1號4樓東北區,(02)2720-8889,"<a href=""http://nchdb.boch.gov.tw/assets/advanceSearch/historicalBuilding/20090223000001"" target=""_blank"">http://nchdb.boch.gov.tw/assets/advanceSearch/historicalBuilding/20090223000001</a>","[{'classification': '指定/登錄', 'officialDocNo': '北市文化二字第09830114200號', 'registerDate': '2009-02-23 00:00:00.0', 'note': '登錄'}]",宅第,臺北市
59,20090227000001,南京西路237號暨迪化街1段2、4、6號店屋,"{'code': 'A3', 'name': '宅第'}",文化資產保存法,121.5100372,25.0551047,"{'itemNo': 1, 'cityName': '臺北市', 'distName': '大同區', 'address': '南京西路237號'}",臺北市政府文化局,文化資產科,臺北市信義區市府路1號4樓東北區,(02)2720-8889,"<a href=""http://nchdb.boch.gov.tw/assets/advanceSearch/historicalBuilding/20090227000001"" target=""_blank"">http://nchdb.boch.gov.tw/assets/advanceSearch/historicalBuilding/20090227000001</a>","[{'classification': '指定/登錄', 'officialDocNo': '北市文化二字第09830115900號', 'registerDate': '2009-02-27 00:00:00.0', 'note': '無'}, {'classification': '變更/修正', 'officialDocNo': '北市文化文資字第10930188831號', 'registerDate': '2020-05-04 00:00:00.0', 'note': '新增迪化段三小段458-1、461、466地號'}]",宅第,臺北市
59,20090227000001,南京西路237號暨迪化街1段2、4、6號店屋,"{'code': 'A3', 'name': '宅第'}",文化資產保存法,121.5100372,25.0551047,"{'itemNo': 2, 'cityName': '臺北市', 'distName': '大同區', 'address': '迪化街1段2號'}",臺北市政府文化局,文化資產科,臺北市信義區市府路1號4樓東北區,(02)2720-8889,"<a href=""http://nchdb.boch.gov.tw/assets/advanceSearch/historicalBuilding/20090227000001"" target=""_blank"">http://nchdb.boch.gov.tw/assets/advanceSearch/historicalBuilding/20090227000001</a>","[{'classification': '指定/登錄', 'officialDocNo': '北市文化二字第09830115900號', 'registerDate': '2009-02-27 00:00:00.0', 'note': '無'}, {'classification': '變更/修正', 'officialDocNo': '北市文化文資字第10930188831號', 'registerDate': '2020-05-04 00:00:00.0', 'note': '新增迪化段三小段458-1、461、466地號'}]",宅第,臺北市
59,20090227000001,南京西路237號暨迪化街1段2、4、6號店屋,"{'code': 'A3', 'name': '宅第'}",文化資產保存法,121.5100372,25.0551047,"{'itemNo': 3, 'cityName': '臺北市', 'distName': '大同區', 'address': '迪化街1段4號'}",臺北市政府文化局,文化資產科,臺北市信義區市府路1號4樓東北區,(02)2720-8889,"<a href=""http://nchdb.boch.gov.tw/assets/advanceSearch/historicalBuilding/20090227000001"" target=""_blank"">http://nchdb.boch.gov.tw/assets/advanceSearch/historicalBuilding/20090227000001</a>","[{'classification': '指定/登錄', 'officialDocNo': '北市文化二字第09830115900號', 'registerDate': '2009-02-27 00:00:00.0', 'note': '無'}, {'classification': '變更/修正', 'officialDocNo': '北市文化文資字第10930188831號', 'registerDate': '2020-05-04 00:00:00.0', 'note': '新增迪化段三小段458-1、461、466地號'}]",宅第,臺北市
59,20090227000001,南京西路237號暨迪化街1段2、4、6號店屋,"{'code': 'A3', 'name': '宅第'}",文化資產保存法,121.5100372,25.0551047,"{'itemNo': 4, 'cityName': '臺北市', 'distName': '大同區', 'address': '迪化街1段6號'}",臺北市政府文化局,文化資產科,臺北市信義區市府路1號4樓東北區,(02)2720-8889,"<a href=""http://nchdb.boch.gov.tw/assets/advanceSearch/historicalBuilding/20090227000001"" target=""_blank"">http://nchdb.boch.gov.tw/assets/advanceSearch/historicalBuilding/20090227000001</a>","[{'classification': '指定/登錄', 'officialDocNo': '北市文化二字第09830115900號', 'registerDate': '2009-02-27 00:00:00.0', 'note': '無'}, {'classification': '變更/修正', 'officialDocNo': '北市文化文資字第10930188831號', 'registerDate': '2020-05-04 00:00:00.0', 'note': '新增迪化段三小段458-1、461、466地號'}]",宅第,臺北市
60,20080623000001,迪化街1段202號店屋,"{'code': 'A3', 'name': '宅第'}",符合歷史建築登錄廢止審查及輔助辦法第2條第1項第1款、第2款登錄評定基準。,121.509461,25.059003,"{'itemNo': 1, 'cityName': '臺北市', 'distName': '大同區', 'address': '迪化街1段202號'}",臺北市政府文化局,文化資產科,臺北市信義區市府路1號4樓東北區,(02)2720-8889,"<a href=""http://nchdb.boch.gov.tw/assets/advanceSearch/historicalBuilding/20080623000001"" target=""_blank"">http://nchdb.boch.gov.tw/assets/advanceSearch/historicalBuilding/20080623000001</a>","[{'classification': '指定/登錄', 'officialDocNo': '北市文化二字第09730172400號', 'registerDate': '2008-06-23 00:00:00.0', 'note': '登錄歷史建築'}]",宅第,臺北市
61,20080625000001,泰興漆行,"{'code': 'A3', 'name': '宅第'}",符合歷史建築紀念建築登陸廢止審查及輔助辦法第2條第1項第1款、第2款、第3款、第4款登錄評定基準。,121.509446,25.059936,"{'itemNo': 1, 'cityName': '臺北市', 'distName': '大同區', 'address': '迪化街1段227號'}",臺北市政府文化局,文化資產科,臺北市信義區市府路1號4樓東北區,(02)2720-8889,"<a href=""http://nchdb.boch.gov.tw/assets/advanceSearch/historicalBuilding/20080625000001"" target=""_blank"">http://nchdb.boch.gov.tw/assets/advanceSearch/historicalBuilding/20080625000001</a>","[{'classification': '指定/登錄', 'officialDocNo': '北市文化二字第09730172500號', 'registerDate': '2008-06-25 00:00:00.0', 'note': '登錄歷史建築'}]",宅第,臺北市
61,20080625000001,泰興漆行,"{'code': 'A3', 'name': '宅第'}",符合歷史建築紀念建築登陸廢止審查及輔助辦法第2條第1項第1款、第2款、第3款、第4款登錄評定基準。,121.509446,25.059936,"{'itemNo': 2, 'cityName': '臺北市', 'distName': '大同區', 'address': '安西街70號'}",臺北市政府文化局,文化資產科,臺北市信義區市府路1號4樓東北區,(02)2720-8889,"<a href=""http://nchdb.boch.gov.tw/assets/advanceSearch/historicalBuilding/20080625000001"" target=""_blank"">http://nchdb.boch.gov.tw/assets/advanceSearch/historicalBuilding/20080625000001</a>","[{'classification': '指定/登錄', 'officialDocNo': '北市文化二字第09730172500號', 'registerDate': '2008-06-25 00:00:00.0', 'note': '登錄歷史建築'}]",宅第,臺北市
62,20080808000001,安西街周宅,"{'code': 'A3', 'name': '宅第'}",符合歷史建築紀念建築登錄廢止審查及輔助辦法第2條第1項第3款、第4款登錄評定基準。,121.510279,25.0592018,"{'itemNo': 1, 'cityName': '臺北市', 'distName': '大同區', 'address': '安西街1巷5號'}",臺北市政府文化局,文化資產科,臺北市信義區市府路1號4樓東北區,(02)2720-8889,"<a href=""http://nchdb.boch.gov.tw/assets/advanceSearch/historicalBuilding/20080808000001"" target=""_blank"">http://nchdb.boch.gov.tw/assets/advanceSearch/historicalBuilding/20080808000001</a>","[{'classification': '指定/登錄', 'officialDocNo': '北市文化二字第09730183500號', 'registerDate': '2008-08-08 00:00:00.0', 'note': '登錄歷史建築'}]",宅第,臺北市
63,20080917000001,迪化街1段198號店屋,"{'code': 'A3', 'name': '宅第'}",<<歷史建築登錄廢止審查及輔助辦法>>第2條第1項第3、4款,121.5095108,25.0589342,"{'itemNo': 1, 'cityName': '臺北市', 'distName': '大同區', 'address': '迪化街1段198號'}",臺北市政府文化局,文化資產科,臺北市信義區市府路1號4樓東北區,(02)2720-8889,"<a href=""http://nchdb.boch.gov.tw/assets/advanceSearch/historicalBuilding/20080917000001"" target=""_blank"">http://nchdb.boch.gov.tw/assets/advanceSearch/historicalBuilding/20080917000001</a>","[{'classification': '指定/登錄', 'officialDocNo': '北市文化二字第09730204200號', 'registerDate': '2008-09-17 00:00:00.0', 'note': '登錄歷史建築'}]",宅第,臺北市
64,20080917000002,六館街尾洋式店屋（南京西路241、243、245、247、 249、251號）,"{'code': 'A99', 'name': '其他設施', 'other': '洋式店屋'}",文化資產保存法,121.5100757,25.0536656,"{'itemNo': 1, 'cityName': '臺北市', 'distName': '大同區', 'address': '南京西路241號'}",臺北市政府文化局,文化資產科,臺北市信義區市府路1號4樓東北區,(02)2720-8889,"<a href=""http://nchdb.boch.gov.tw/assets/advanceSearch/historicalBuilding/20080917000002"" target=""_blank"">http://nchdb.boch.gov.tw/assets/advanceSearch/historicalBuilding/20080917000002</a>","[{'classification': '指定/登錄', 'officialDocNo': '北市文化二字第09730198100號', 'registerDate': '2008-09-17 00:00:00.0', 'note': '登錄'}]",其他設施,臺北市
64,20080917000002,六館街尾洋式店屋（南京西路241、243、245、247、 249、251號）,"{'code': 'A99', 'name': '其他設施', 'other': '洋式店屋'}",文化資產保存法,121.5100757,25.0536656,"{'itemNo': 2, 'cityName': '臺北市', 'distName': '大同區', 'address': '南京西路243號'}",臺北市政府文化局,文化資產科,臺北市信義區市府路1號4樓東北區,(02)2720-8889,"<a href=""http://nchdb.boch.gov.tw/assets/advanceSearch/historicalBuilding/20080917000002"" target=""_blank"">http://nchdb.boch.gov.tw/assets/advanceSearch/historicalBuilding/20080917000002</a>","[{'classification': '指定/登錄', 'officialDocNo': '北市文化二字第09730198100號', 'registerDate': '2008-09-17 00:00:00.0', 'note': '登錄'}]",其他設施,臺北市
64,20080917000002,六館街尾洋式店屋（南京西路241、243、245、247、 249、251號）,"{'code': 'A99', 'name': '其他設施', 'other': '洋式店屋'}",文化資產保存法,121.5100757,25.0536656,"{'itemNo': 3, 'cityName': '臺北市', 'distName': '大同區', 'address': '南京西路245號'}",臺北市政府文化局,文化資產科,臺北市信義區市府路1號4樓東北區,(02)2720-8889,"<a href=""http://nchdb.boch.gov.tw/assets/advanceSearch/historicalBuilding/20080917000002"" target=""_blank"">http://nchdb.boch.gov.tw/assets/advanceSearch/historicalBuilding/20080917000002</a>","[{'classification': '指定/登錄', 'officialDocNo': '北市文化二字第09730198100號', 'registerDate': '2008-09-17 00:00:00.0', 'note': '登錄'}]",其他設施,臺北市
64,20080917000002,六館街尾洋式店屋（南京西路241、243、245、247、 249、251號）,"{'code': 'A99', 'name': '其他設施', 'other': '洋式店屋'}",文化資產保存法,121.5100757,25.0536656,"{'itemNo': 4, 'cityName': '臺北市', 'distName': '大同區', 'address': '南京西路247號'}",臺北市政府文化局,文化資產科,臺北市信義區市府路1號4樓東北區,(02)2720-8889,"<a href=""http://nchdb.boch.gov.tw/assets/advanceSearch/historicalBuilding/20080917000002"" target=""_blank"">http://nchdb.boch.gov.tw/assets/advanceSearch/historicalBuilding/20080917000002</a>","[{'classification': '指定/登錄', 'officialDocNo': '北市文化二字第09730198100號', 'registerDate': '2008-09-17 00:00:00.0', 'note': '登錄'}]",其他設施,臺北市
64,20080917000002,六館街尾洋式店屋（南京西路241、243、245、247、 249、251號）,"{'code': 'A99', 'name': '其他設施', 'other': '洋式店屋'}",文化資產保存法,121.5100757,25.0536656,"{'itemNo': 5, 'cityName': '臺北市', 'distName': '大同區', 'address': '南京西路249號'}",臺北市政府文化局,文化資產科,臺北市信義區市府路1號4樓東北區,(02)2720-8889,"<a href=""http://nchdb.boch.gov.tw/assets/advanceSearch/historicalBuilding/20080917000002"" target=""_blank"">http://nchdb.boch.gov.tw/assets/advanceSearch/historicalBuilding/20080917000002</a>","[{'classification': '指定/登錄', 'officialDocNo': '北市文化二字第09730198100號', 'registerDate': '2008-09-17 00:00:00.0', 'note': '登錄'}]",其他設施,臺北市
64,20080917000002,六館街尾洋式店屋（南京西路241、243、245、247、 249、251號）,"{'code': 'A99', 'name': '其他設施', 'other': '洋式店屋'}",文化資產保存法,121.5100757,25.0536656,"{'itemNo': 6, 'cityName': '臺北市', 'distName': '大同區', 'address': '南京西路251號'}",臺北市政府文化局,文化資產科,臺北市信義區市府路1號4樓東北區,(02)2720-8889,"<a href=""http://nchdb.boch.gov.tw/assets/advanceSearch/historicalBuilding/20080917000002"" target=""_blank"">http://nchdb.boch.gov.tw/assets/advanceSearch/historicalBuilding/20080917000002</a>","[{'classification': '指定/登錄', 'officialDocNo': '北市文化二字第09730198100號', 'registerDate': '2008-09-17 00:00:00.0', 'note': '登錄'}]",其他設施,臺北市
65,20070502000001,迪化街1段278號店屋,"{'code': 'A3', 'name': '宅第'}",文化資產保存法,121.5092488,25.0609297,"{'itemNo': 1, 'cityName': '臺北市', 'distName': '大同區', 'address': '迪化街1段278號'}",臺北市政府文化局,文化資產科,臺北市信義區市府路1號4樓東北區,(02)2720-8889,"<a href=""http://nchdb.boch.gov.tw/assets/advanceSearch/historicalBuilding/20070502000001"" target=""_blank"">http://nchdb.boch.gov.tw/assets/advanceSearch/historicalBuilding/20070502000001</a>","[{'classification': '指定/登錄', 'officialDocNo': '北市府文化二字09630250900號', 'registerDate': '2007-05-02 00:00:00.0', 'note': '登錄歷史建築'}]",宅第,臺北市
66,20070524000001,迪化街一段200號店屋,"{'code': 'A3', 'name': '宅第'}",文化資產保存法第15條、歷史建築登錄廢止審查及輔助辦法。,121.509454,25.058964,"{'itemNo': 1, 'cityName': '臺北市', 'distName': '大同區', 'address': '迪化街1段200號'}",臺北市政府文化局,文化資產科,臺北市信義區市府路1號4樓東北區,(02)2720-8889,"<a href=""http://nchdb.boch.gov.tw/assets/advanceSearch/historicalBuilding/20070524000001"" target=""_blank"">http://nchdb.boch.gov.tw/assets/advanceSearch/historicalBuilding/20070524000001</a>","[{'classification': '指定/登錄', 'officialDocNo': '北市府文化二字09630262400', 'registerDate': '2007-05-24 00:00:00.0', 'note': '登錄歷史建築'}]",宅第,臺北市
67,20070611000001,迪化街1段274號店屋,"{'code': 'A3', 'name': '宅第'}",依文化資產保存法,121.50926,25.0608552,"{'itemNo': 1, 'cityName': '臺北市', 'distName': '大同區', 'address': '迪化街1段274號'}",臺北市政府文化局,文化資產科,臺北市信義區市府路1號4樓東北區,(02)2720-8889,"<a href=""http://nchdb.boch.gov.tw/assets/advanceSearch/historicalBuilding/20070611000001"" target=""_blank"">http://nchdb.boch.gov.tw/assets/advanceSearch/historicalBuilding/20070611000001</a>","[{'classification': '指定/登錄', 'officialDocNo': '北市府文化二字09630273200號', 'registerDate': '2007-06-11 00:00:00.0', 'note': '登錄歷史建築'}]",宅第,臺北市
68,20080923000001,延平北路1段149及151號店屋（太和堂藥房）,"{'code': 'A3', 'name': '宅第'}",符合歷史建築登錄廢止審查及輔助辦法第2條第1項第1、2、3、4款評定基準,121.5118929,25.0535945,"{'itemNo': 1, 'cityName': '臺北市', 'distName': '大同區', 'address': '延平北路1段149號'}",臺北市政府文化局,文化資產科,臺北市信義區市府路1號4樓東北區,(02)2720-8889,"<a href=""http://nchdb.boch.gov.tw/assets/advanceSearch/historicalBuilding/20080923000001"" target=""_blank"">http://nchdb.boch.gov.tw/assets/advanceSearch/historicalBuilding/20080923000001</a>","[{'classification': '指定/登錄', 'officialDocNo': '北市文化二字第09730204300號', 'registerDate': '2008-09-23 00:00:00.0', 'note': '登錄歷史建築'}, {'classification': '變更/修正', 'officialDocNo': '北市文化二字第09830186800號', 'registerDate': '2009-10-02 00:00:00.0', 'note': '修正定著土地及面積'}]",宅第,臺北市
68,20080923000001,延平北路1段149及151號店屋（太和堂藥房）,"{'code': 'A3', 'name': '宅第'}",符合歷史建築登錄廢止審查及輔助辦法第2條第1項第1、2、3、4款評定基準,121.5118929,25.0535945,"{'itemNo': 2, 'cityName': '臺北市', 'distName': '大同區', 'address': '延平北路1段151號'}",臺北市政府文化局,文化資產科,臺北市信義區市府路1號4樓東北區,(02)2720-8889,"<a href=""http://nchdb.boch.gov.tw/assets/advanceSearch/historicalBuilding/20080923000001"" target=""_blank"">http://nchdb.boch.gov.tw/assets/advanceSearch/historicalBuilding/20080923000001</a>","[{'classification': '指定/登錄', 'officialDocNo': '北市文化二字第09730204300號', 'registerDate': '2008-09-23 00:00:00.0', 'note': '登錄歷史建築'}, {'classification': '變更/修正', 'officialDocNo': '北市文化二字第09830186800號', 'registerDate': '2009-10-02 00:00:00.0', 'note': '修正定著土地及面積'}]",宅第,臺北市
69,20080415000001,張協成石廠,"{'code': 'A3', 'name': '宅第'}",符合歷史建築登錄廢止審查及輔助辦法第2條第1、3、4款評定基準,121.509236,25.061031,"{'itemNo': 1, 'cityName': '臺北市', 'distName': '大同區', 'address': '迪化街1段282號'}",臺北市政府文化局,文化資產科,臺北市信義區市府路1號4樓東北區,(02)2720-8889,"<a href=""http://nchdb.boch.gov.tw/assets/advanceSearch/historicalBuilding/20080415000001"" target=""_blank"">http://nchdb.boch.gov.tw/assets/advanceSearch/historicalBuilding/20080415000001</a>","[{'classification': '指定/登錄', 'officialDocNo': '北市文化二字第09730147600號', 'registerDate': '2008-04-15 00:00:00.0', 'note': '登錄歷史建築'}]",宅第,臺北市
70,20060517000001,波麗路餐廳,"{'code': 'A18', 'name': '商店'}",符合歷史建築紀念建築登錄廢止審查及輔助辦法第2條第1項第3款登錄基準。,121.511967,25.056878,"{'itemNo': 1, 'cityName': '臺北市', 'distName': '大同區', 'address': '民生西路314號'}",臺北市政府文化局,文化資產科,臺北市信義區市府路1號4樓東北區,(02)2720-8889,"<a href=""http://nchdb.boch.gov.tw/assets/advanceSearch/historicalBuilding/20060517000001"" target=""_blank"">http://nchdb.boch.gov.tw/assets/advanceSearch/historicalBuilding/20060517000001</a>","[{'classification': '變更/修正', 'officialDocNo': '北市文化文資字第10760200701號', 'registerDate': '2018-09-06 00:00:00.0', 'note': '新增同地段68-1地號，廢止原先公告之保存範圍與定著地號'}, {'classification': '指定/登錄', 'officialDocNo': '府文化二字第09530253600號', 'registerDate': '2006-05-17 00:00:00.0', 'note': '登錄歷史建築'}]",商店,臺北市
71,20060517000002,迪化街1段67號店屋,"{'code': 'A3', 'name': '宅第'}",文化資產保存法,121.5100371,25.0559319,"{'itemNo': 1, 'cityName': '臺北市', 'distName': '大同區', 'address': '迪化街1段67號'}",臺北市政府文化局,文化資產科,臺北市信義區市府路1號4樓東北區,(02)2720-8889,"<a href=""http://nchdb.boch.gov.tw/assets/advanceSearch/historicalBuilding/20060517000002"" target=""_blank"">http://nchdb.boch.gov.tw/assets/advanceSearch/historicalBuilding/20060517000002</a>","[{'classification': '指定/登錄', 'officialDocNo': '府文化二字第09530253600', 'registerDate': '2006-05-17 00:00:00.0', 'note': '登錄歷史建築'}]",宅第,臺北市
72,20060517000003,迪化街1段156號店屋,"{'code': 'A3', 'name': '宅第'}",文化資產保存法,121.5096729,25.0579048,"{'itemNo': 1, 'cityName': '臺北市', 'distName': '大同區', 'address': '迪化街1段156號'}",臺北市政府文化局,文化資產科,臺北市信義區市府路1號4樓東北區,(02)2720-8889,"<a href=""http://nchdb.boch.gov.tw/assets/advanceSearch/historicalBuilding/20060517000003"" target=""_blank"">http://nchdb.boch.gov.tw/assets/advanceSearch/historicalBuilding/20060517000003</a>","[{'classification': '指定/登錄', 'officialDocNo': '府文化二字第09530253600', 'registerDate': '2006-05-17 00:00:00.0', 'note': '登錄歷史建築'}]",宅第,臺北市
73,20061220000003,大龍國小,"{'code': 'A99', 'name': '其他設施', 'other': '具有歷史、文化、藝術價值之建造物'}",符合歷史建築登錄廢止審查及輔助辦法第2條第1項第1、4款評定基準,121.5166925,25.073409,"{'itemNo': 1, 'cityName': '臺北市', 'distName': '大同區', 'address': '哈密街47號'}",臺北市政府文化局,文化資產科,臺北市信義區市府路1號4樓東北區,(02)2720-8889,"<a href=""http://nchdb.boch.gov.tw/assets/advanceSearch/historicalBuilding/20061220000003"" target=""_blank"">http://nchdb.boch.gov.tw/assets/advanceSearch/historicalBuilding/20061220000003</a>","[{'classification': '指定/登錄', 'officialDocNo': '府文化二字第09530346000號', 'registerDate': '2006-12-20 00:00:00.0', 'note': '登錄歷史建築'}]",其他設施,臺北市
74,20070122000003,鐵路局局長宿舍,"{'code': 'A3', 'name': '宅第'}",依據文化資產保存法第15條、歷史建築登錄廢止審查及輔助辦法第2條第1款評定基準。,121.5090432,25.0495494,"{'itemNo': 1, 'cityName': '臺北市', 'distName': '大同區', 'address': '鄭州路38巷7號'}",臺北市政府文化局,文化資產科,臺北市信義區市府路1號4樓東北區,(02)2720-8889,"<a href=""http://nchdb.boch.gov.tw/assets/advanceSearch/historicalBuilding/20070122000003"" target=""_blank"">http://nchdb.boch.gov.tw/assets/advanceSearch/historicalBuilding/20070122000003</a>","[{'classification': '指定/登錄', 'officialDocNo': '北市文化二字第09630203700號', 'registerDate': '2007-01-22 00:00:00.0', 'note': ' 登錄歷史建築'}]",宅第,臺北市
75,20060217000001,迪化街1段79號店屋,"{'code': 'A3', 'name': '宅第'}",文化資產保存法,121.5100113,25.0562186,"{'itemNo': 1, 'cityName': '臺北市', 'distName': '大同區', 'address': '迪化街1段79號'}",臺北市政府文化局,文化資產科,臺北市信義區市府路1號4樓東北區,(02)2720-8889,"<a href=""http://nchdb.boch.gov.tw/assets/advanceSearch/historicalBuilding/20060217000001"" target=""_blank"">http://nchdb.boch.gov.tw/assets/advanceSearch/historicalBuilding/20060217000001</a>","[{'classification': '指定/登錄', 'officialDocNo': '府文化二字第09530213700號', 'registerDate': '2006-02-17 00:00:00.0', 'note': '登錄歷史建築'}]",宅第,臺北市
76,20060217000002,迪化街1段85號店屋,"{'code': 'A3', 'name': '宅第'}",文化資產保存法,121.5099923,25.0563768,"{'itemNo': 1, 'cityName': '臺北市', 'distName': '大同區', 'address': '迪化街1段85號'}",臺北市政府文化局,文化資產科,臺北市信義區市府路1號4樓東北區,(02)2720-8889,"<a href=""http://nchdb.boch.gov.tw/assets/advanceSearch/historicalBuilding/20060217000002"" target=""_blank"">http://nchdb.boch.gov.tw/assets/advanceSearch/historicalBuilding/20060217000002</a>","[{'classification': '指定/登錄', 'officialDocNo': '府文化二字第09530213700號', 'registerDate': '2006-02-17 00:00:00.0', 'note': '登錄歷史建築'}]",宅第,臺北市
77,20060217000003,迪化街1段174號店屋,"{'code': 'A3', 'name': '宅第'}",文化資產保存法第15條及歷史建築登錄及廢止審查辦法。,121.509562,25.058351,"{'itemNo': 1, 'cityName': '臺北市', 'distName': '大同區', 'address': '迪化街1段174號'}",臺北市政府文化局,文化資產科,臺北市信義區市府路1號4樓東北區,(02)2720-8889,"<a href=""http://nchdb.boch.gov.tw/assets/advanceSearch/historicalBuilding/20060217000003"" target=""_blank"">http://nchdb.boch.gov.tw/assets/advanceSearch/historicalBuilding/20060217000003</a>","[{'classification': '指定/登錄', 'officialDocNo': '府文化二字第09530213700號', 'registerDate': '2006-02-17 00:00:00.0', 'note': '登錄歷史建築'}]",宅第,臺北市
78,20060217000004,迪化街1段178號店屋,"{'code': 'A3', 'name': '宅第'}",文化資產保存法第15條、歷史建築登錄及廢止審查辦法。,121.509551,25.058425,"{'itemNo': 1, 'cityName': '臺北市', 'distName': '大同區', 'address': '迪化街1段178號'}",臺北市政府文化局,文化資產科,臺北市信義區市府路1號4樓東北區,(02)2720-8889,"<a href=""http://nchdb.boch.gov.tw/assets/advanceSearch/historicalBuilding/20060217000004"" target=""_blank"">http://nchdb.boch.gov.tw/assets/advanceSearch/historicalBuilding/20060217000004</a>","[{'classification': '指定/登錄', 'officialDocNo': '府文化二字第09530213700號', 'registerDate': '2006-02-17 00:00:00.0', 'note': '登錄歷史建築'}]",宅第,臺北市
79,20060217000005,迪化街1段181號店屋,"{'code': 'A3', 'name': '宅第'}",文化資產保存法第15條與歷史建築登錄及廢止審查辦法,121.5096122,25.0589893,"{'itemNo': 1, 'cityName': '臺北市', 'distName': '大同區', 'address': '迪化街1段181號'}",臺北市政府文化局,文化資產科,臺北市信義區市府路1號4樓東北區,(02)2720-8889,"<a href=""http://nchdb.boch.gov.tw/assets/advanceSearch/historicalBuilding/20060217000005"" target=""_blank"">http://nchdb.boch.gov.tw/assets/advanceSearch/historicalBuilding/20060217000005</a>","[{'classification': '指定/登錄', 'officialDocNo': '府文化二字第09530213700號', 'registerDate': '2006-02-17 00:00:00.0', 'note': '登錄歷史建築'}]",宅第,臺北市
80,20060217000006,迪化街1段183號店屋,"{'code': 'A3', 'name': '宅第'}",文化資產保存法第15條及歷史建築登錄及廢止審查辦法,121.5096078,25.0590321,"{'itemNo': 1, 'cityName': '臺北市', 'distName': '大同區', 'address': '迪化街1段183號'}",臺北市政府文化局,文化資產科,臺北市信義區市府路1號4樓東北區,(02)2720-8889,"<a href=""http://nchdb.boch.gov.tw/assets/advanceSearch/historicalBuilding/20060217000006"" target=""_blank"">http://nchdb.boch.gov.tw/assets/advanceSearch/historicalBuilding/20060217000006</a>","[{'classification': '指定/登錄', 'officialDocNo': '府文化二字第09530213700號', 'registerDate': '2006-02-17 00:00:00.0', 'note': '登錄歷史建築'}]",宅第,臺北市
81,20060220000001,原專賣局臺北後站倉庫,"{'code': 'A99', 'name': '其他設施', 'other': ''}",文化資產保存法,121.516088,25.049189,"{'itemNo': 1, 'cityName': '臺北市', 'distName': '大同區', 'address': '承德路4號'}",臺北市政府文化局,文化資產科,臺北市信義區市府路1號4樓東北區,(02)2720-8889,"<a href=""http://nchdb.boch.gov.tw/assets/advanceSearch/historicalBuilding/20060220000001"" target=""_blank"">http://nchdb.boch.gov.tw/assets/advanceSearch/historicalBuilding/20060220000001</a>","[{'classification': '指定/登錄', 'officialDocNo': '府文化二字第 09530214200號', 'registerDate': '2006-02-20 00:00:00.0', 'note': '登錄歷史建築'}]",其他設施,臺北市
81,20060220000001,原專賣局臺北後站倉庫,"{'code': 'A16', 'name': '產業'}",文化資產保存法,121.516088,25.049189,"{'itemNo': 1, 'cityName': '臺北市', 'distName': '大同區', 'address': '承德路4號'}",臺北市政府文化局,文化資產科,臺北市信義區市府路1號4樓東北區,(02)2720-8889,"<a href=""http://nchdb.boch.gov.tw/assets/advanceSearch/historicalBuilding/20060220000001"" target=""_blank"">http://nchdb.boch.gov.tw/assets/advanceSearch/historicalBuilding/20060220000001</a>","[{'classification': '指定/登錄', 'officialDocNo': '府文化二字第 09530214200號', 'registerDate': '2006-02-20 00:00:00.0', 'note': '登錄歷史建築'}]",產業,臺北市
82,20050725000001,大千百貨,"{'code': 'A99', 'name': '其他設施', 'other': '建築物類'}",歷史建築登錄廢止審查及輔助辦法,121.512209,25.054316,"{'itemNo': 1, 'cityName': '臺北市', 'distName': '大同區', 'address': '延平北路2段3號'}",臺北市政府文化局,文化資產科,臺北市信義區市府路1號4樓東北區,(02)2720-8889,"<a href=""http://nchdb.boch.gov.tw/assets/advanceSearch/historicalBuilding/20050725000001"" target=""_blank"">http://nchdb.boch.gov.tw/assets/advanceSearch/historicalBuilding/20050725000001</a>","[{'classification': '指定/登錄', 'officialDocNo': '府文化二字第09406165900號', 'registerDate': '2005-07-25 00:00:00.0', 'note': '登錄歷史建築'}, {'classification': '變更/修正', 'officialDocNo': '北市文化二字第10030385700號', 'registerDate': '2011-09-26 00:00:00.0', 'note': '變更保存範圍'}]",其他設施,臺北市
82,20050725000001,大千百貨,"{'code': 'A99', 'name': '其他設施', 'other': '建築物類'}",歷史建築登錄廢止審查及輔助辦法,121.512209,25.054316,"{'itemNo': 2, 'cityName': '臺北市', 'distName': '大同區', 'address': '延平北路2段5號'}",臺北市政府文化局,文化資產科,臺北市信義區市府路1號4樓東北區,(02)2720-8889,"<a href=""http://nchdb.boch.gov.tw/assets/advanceSearch/historicalBuilding/20050725000001"" target=""_blank"">http://nchdb.boch.gov.tw/assets/advanceSearch/historicalBuilding/20050725000001</a>","[{'classification': '指定/登錄', 'officialDocNo': '府文化二字第09406165900號', 'registerDate': '2005-07-25 00:00:00.0', 'note': '登錄歷史建築'}, {'classification': '變更/修正', 'officialDocNo': '北市文化二字第10030385700號', 'registerDate': '2011-09-26 00:00:00.0', 'note': '變更保存範圍'}]",其他設施,臺北市
82,20050725000001,大千百貨,"{'code': 'A99', 'name': '其他設施', 'other': '建築物類'}",歷史建築登錄廢止審查及輔助辦法,121.512209,25.054316,"{'itemNo': 3, 'cityName': '臺北市', 'distName': '大同區', 'address': '延平北路2段7號'}",臺北市政府文化局,文化資產科,臺北市信義區市府路1號4樓東北區,(02)2720-8889,"<a href=""http://nchdb.boch.gov.tw/assets/advanceSearch/historicalBuilding/20050725000001"" target=""_blank"">http://nchdb.boch.gov.tw/assets/advanceSearch/historicalBuilding/20050725000001</a>","[{'classification': '指定/登錄', 'officialDocNo': '府文化二字第09406165900號', 'registerDate': '2005-07-25 00:00:00.0', 'note': '登錄歷史建築'}, {'classification': '變更/修正', 'officialDocNo': '北市文化二字第10030385700號', 'registerDate': '2011-09-26 00:00:00.0', 'note': '變更保存範圍'}]",其他設施,臺北市
82,20050725000001,大千百貨,"{'code': 'A99', 'name': '其他設施', 'other': '建築物類'}",歷史建築登錄廢止審查及輔助辦法,121.512209,25.054316,"{'itemNo': 4, 'cityName': '臺北市', 'distName': '大同區', 'address': '延平北路2段9號'}",臺北市政府文化局,文化資產科,臺北市信義區市府路1號4樓東北區,(02)2720-8889,"<a href=""http://nchdb.boch.gov.tw/assets/advanceSearch/historicalBuilding/20050725000001"" target=""_blank"">http://nchdb.boch.gov.tw/assets/advanceSearch/historicalBuilding/20050725000001</a>","[{'classification': '指定/登錄', 'officialDocNo': '府文化二字第09406165900號', 'registerDate': '2005-07-25 00:00:00.0', 'note': '登錄歷史建築'}, {'classification': '變更/修正', 'officialDocNo': '北市文化二字第10030385700號', 'registerDate': '2011-09-26 00:00:00.0', 'note': '變更保存範圍'}]",其他設施,臺北市
82,20050725000001,大千百貨,"{'code': 'A99', 'name': '其他設施', 'other': '建築物類'}",歷史建築登錄廢止審查及輔助辦法,121.512209,25.054316,"{'itemNo': 5, 'cityName': '臺北市', 'distName': '大同區', 'address': '延平北路2段11號'}",臺北市政府文化局,文化資產科,臺北市信義區市府路1號4樓東北區,(02)2720-8889,"<a href=""http://nchdb.boch.gov.tw/assets/advanceSearch/historicalBuilding/20050725000001"" target=""_blank"">http://nchdb.boch.gov.tw/assets/advanceSearch/historicalBuilding/20050725000001</a>","[{'classification': '指定/登錄', 'officialDocNo': '府文化二字第09406165900號', 'registerDate': '2005-07-25 00:00:00.0', 'note': '登錄歷史建築'}, {'classification': '變更/修正', 'officialDocNo': '北市文化二字第10030385700號', 'registerDate': '2011-09-26 00:00:00.0', 'note': '變更保存範圍'}]",其他設施,臺北市
82,20050725000001,大千百貨,"{'code': 'A99', 'name': '其他設施', 'other': '建築物類'}",歷史建築登錄廢止審查及輔助辦法,121.512209,25.054316,"{'itemNo': 6, 'cityName': '臺北市', 'distName': '大同區', 'address': '南京西路185巷6-1號'}",臺北市政府文化局,文化資產科,臺北市信義區市府路1號4樓東北區,(02)2720-8889,"<a href=""http://nchdb.boch.gov.tw/assets/advanceSearch/historicalBuilding/20050725000001"" target=""_blank"">http://nchdb.boch.gov.tw/assets/advanceSearch/historicalBuilding/20050725000001</a>","[{'classification': '指定/登錄', 'officialDocNo': '府文化二字第09406165900號', 'registerDate': '2005-07-25 00:00:00.0', 'note': '登錄歷史建築'}, {'classification': '變更/修正', 'officialDocNo': '北市文化二字第10030385700號', 'registerDate': '2011-09-26 00:00:00.0', 'note': '變更保存範圍'}]",其他設施,臺北市
83,20071116000001,涼州街108號店屋,"{'code': 'A3', 'name': '宅第'}",文化資產保存法、歷史建築登錄廢止審查及輔助辦法第2條第1項第2、第3及第4款登錄評定基準。,121.509756,25.060504,"{'itemNo': 1, 'cityName': '臺北市', 'distName': '大同區', 'address': '涼州街108號'}",臺北市政府文化局,文化資產科,臺北市信義區市府路1號4樓東北區,(02)2720-8889,"<a href=""http://nchdb.boch.gov.tw/assets/advanceSearch/historicalBuilding/20071116000001"" target=""_blank"">http://nchdb.boch.gov.tw/assets/advanceSearch/historicalBuilding/20071116000001</a>","[{'classification': '指定/登錄', 'officialDocNo': '北市文化二字第09630352300號', 'registerDate': '2007-11-16 00:00:00.0', 'note': '歷史建築'}]",宅第,臺北市
84,20071231000001,太平町店屋--延平北路2段79號,"{'code': 'A3', 'name': '宅第'}",文化資產保存法,121.5117644,25.0560451,"{'itemNo': 1, 'cityName': '臺北市', 'distName': '大同區', 'address': '延平北路2段79號'}",臺北市政府文化局,文化資產科,臺北市信義區市府路1號4樓東北區,(02)2720-8889,"<a href=""http://nchdb.boch.gov.tw/assets/advanceSearch/historicalBuilding/20071231000001"" target=""_blank"">http://nchdb.boch.gov.tw/assets/advanceSearch/historicalBuilding/20071231000001</a>","[{'classification': '指定/登錄', 'officialDocNo': '北市文化二字09630357000號', 'registerDate': '2007-12-31 00:00:00.0', 'note': '登錄歷史建築'}]",宅第,臺北市
85,20070920000001,黑美人大酒家,"{'code': 'A99', 'name': '其他設施', 'other': '歷史建築'}",符合歷史建築登錄廢止審查及輔助辦法第2條第1項第1、4款評定基準,121.51184426268246,25.054071591505018,"{'itemNo': 1, 'cityName': '臺北市', 'distName': '大同區', 'address': '延平北路2段1號'}",臺北市政府文化局,文化資產科,臺北市信義區市府路1號4樓東北區,(02)2720-8889,"<a href=""http://nchdb.boch.gov.tw/assets/advanceSearch/historicalBuilding/20070920000001"" target=""_blank"">http://nchdb.boch.gov.tw/assets/advanceSearch/historicalBuilding/20070920000001</a>","[{'classification': '指定/登錄', 'officialDocNo': '北市文化二字第09630325100號', 'registerDate': '2007-09-20 00:00:00.0', 'note': '登錄歷史建築'}]",其他設施,臺北市
85,20070920000001,黑美人大酒家,"{'code': 'A99', 'name': '其他設施', 'other': '歷史建築'}",符合歷史建築登錄廢止審查及輔助辦法第2條第1項第1、4款評定基準,121.51184426268246,25.054071591505018,"{'itemNo': 2, 'cityName': '臺北市', 'distName': '大同區', 'address': '延平北路2段3號'}",臺北市政府文化局,文化資產科,臺北市信義區市府路1號4樓東北區,(02)2720-8889,"<a href=""http://nchdb.boch.gov.tw/assets/advanceSearch/historicalBuilding/20070920000001"" target=""_blank"">http://nchdb.boch.gov.tw/assets/advanceSearch/historicalBuilding/20070920000001</a>","[{'classification': '指定/登錄', 'officialDocNo': '北市文化二字第09630325100號', 'registerDate': '2007-09-20 00:00:00.0', 'note': '登錄歷史建築'}]",其他設施,臺北市
85,20070920000001,黑美人大酒家,"{'code': 'A99', 'name': '其他設施', 'other': '歷史建築'}",符合歷史建築登錄廢止審查及輔助辦法第2條第1項第1、4款評定基準,121.51184426268246,25.054071591505018,"{'itemNo': 3, 'cityName': '臺北市', 'distName': '大同區', 'address': '南京西路195號'}",臺北市政府文化局,文化資產科,臺北市信義區市府路1號4樓東北區,(02)2720-8889,"<a href=""http://nchdb.boch.gov.tw/assets/advanceSearch/historicalBuilding/20070920000001"" target=""_blank"">http://nchdb.boch.gov.tw/assets/advanceSearch/historicalBuilding/20070920000001</a>","[{'classification': '指定/登錄', 'officialDocNo': '北市文化二字第09630325100號', 'registerDate': '2007-09-20 00:00:00.0', 'note': '登錄歷史建築'}]",其他設施,臺北市
85,20070920000001,黑美人大酒家,"{'code': 'A99', 'name': '其他設施', 'other': '歷史建築'}",符合歷史建築登錄廢止審查及輔助辦法第2條第1項第1、4款評定基準,121.51184426268246,25.054071591505018,"{'itemNo': 4, 'cityName': '臺北市', 'distName': '大同區', 'address': '南京西路195-1號'}",臺北市政府文化局,文化資產科,臺北市信義區市府路1號4樓東北區,(02)2720-8889,"<a href=""http://nchdb.boch.gov.tw/assets/advanceSearch/historicalBuilding/20070920000001"" target=""_blank"">http://nchdb.boch.gov.tw/assets/advanceSearch/historicalBuilding/20070920000001</a>","[{'classification': '指定/登錄', 'officialDocNo': '北市文化二字第09630325100號', 'registerDate': '2007-09-20 00:00:00.0', 'note': '登錄歷史建築'}]",其他設施,臺北市
86,20050725000002,迪化街1段155號,"{'code': 'A3', 'name': '宅第'}",文化資產保存法歷史建築登錄及廢止審查辦法。,121.509703,25.058382,"{'itemNo': 1, 'cityName': '臺北市', 'distName': '大同區', 'address': '迪化街1段155號'}",臺北市政府文化局,文化資產科,臺北市信義區市府路1號4樓東北區,(02)2720-8889,"<a href=""http://nchdb.boch.gov.tw/assets/advanceSearch/historicalBuilding/20050725000002"" target=""_blank"">http://nchdb.boch.gov.tw/assets/advanceSearch/historicalBuilding/20050725000002</a>","[{'classification': '指定/登錄', 'officialDocNo': '府文化二字第09406165900號', 'registerDate': '2005-07-25 00:00:00.0', 'note': '登錄歷史建築'}]",宅第,臺北市
87,20141017000001,迪化街1段142號店屋,"{'code': 'A3', 'name': '宅第'}",符合歷史建築登錄廢止審查及輔助辦法第2條第1項第1、4款評定基準。,121.5097033,25.0575776,"{'itemNo': 1, 'cityName': '臺北市', 'distName': '大同區', 'address': '迪化街1段142號'}",臺北市政府文化局,文化資產科,臺北市信義區市府路1號4樓東北區,(02)2720-8889,"<a href=""http://nchdb.boch.gov.tw/assets/advanceSearch/historicalBuilding/20141017000001"" target=""_blank"">http://nchdb.boch.gov.tw/assets/advanceSearch/historicalBuilding/20141017000001</a>","[{'classification': '指定/登錄', 'officialDocNo': '北市文化文資字第10330454000號', 'registerDate': '2014-10-17 00:00:00.0', 'note': '登錄歷史建築'}]",宅第,臺北市
88,20141106000001,迪化街1段235、237號店屋,"{'code': 'A3', 'name': '宅第'}",符合歷史建築登錄廢止審查及輔助辦法第2條第1項第1、3、4款評定基準。,121.509486,25.0601309,"{'itemNo': 1, 'cityName': '臺北市', 'distName': '大同區', 'address': '迪化街1段235號'}",臺北市政府文化局,文化資產科,臺北市信義區市府路1號4樓東北區,(02)2720-8889,"<a href=""http://nchdb.boch.gov.tw/assets/advanceSearch/historicalBuilding/20141106000001"" target=""_blank"">http://nchdb.boch.gov.tw/assets/advanceSearch/historicalBuilding/20141106000001</a>","[{'classification': '指定/登錄', 'officialDocNo': '北市文化文資字第10330475400號', 'registerDate': '2014-11-06 00:00:00.0', 'note': '登錄'}]",宅第,臺北市
88,20141106000001,迪化街1段235、237號店屋,"{'code': 'A3', 'name': '宅第'}",符合歷史建築登錄廢止審查及輔助辦法第2條第1項第1、3、4款評定基準。,121.509486,25.0601309,"{'itemNo': 2, 'cityName': '臺北市', 'distName': '大同區', 'address': '迪化街1段237號'}",臺北市政府文化局,文化資產科,臺北市信義區市府路1號4樓東北區,(02)2720-8889,"<a href=""http://nchdb.boch.gov.tw/assets/advanceSearch/historicalBuilding/20141106000001"" target=""_blank"">http://nchdb.boch.gov.tw/assets/advanceSearch/historicalBuilding/20141106000001</a>","[{'classification': '指定/登錄', 'officialDocNo': '北市文化文資字第10330475400號', 'registerDate': '2014-11-06 00:00:00.0', 'note': '登錄'}]",宅第,臺北市
89,20150116000001,迪化街1段17號及南京西路233巷16號店屋,"{'code': 'A3', 'name': '宅第'}",歷史建築登錄廢止審查及輔助辦法第2條第1項第1、3、4款。,121.510275,25.054279,"{'itemNo': 1, 'cityName': '臺北市', 'distName': '大同區', 'address': '迪化街1段17號.南京西路233巷16號'}",臺北市政府文化局,文化資產科,臺北市信義區市府路1號4樓東北區,(02)2720-8889,"<a href=""http://nchdb.boch.gov.tw/assets/advanceSearch/historicalBuilding/20150116000001"" target=""_blank"">http://nchdb.boch.gov.tw/assets/advanceSearch/historicalBuilding/20150116000001</a>","[{'classification': '指定/登錄', 'officialDocNo': '北市文化文資字第10330324800號', 'registerDate': '2015-01-16 00:00:00.0', 'note': '登錄'}]",宅第,臺北市
90,20140606000001,延平北路2段171號店屋（廬山軒）,"{'code': 'A3', 'name': '宅第'}",符合歷史建築登錄廢止審查及輔助辦法第2條第1項第1、4款評定基準。,121.511593,25.058519,"{'itemNo': 1, 'cityName': '臺北市', 'distName': '大同區', 'address': '延平北路2段171號'}",臺北市政府文化局,文化資產科,臺北市信義區市府路1號4樓東北區,(02)2720-8889,"<a href=""http://nchdb.boch.gov.tw/assets/advanceSearch/historicalBuilding/20140606000001"" target=""_blank"">http://nchdb.boch.gov.tw/assets/advanceSearch/historicalBuilding/20140606000001</a>","[{'classification': '指定/登錄', 'officialDocNo': '北市文化文資字第10330396900號', 'registerDate': '2014-06-06 00:00:00.0', 'note': '登錄'}]",宅第,臺北市
91,20140428000001,延平北路2段241號店屋,"{'code': 'A3', 'name': '宅第'}",符合歷史建築登錄廢止審查及輔助辦法第2條第1項第1、4款評定基準。,121.511392,25.0620649,"{'itemNo': 1, 'cityName': '臺北市', 'distName': '大同區', 'address': '延平北路2段241號'}",臺北市政府文化局,文化資產科,臺北市信義區市府路1號4樓東北區,(02)2720-8889,"<a href=""http://nchdb.boch.gov.tw/assets/advanceSearch/historicalBuilding/20140428000001"" target=""_blank"">http://nchdb.boch.gov.tw/assets/advanceSearch/historicalBuilding/20140428000001</a>","[{'classification': '指定/登錄', 'officialDocNo': '北市文化文資字第10330377900號', 'registerDate': '2014-04-28 00:00:00.0', 'note': '登錄歷史建築'}]",宅第,臺北市
92,20140714000001,延平北路2段54號店屋,"{'code': 'A3', 'name': '宅第'}",符合歷史建築登錄廢止審查及輔助辦法第2條第1項第1、4款評定基準。,121.511562,25.055322,"{'itemNo': 1, 'cityName': '臺北市', 'distName': '大同區', 'address': '延平北路2段54號'}",臺北市政府文化局,文化資產科,臺北市信義區市府路1號4樓東北區,(02)2720-8889,"<a href=""http://nchdb.boch.gov.tw/assets/advanceSearch/historicalBuilding/20140714000001"" target=""_blank"">http://nchdb.boch.gov.tw/assets/advanceSearch/historicalBuilding/20140714000001</a>","[{'classification': '指定/登錄', 'officialDocNo': '北市文化文資字第10330414000號', 'registerDate': '2014-07-14 00:00:00.0', 'note': '登錄歷史建築'}, {'classification': '指定/登錄', 'officialDocNo': '北市文化文資字第10430453200號', 'registerDate': '2015-11-06 00:00:00.0', 'note': '新增保存地號'}]",宅第,臺北市
93,20130830000001,迪化街一段90號店屋,"{'code': 'A3', 'name': '宅第'}",符合歷史建築登錄廢止審查及輔助辦法第2條第1項第1、2、4款評定基準。,121.5098322,25.0560639,"{'itemNo': 1, 'cityName': '臺北市', 'distName': '大同區', 'address': '迪化街一段90號'}",臺北市政府文化局,文化資產科,臺北市信義區市府路1號4樓東北區,(02)2720-8889,"<a href=""http://nchdb.boch.gov.tw/assets/advanceSearch/historicalBuilding/20130830000001"" target=""_blank"">http://nchdb.boch.gov.tw/assets/advanceSearch/historicalBuilding/20130830000001</a>","[{'classification': '指定/登錄', 'officialDocNo': '北市文化二字第10230387900號', 'registerDate': '2013-08-30 00:00:00.0', 'note': '登錄'}]",宅第,臺北市
94,20131018000001,民樂街4、6、8號、永昌街1號暨民生西路362巷33號店屋,"{'code': 'A3', 'name': '宅第'}",符合歷史建築登錄廢止審查及輔助辦法第2條第1項第1、2、4款評定基準。,121.5108172,25.0556128,"{'itemNo': 1, 'cityName': '臺北市', 'distName': '大同區', 'address': '民樂街4號'}",臺北市政府文化局,文化資產科,臺北市信義區市府路1號4樓東北區,(02)2720-8889,"<a href=""http://nchdb.boch.gov.tw/assets/advanceSearch/historicalBuilding/20131018000001"" target=""_blank"">http://nchdb.boch.gov.tw/assets/advanceSearch/historicalBuilding/20131018000001</a>","[{'classification': '指定/登錄', 'officialDocNo': '北市文化二字第10230408500號', 'registerDate': '2013-10-18 00:00:00.0', 'note': '登錄歷史建築'}]",宅第,臺北市
94,20131018000001,民樂街4、6、8號、永昌街1號暨民生西路362巷33號店屋,"{'code': 'A3', 'name': '宅第'}",符合歷史建築登錄廢止審查及輔助辦法第2條第1項第1、2、4款評定基準。,121.5108172,25.0556128,"{'itemNo': 2, 'cityName': '臺北市', 'distName': '大同區', 'address': '民樂街6號'}",臺北市政府文化局,文化資產科,臺北市信義區市府路1號4樓東北區,(02)2720-8889,"<a href=""http://nchdb.boch.gov.tw/assets/advanceSearch/historicalBuilding/20131018000001"" target=""_blank"">http://nchdb.boch.gov.tw/assets/advanceSearch/historicalBuilding/20131018000001</a>","[{'classification': '指定/登錄', 'officialDocNo': '北市文化二字第10230408500號', 'registerDate': '2013-10-18 00:00:00.0', 'note': '登錄歷史建築'}]",宅第,臺北市
94,20131018000001,民樂街4、6、8號、永昌街1號暨民生西路362巷33號店屋,"{'code': 'A3', 'name': '宅第'}",符合歷史建築登錄廢止審查及輔助辦法第2條第1項第1、2、4款評定基準。,121.5108172,25.0556128,"{'itemNo': 3, 'cityName': '臺北市', 'distName': '大同區', 'address': '民樂街8號'}",臺北市政府文化局,文化資產科,臺北市信義區市府路1號4樓東北區,(02)2720-8889,"<a href=""http://nchdb.boch.gov.tw/assets/advanceSearch/historicalBuilding/20131018000001"" target=""_blank"">http://nchdb.boch.gov.tw/assets/advanceSearch/historicalBuilding/20131018000001</a>","[{'classification': '指定/登錄', 'officialDocNo': '北市文化二字第10230408500號', 'registerDate': '2013-10-18 00:00:00.0', 'note': '登錄歷史建築'}]",宅第,臺北市
94,20131018000001,民樂街4、6、8號、永昌街1號暨民生西路362巷33號店屋,"{'code': 'A3', 'name': '宅第'}",符合歷史建築登錄廢止審查及輔助辦法第2條第1項第1、2、4款評定基準。,121.5108172,25.0556128,"{'itemNo': 4, 'cityName': '臺北市', 'distName': '大同區', 'address': '永昌街1號'}",臺北市政府文化局,文化資產科,臺北市信義區市府路1號4樓東北區,(02)2720-8889,"<a href=""http://nchdb.boch.gov.tw/assets/advanceSearch/historicalBuilding/20131018000001"" target=""_blank"">http://nchdb.boch.gov.tw/assets/advanceSearch/historicalBuilding/20131018000001</a>","[{'classification': '指定/登錄', 'officialDocNo': '北市文化二字第10230408500號', 'registerDate': '2013-10-18 00:00:00.0', 'note': '登錄歷史建築'}]",宅第,臺北市
94,20131018000001,民樂街4、6、8號、永昌街1號暨民生西路362巷33號店屋,"{'code': 'A3', 'name': '宅第'}",符合歷史建築登錄廢止審查及輔助辦法第2條第1項第1、2、4款評定基準。,121.5108172,25.0556128,"{'itemNo': 5, 'cityName': '臺北市', 'distName': '大同區', 'address': '民生西路362巷33號'}",臺北市政府文化局,文化資產科,臺北市信義區市府路1號4樓東北區,(02)2720-8889,"<a href=""http://nchdb.boch.gov.tw/assets/advanceSearch/historicalBuilding/20131018000001"" target=""_blank"">http://nchdb.boch.gov.tw/assets/advanceSearch/historicalBuilding/20131018000001</a>","[{'classification': '指定/登錄', 'officialDocNo': '北市文化二字第10230408500號', 'registerDate': '2013-10-18 00:00:00.0', 'note': '登錄歷史建築'}]",宅第,臺北市
95,20130326000001,西寧北路65、67號店屋,"{'code': 'A3', 'name': '宅第'}",符合歷史建築登錄廢止審查及輔助辦法第2條第1項第1、2、4款評定基準。,121.5089615075856,25.05472613037056,"{'itemNo': 1, 'cityName': '臺北市', 'distName': '大同區', 'address': '西寧北路65號'}",臺北市政府文化局,文化資產科,臺北市信義區市府路1號4樓東北區,(02)2720-8889,"<a href=""http://nchdb.boch.gov.tw/assets/advanceSearch/historicalBuilding/20130326000001"" target=""_blank"">http://nchdb.boch.gov.tw/assets/advanceSearch/historicalBuilding/20130326000001</a>","[{'classification': '指定/登錄', 'officialDocNo': '北市文化二字第10230309100號', 'registerDate': '2013-03-26 00:00:00.0', 'note': '登錄歷史建築'}]",宅第,臺北市
95,20130326000001,西寧北路65、67號店屋,"{'code': 'A3', 'name': '宅第'}",符合歷史建築登錄廢止審查及輔助辦法第2條第1項第1、2、4款評定基準。,121.5089615075856,25.05472613037056,"{'itemNo': 2, 'cityName': '臺北市', 'distName': '大同區', 'address': '西寧北路67號'}",臺北市政府文化局,文化資產科,臺北市信義區市府路1號4樓東北區,(02)2720-8889,"<a href=""http://nchdb.boch.gov.tw/assets/advanceSearch/historicalBuilding/20130326000001"" target=""_blank"">http://nchdb.boch.gov.tw/assets/advanceSearch/historicalBuilding/20130326000001</a>","[{'classification': '指定/登錄', 'officialDocNo': '北市文化二字第10230309100號', 'registerDate': '2013-03-26 00:00:00.0', 'note': '登錄歷史建築'}]",宅第,臺北市
96,20120612000001,日新國民小學（原日新公學校）紅樓,"{'code': 'A8', 'name': '書院'}",符合歷史建築登錄廢止審查及輔助辦法第2條第1項第1、3、4款評定基準,121.5164761,25.0543892,"{'itemNo': 1, 'cityName': '臺北市', 'distName': '大同區', 'address': '太原路151號'}",臺北市政府文化局,文化資產科,臺北市信義區市府路1號4樓東北區,(02)2720-8889,"<a href=""http://nchdb.boch.gov.tw/assets/advanceSearch/historicalBuilding/20120612000001"" target=""_blank"">http://nchdb.boch.gov.tw/assets/advanceSearch/historicalBuilding/20120612000001</a>","[{'classification': '指定/登錄', 'officialDocNo': '北市文化二字第10130335800號', 'registerDate': '2012-06-12 00:00:00.0', 'note': '登錄歷史建築'}]",書院,臺北市
97,20120808000001,南京西路255號店屋,"{'code': 'A3', 'name': '宅第'}",符合歷史建築登錄廢止審查及輔助辦法第2條第1項第1、2、4款評定基準。,121.509959,25.0533809,"{'itemNo': 1, 'cityName': '臺北市', 'distName': '大同區', 'address': '南京西路255號'}",臺北市政府文化局,文化資產科,臺北市信義區市府路1號4樓東北區,(02)2720-8889,"<a href=""http://nchdb.boch.gov.tw/assets/advanceSearch/historicalBuilding/20120808000001"" target=""_blank"">http://nchdb.boch.gov.tw/assets/advanceSearch/historicalBuilding/20120808000001</a>","[{'classification': '指定/登錄', 'officialDocNo': '北市文化二字第10130361200 號', 'registerDate': '2012-08-08 00:00:00.0', 'note': '登錄歷史建築'}]",宅第,臺北市
98,20120817000001,延平北路二段45號店屋,"{'code': 'A3', 'name': '宅第'}",符合歷史建築登錄廢止審查及輔助辦法第2條第1項第1、2、4款評定基準,121.51178,25.055132,"{'itemNo': 1, 'cityName': '臺北市', 'distName': '大同區', 'address': '延平北路2段45號'}",臺北市政府文化局,文化資產科,臺北市信義區市府路1號4樓東北區,(02)2720-8889,"<a href=""http://nchdb.boch.gov.tw/assets/advanceSearch/historicalBuilding/20120817000001"" target=""_blank"">http://nchdb.boch.gov.tw/assets/advanceSearch/historicalBuilding/20120817000001</a>","[{'classification': '指定/登錄', 'officialDocNo': '北市文化二字第 10130366200號', 'registerDate': '2012-08-17 00:00:00.0', 'note': '登錄歷史建築'}, {'classification': '變更/修正', 'officialDocNo': '北市文化二字第 1113027910號', 'registerDate': '2022-07-26 00:00:00.0', 'note': '登錄歷史建築'}]",宅第,臺北市
99,20141112000001,原建成區公所廳舍,"{'code': 'A6', 'name': '衙署'}",符合歷史建築登錄廢止審查及輔助辦法第2條第1項第1、4款評定基準。,121.5172947,25.0527926,"{'itemNo': 1, 'cityName': '臺北市', 'distName': '大同區', 'address': '承德路1段80號'}",臺北市政府文化局,文化資產科,臺北市信義區市府路1號4樓東北區,(02)2720-8889,"<a href=""http://nchdb.boch.gov.tw/assets/advanceSearch/historicalBuilding/20141112000001"" target=""_blank"">http://nchdb.boch.gov.tw/assets/advanceSearch/historicalBuilding/20141112000001</a>","[{'classification': '指定/登錄', 'officialDocNo': '北市文化文資字第10330478500號', 'registerDate': '2014-11-12 00:00:00.0', 'note': '登錄歷史建築'}]",衙署,臺北市
100,20070502000002,迪化街1段176號店屋,"{'code': 'A3', 'name': '宅第'}",文化資產保存法第 15 條、歷史建築登錄廢止審查及輔助辦法。,121.509555,25.058354,"{'itemNo': 1, 'cityName': '臺北市', 'distName': '大同區', 'address': '迪化街1段176號'}",臺北市政府文化局,文化資產科,臺北市信義區市府路1號4樓東北區,(02)2720-8889,"<a href=""http://nchdb.boch.gov.tw/assets/advanceSearch/historicalBuilding/20070502000002"" target=""_blank"">http://nchdb.boch.gov.tw/assets/advanceSearch/historicalBuilding/20070502000002</a>","[{'classification': '指定/登錄', 'officialDocNo': '北市府文化二字09630250900號', 'registerDate': '2007-05-02 00:00:00.0', 'note': '登錄歷史建築'}]",宅第,臺北市
101,20121031000002,林安泰古厝,"{'code': 'A3', 'name': '宅第'}",符合歷史建築登錄廢止審查及輔助辦法第2條第1項第1、4款評定基準,121.53035428993338,25.0724127335157,"{'itemNo': 1, 'cityName': '臺北市', 'distName': '中山區', 'address': '濱江街5號'}",臺北市政府文化局,文化資產科,臺北市信義區市府路1號4樓東北區,(02)2720-8889,"<a href=""http://nchdb.boch.gov.tw/assets/advanceSearch/historicalBuilding/20121031000002"" target=""_blank"">http://nchdb.boch.gov.tw/assets/advanceSearch/historicalBuilding/20121031000002</a>","[{'classification': '指定/登錄', 'officialDocNo': '北市文化二字第10130397800號', 'registerDate': '2012-10-31 00:00:00.0', 'note': '登錄'}]",宅第,臺北市
102,20140415000001,圓山坑道,"{'code': 'A5', 'name': '關塞'}",文化資產保存法第15條、歷史建築登錄廢止審查及輔助辦法暨臺北市歷史建築登錄及廢止審查作業要點等,121.523686,25.07274,"{'itemNo': 1, 'cityName': '臺北市', 'distName': '中山區', 'address': '中山北路3段66號'}",臺北市政府文化局,文化資產科,臺北市信義區市府路1號4樓東北區,(02)2720-8889,"<a href=""http://nchdb.boch.gov.tw/assets/advanceSearch/historicalBuilding/20140415000001"" target=""_blank"">http://nchdb.boch.gov.tw/assets/advanceSearch/historicalBuilding/20140415000001</a>","[{'classification': '指定/登錄', 'officialDocNo': '北市文化文資字第10330365200號', 'registerDate': '2014-04-15 00:00:00.0', 'note': '登錄歷史建築'}, {'classification': '變更/修正', 'officialDocNo': '北市文化文資字第10630464900號', 'registerDate': '2017-06-22 00:00:00.0', 'note': '變更保存範圍'}]",關塞,臺北市
103,20040719000001,劍潭寺,"{'code': 'A2', 'name': '寺廟'}",文化資產保存法,121.5553568,25.086177,"{'itemNo': 1, 'cityName': '臺北市', 'distName': '中山區', 'address': '北安路805巷6號'}",臺北市政府文化局,文化資產科,臺北市信義區市府路1號4樓東北區,(02)2720-8889,"<a href=""http://nchdb.boch.gov.tw/assets/advanceSearch/historicalBuilding/20040719000001"" target=""_blank"">http://nchdb.boch.gov.tw/assets/advanceSearch/historicalBuilding/20040719000001</a>","[{'classification': '指定/登錄', 'officialDocNo': '府文化二字第09304443500號', 'registerDate': '2004-07-19 00:00:00.0', 'note': '登錄歷史建築'}]",寺廟,臺北市
104,20040105000001,中山橋,"{'code': 'A15', 'name': '橋樑'}",文化資產保存法,121.5232252,25.0693667,"{'itemNo': 1, 'cityName': '臺北市', 'distName': '中山區', 'address': '中山北路三段橫跨基隆河接中山北路四段（整座橋以原構件重組異地重建方式保存）'}",臺北市政府文化局,文化資產科,臺北市信義區市府路1號4樓東北區,(02)2720-8889,"<a href=""http://nchdb.boch.gov.tw/assets/advanceSearch/historicalBuilding/20040105000001"" target=""_blank"">http://nchdb.boch.gov.tw/assets/advanceSearch/historicalBuilding/20040105000001</a>","[{'classification': '指定/登錄', 'officialDocNo': '府文化二字第09200526100號', 'registerDate': '2004-01-05 00:00:00.0', 'note': '登錄歷史建築'}]",橋樑,臺北市
105,20061123000003,建國啤酒廠,"{'code': 'A16', 'name': '產業'}",符合歷史建築紀念建築登錄廢止審查及輔助辦法第2條第1項第1、2、3款評定基準,121.5357123,25.0459174,"{'itemNo': 1, 'cityName': '臺北市', 'distName': '中山區', 'address': '八德路2段85號'}",臺北市政府文化局,文化資產科,臺北市信義區市府路1號4樓東北區,(02)2720-8889,"<a href=""http://nchdb.boch.gov.tw/assets/advanceSearch/historicalBuilding/20061123000003"" target=""_blank"">http://nchdb.boch.gov.tw/assets/advanceSearch/historicalBuilding/20061123000003</a>","[{'classification': '指定/登錄', 'officialDocNo': '府文化二字第09530338800號', 'registerDate': '2006-11-23 00:00:00.0', 'note': '登錄歷史建築'}, {'classification': '變更/修正', 'officialDocNo': '北市文化文資字第11030409651號', 'registerDate': '2021-11-04 00:00:00.0', 'note': '新增歷史建築範圍'}]",產業,臺北市
106,20061205000002,新生北路3段62巷24號,"{'code': 'A3', 'name': '宅第'}",文化資產保存法第15條,121.5265121,25.0657371,"{'itemNo': 1, 'cityName': '臺北市', 'distName': '中山區', 'address': '新生北路3段62巷24號'}",臺北市政府文化局,文化資產科,臺北市信義區市府路1號4樓東北區,(02)2720-8889,"<a href=""http://nchdb.boch.gov.tw/assets/advanceSearch/historicalBuilding/20061205000002"" target=""_blank"">http://nchdb.boch.gov.tw/assets/advanceSearch/historicalBuilding/20061205000002</a>","[{'classification': '指定/登錄', 'officialDocNo': '北市府文化二字09530330500號', 'registerDate': '2006-12-05 00:00:00.0', 'note': '登錄'}, {'classification': '變更/修正', 'officialDocNo': '北市府文化二字10330335700號', 'registerDate': '2014-01-20 00:00:00.0', 'note': '地號變更'}]",宅第,臺北市
107,20061205000003,新生北路3段62巷25號,"{'code': 'A3', 'name': '宅第'}",符合歷史建築登錄廢止審查及輔助辦法第2條第1項第1、4款評定基準,121.5263777,25.0659191,"{'itemNo': 1, 'cityName': '臺北市', 'distName': '中山區', 'address': '新生北路3段62巷25號'}",臺北市政府文化局,文化資產科,臺北市信義區市府路1號4樓東北區,(02)2720-8889,"<a href=""http://nchdb.boch.gov.tw/assets/advanceSearch/historicalBuilding/20061205000003"" target=""_blank"">http://nchdb.boch.gov.tw/assets/advanceSearch/historicalBuilding/20061205000003</a>","[{'classification': '指定/登錄', 'officialDocNo': '北市府文化二字09530330500號', 'registerDate': '2006-12-05 00:00:00.0', 'note': '登錄歷史建築'}, {'classification': '變更/修正', 'officialDocNo': '北市文化文資字10630456000號', 'registerDate': '2017-05-26 00:00:00.0', 'note': '變更門牌號：原27號改25號'}]",宅第,臺北市
108,20070227000016,鐵路局機務段員工連棟宿舍,"{'code': 'A3', 'name': '宅第'}","歷史建築紀念建築登錄廢止審查及輔助辦法第
2條第1項第1、3款登錄基準",121.537149,25.050366,"{'itemNo': 1, 'cityName': '臺北市', 'distName': '中山區', 'address': '建國北路1段23巷2、4、8、10號 ；建國北路1段11巷5、7、9、10、11、12、13、14 、15、16、17、18、19、20、22、24、25、27、28 、30、31、32、33、34、35、36、37、38、39、40、41、42、43、44、45、46、47、48、50、52、54 號；建國北路1段17巷1、3、8、10、12、14、16、 18、20、22號'}",臺北市政府文化局,文化資產科,臺北市信義區市府路1號4樓東北區,(02)2720-8889,"<a href=""http://nchdb.boch.gov.tw/assets/advanceSearch/historicalBuilding/20070227000016"" target=""_blank"">http://nchdb.boch.gov.tw/assets/advanceSearch/historicalBuilding/20070227000016</a>","[{'classification': '指定/登錄', 'officialDocNo': '北市府文化二字第09630214700號', 'registerDate': '2007-02-27 00:00:00.0', 'note': '無'}, {'classification': '指定/登錄', 'officialDocNo': '北市文化文資字第11030061071號', 'registerDate': '2021-01-18 00:00:00.0', 'note': '含廢止'}]",宅第,臺北市
109,20090326000001,太原五百完人紀念建築群,"{'code': 'A1', 'name': '祠堂'}",符合歷史建築登錄廢止審查及輔助辦法第2條第1、3款評定基準,121.523466,25.0732129,"{'itemNo': 1, 'cityName': '臺北市', 'distName': '中山區', 'address': '中山北路4段11巷（圓山山腳下）'}",臺北市政府文化局,文化資產科,臺北市信義區市府路1號4樓東北區,(02)2720-8889,"<a href=""http://nchdb.boch.gov.tw/assets/advanceSearch/historicalBuilding/20090326000001"" target=""_blank"">http://nchdb.boch.gov.tw/assets/advanceSearch/historicalBuilding/20090326000001</a>","[{'classification': '指定/登錄', 'officialDocNo': '北市文化二字第09830128700號', 'registerDate': '2009-03-26 00:00:00.0', 'note': '登錄歷史建築'}, {'classification': '變更/修正', 'officialDocNo': '北市文化文資字第10430427300號', 'registerDate': '2015-08-13 00:00:00.0', 'note': '變更登錄理由'}]",祠堂,臺北市
110,20110830000001,明石元二郎鳥居及鎌田正威鳥居,"{'code': 'A11', 'name': '牌坊'}",符合歷史建築登錄廢止審查及輔助辦法第2條第1項第1、4款評定基準,121.525906640114,25.053368243675152,"{'itemNo': 1, 'cityName': '臺北市', 'distName': '中山區', 'address': '林森公園內'}",臺北市政府文化局,文化資產科,臺北市信義區市府路1號4樓東北區,(02)2720-8889,"<a href=""http://nchdb.boch.gov.tw/assets/advanceSearch/historicalBuilding/20110830000001"" target=""_blank"">http://nchdb.boch.gov.tw/assets/advanceSearch/historicalBuilding/20110830000001</a>","[{'classification': '指定/登錄', 'officialDocNo': '北市文化二字第10030366400號', 'registerDate': '2011-08-30 00:00:00.0', 'note': '登錄歷史建築'}]",牌坊,臺北市
111,20081231000001,松山機場第一航廈,"{'code': 'A99', 'name': '其他設施', 'other': '航空站'}",符合歷史建築登錄廢止審查及輔助辦法第2條第1項第1、3、4款評定基準,121.5519952,25.0619784,"{'itemNo': 1, 'cityName': '臺北市', 'distName': '松山區', 'address': '敦化北路340之9號'}",臺北市政府文化局,文化資產科,臺北市信義區市府路1號4樓東北區,(02)2720-8889,"<a href=""http://nchdb.boch.gov.tw/assets/advanceSearch/historicalBuilding/20081231000001"" target=""_blank"">http://nchdb.boch.gov.tw/assets/advanceSearch/historicalBuilding/20081231000001</a>","[{'classification': '指定/登錄', 'officialDocNo': '北市文化二字第09730249800號', 'registerDate': '2008-12-31 00:00:00.0', 'note': '登錄歷史建築'}]",其他設施,臺北市
112,20110428000001,北市一號倉庫,"{'code': 'A16', 'name': '產業'}",符合歷史建築紀念建築登錄廢止審查及輔助辦法第2條第1、2款登錄基準,121.545719,25.047405,"{'itemNo': 1, 'cityName': '臺北市', 'distName': '松山區', 'address': '八德路2段346巷3弄2、4號'}",臺北市政府文化局,文化資產科,臺北市信義區市府路1號4樓東北區,(02)2720-8889,"<a href=""http://nchdb.boch.gov.tw/assets/advanceSearch/historicalBuilding/20110428000001"" target=""_blank"">http://nchdb.boch.gov.tw/assets/advanceSearch/historicalBuilding/20110428000001</a>","[{'classification': '指定/登錄', 'officialDocNo': '北市文化二字第10030270900號', 'registerDate': '2011-04-28 00:00:00.0', 'note': '登錄'}, {'classification': '變更/修正', 'officialDocNo': '北市文化二字第10230401200號', 'registerDate': '2013-09-26 00:00:00.0', 'note': '變更範圍'}, {'classification': '變更/修正', 'officialDocNo': '北市文化文資字第11230430311號', 'registerDate': '2024-01-03 00:00:00.0', 'note': '變更文資名稱、定著土地範圍、建物建號及登錄理由'}]",產業,臺北市
113,20131203000001,原臺北刑務所官舍,"{'code': 'A3', 'name': '宅第'}",符合歷史建築登錄廢止審查及輔助辦法第2條第1項第1、2、4款評定基準。,121.52465289918636,25.030618063056675,"{'itemNo': 1, 'cityName': '臺北市', 'distName': '大安區', 'address': '金華街135號'}",臺北市政府文化局,文化資產科,臺北市信義區市府路1號4樓東北區,(02)2720-8889,"<a href=""http://nchdb.boch.gov.tw/assets/advanceSearch/historicalBuilding/20131203000001"" target=""_blank"">http://nchdb.boch.gov.tw/assets/advanceSearch/historicalBuilding/20131203000001</a>","[{'classification': '指定/登錄', 'officialDocNo': '北市文化二字第10230434804號', 'registerDate': '2013-12-03 00:00:00.0', 'note': '登錄歷史建築'}, {'classification': '變更/修正', 'officialDocNo': '北市文化文資字第10760118811號', 'registerDate': '2018-05-29 00:00:00.0', 'note': '調整公告'}]",宅第,臺北市
113,20131203000001,原臺北刑務所官舍,"{'code': 'A3', 'name': '宅第'}",符合歷史建築登錄廢止審查及輔助辦法第2條第1項第1、2、4款評定基準。,121.52465289918636,25.030618063056675,"{'itemNo': 2, 'cityName': '臺北市', 'distName': '大安區', 'address': '金華街137號'}",臺北市政府文化局,文化資產科,臺北市信義區市府路1號4樓東北區,(02)2720-8889,"<a href=""http://nchdb.boch.gov.tw/assets/advanceSearch/historicalBuilding/20131203000001"" target=""_blank"">http://nchdb.boch.gov.tw/assets/advanceSearch/historicalBuilding/20131203000001</a>","[{'classification': '指定/登錄', 'officialDocNo': '北市文化二字第10230434804號', 'registerDate': '2013-12-03 00:00:00.0', 'note': '登錄歷史建築'}, {'classification': '變更/修正', 'officialDocNo': '北市文化文資字第10760118811號', 'registerDate': '2018-05-29 00:00:00.0', 'note': '調整公告'}]",宅第,臺北市
113,20131203000001,原臺北刑務所官舍,"{'code': 'A3', 'name': '宅第'}",符合歷史建築登錄廢止審查及輔助辦法第2條第1項第1、2、4款評定基準。,121.52465289918636,25.030618063056675,"{'itemNo': 3, 'cityName': '臺北市', 'distName': '大安區', 'address': '金華街139號'}",臺北市政府文化局,文化資產科,臺北市信義區市府路1號4樓東北區,(02)2720-8889,"<a href=""http://nchdb.boch.gov.tw/assets/advanceSearch/historicalBuilding/20131203000001"" target=""_blank"">http://nchdb.boch.gov.tw/assets/advanceSearch/historicalBuilding/20131203000001</a>","[{'classification': '指定/登錄', 'officialDocNo': '北市文化二字第10230434804號', 'registerDate': '2013-12-03 00:00:00.0', 'note': '登錄歷史建築'}, {'classification': '變更/修正', 'officialDocNo': '北市文化文資字第10760118811號', 'registerDate': '2018-05-29 00:00:00.0', 'note': '調整公告'}]",宅第,臺北市
113,20131203000001,原臺北刑務所官舍,"{'code': 'A3', 'name': '宅第'}",符合歷史建築登錄廢止審查及輔助辦法第2條第1項第1、2、4款評定基準。,121.52465289918636,25.030618063056675,"{'itemNo': 4, 'cityName': '臺北市', 'distName': '大安區', 'address': '金華街141號'}",臺北市政府文化局,文化資產科,臺北市信義區市府路1號4樓東北區,(02)2720-8889,"<a href=""http://nchdb.boch.gov.tw/assets/advanceSearch/historicalBuilding/20131203000001"" target=""_blank"">http://nchdb.boch.gov.tw/assets/advanceSearch/historicalBuilding/20131203000001</a>","[{'classification': '指定/登錄', 'officialDocNo': '北市文化二字第10230434804號', 'registerDate': '2013-12-03 00:00:00.0', 'note': '登錄歷史建築'}, {'classification': '變更/修正', 'officialDocNo': '北市文化文資字第10760118811號', 'registerDate': '2018-05-29 00:00:00.0', 'note': '調整公告'}]",宅第,臺北市
113,20131203000001,原臺北刑務所官舍,"{'code': 'A3', 'name': '宅第'}",符合歷史建築登錄廢止審查及輔助辦法第2條第1項第1、2、4款評定基準。,121.52465289918636,25.030618063056675,"{'itemNo': 5, 'cityName': '臺北市', 'distName': '大安區', 'address': '金華街143號'}",臺北市政府文化局,文化資產科,臺北市信義區市府路1號4樓東北區,(02)2720-8889,"<a href=""http://nchdb.boch.gov.tw/assets/advanceSearch/historicalBuilding/20131203000001"" target=""_blank"">http://nchdb.boch.gov.tw/assets/advanceSearch/historicalBuilding/20131203000001</a>","[{'classification': '指定/登錄', 'officialDocNo': '北市文化二字第10230434804號', 'registerDate': '2013-12-03 00:00:00.0', 'note': '登錄歷史建築'}, {'classification': '變更/修正', 'officialDocNo': '北市文化文資字第10760118811號', 'registerDate': '2018-05-29 00:00:00.0', 'note': '調整公告'}]",宅第,臺北市
113,20131203000001,原臺北刑務所官舍,"{'code': 'A3', 'name': '宅第'}",符合歷史建築登錄廢止審查及輔助辦法第2條第1項第1、2、4款評定基準。,121.52465289918636,25.030618063056675,"{'itemNo': 6, 'cityName': '臺北市', 'distName': '大安區', 'address': '金華街145號'}",臺北市政府文化局,文化資產科,臺北市信義區市府路1號4樓東北區,(02)2720-8889,"<a href=""http://nchdb.boch.gov.tw/assets/advanceSearch/historicalBuilding/20131203000001"" target=""_blank"">http://nchdb.boch.gov.tw/assets/advanceSearch/historicalBuilding/20131203000001</a>","[{'classification': '指定/登錄', 'officialDocNo': '北市文化二字第10230434804號', 'registerDate': '2013-12-03 00:00:00.0', 'note': '登錄歷史建築'}, {'classification': '變更/修正', 'officialDocNo': '北市文化文資字第10760118811號', 'registerDate': '2018-05-29 00:00:00.0', 'note': '調整公告'}]",宅第,臺北市
113,20131203000001,原臺北刑務所官舍,"{'code': 'A3', 'name': '宅第'}",符合歷史建築登錄廢止審查及輔助辦法第2條第1項第1、2、4款評定基準。,121.52465289918636,25.030618063056675,"{'itemNo': 7, 'cityName': '臺北市', 'distName': '大安區', 'address': '金華街147號'}",臺北市政府文化局,文化資產科,臺北市信義區市府路1號4樓東北區,(02)2720-8889,"<a href=""http://nchdb.boch.gov.tw/assets/advanceSearch/historicalBuilding/20131203000001"" target=""_blank"">http://nchdb.boch.gov.tw/assets/advanceSearch/historicalBuilding/20131203000001</a>","[{'classification': '指定/登錄', 'officialDocNo': '北市文化二字第10230434804號', 'registerDate': '2013-12-03 00:00:00.0', 'note': '登錄歷史建築'}, {'classification': '變更/修正', 'officialDocNo': '北市文化文資字第10760118811號', 'registerDate': '2018-05-29 00:00:00.0', 'note': '調整公告'}]",宅第,臺北市
113,20131203000001,原臺北刑務所官舍,"{'code': 'A3', 'name': '宅第'}",符合歷史建築登錄廢止審查及輔助辦法第2條第1項第1、2、4款評定基準。,121.52465289918636,25.030618063056675,"{'itemNo': 8, 'cityName': '臺北市', 'distName': '大安區', 'address': '金華街149號'}",臺北市政府文化局,文化資產科,臺北市信義區市府路1號4樓東北區,(02)2720-8889,"<a href=""http://nchdb.boch.gov.tw/assets/advanceSearch/historicalBuilding/20131203000001"" target=""_blank"">http://nchdb.boch.gov.tw/assets/advanceSearch/historicalBuilding/20131203000001</a>","[{'classification': '指定/登錄', 'officialDocNo': '北市文化二字第10230434804號', 'registerDate': '2013-12-03 00:00:00.0', 'note': '登錄歷史建築'}, {'classification': '變更/修正', 'officialDocNo': '北市文化文資字第10760118811號', 'registerDate': '2018-05-29 00:00:00.0', 'note': '調整公告'}]",宅第,臺北市
113,20131203000001,原臺北刑務所官舍,"{'code': 'A3', 'name': '宅第'}",符合歷史建築登錄廢止審查及輔助辦法第2條第1項第1、2、4款評定基準。,121.52465289918636,25.030618063056675,"{'itemNo': 9, 'cityName': '臺北市', 'distName': '大安區', 'address': '金華街151號'}",臺北市政府文化局,文化資產科,臺北市信義區市府路1號4樓東北區,(02)2720-8889,"<a href=""http://nchdb.boch.gov.tw/assets/advanceSearch/historicalBuilding/20131203000001"" target=""_blank"">http://nchdb.boch.gov.tw/assets/advanceSearch/historicalBuilding/20131203000001</a>","[{'classification': '指定/登錄', 'officialDocNo': '北市文化二字第10230434804號', 'registerDate': '2013-12-03 00:00:00.0', 'note': '登錄歷史建築'}, {'classification': '變更/修正', 'officialDocNo': '北市文化文資字第10760118811號', 'registerDate': '2018-05-29 00:00:00.0', 'note': '調整公告'}]",宅第,臺北市
113,20131203000001,原臺北刑務所官舍,"{'code': 'A3', 'name': '宅第'}",符合歷史建築登錄廢止審查及輔助辦法第2條第1項第1、2、4款評定基準。,121.52465289918636,25.030618063056675,"{'itemNo': 10, 'cityName': '臺北市', 'distName': '大安區', 'address': '金華街153號'}",臺北市政府文化局,文化資產科,臺北市信義區市府路1號4樓東北區,(02)2720-8889,"<a href=""http://nchdb.boch.gov.tw/assets/advanceSearch/historicalBuilding/20131203000001"" target=""_blank"">http://nchdb.boch.gov.tw/assets/advanceSearch/historicalBuilding/20131203000001</a>","[{'classification': '指定/登錄', 'officialDocNo': '北市文化二字第10230434804號', 'registerDate': '2013-12-03 00:00:00.0', 'note': '登錄歷史建築'}, {'classification': '變更/修正', 'officialDocNo': '北市文化文資字第10760118811號', 'registerDate': '2018-05-29 00:00:00.0', 'note': '調整公告'}]",宅第,臺北市
113,20131203000001,原臺北刑務所官舍,"{'code': 'A3', 'name': '宅第'}",符合歷史建築登錄廢止審查及輔助辦法第2條第1項第1、2、4款評定基準。,121.52465289918636,25.030618063056675,"{'itemNo': 11, 'cityName': '臺北市', 'distName': '大安區', 'address': '金華街155號'}",臺北市政府文化局,文化資產科,臺北市信義區市府路1號4樓東北區,(02)2720-8889,"<a href=""http://nchdb.boch.gov.tw/assets/advanceSearch/historicalBuilding/20131203000001"" target=""_blank"">http://nchdb.boch.gov.tw/assets/advanceSearch/historicalBuilding/20131203000001</a>","[{'classification': '指定/登錄', 'officialDocNo': '北市文化二字第10230434804號', 'registerDate': '2013-12-03 00:00:00.0', 'note': '登錄歷史建築'}, {'classification': '變更/修正', 'officialDocNo': '北市文化文資字第10760118811號', 'registerDate': '2018-05-29 00:00:00.0', 'note': '調整公告'}]",宅第,臺北市
113,20131203000001,原臺北刑務所官舍,"{'code': 'A3', 'name': '宅第'}",符合歷史建築登錄廢止審查及輔助辦法第2條第1項第1、2、4款評定基準。,121.52465289918636,25.030618063056675,"{'itemNo': 12, 'cityName': '臺北市', 'distName': '大安區', 'address': '金華街157號'}",臺北市政府文化局,文化資產科,臺北市信義區市府路1號4樓東北區,(02)2720-8889,"<a href=""http://nchdb.boch.gov.tw/assets/advanceSearch/historicalBuilding/20131203000001"" target=""_blank"">http://nchdb.boch.gov.tw/assets/advanceSearch/historicalBuilding/20131203000001</a>","[{'classification': '指定/登錄', 'officialDocNo': '北市文化二字第10230434804號', 'registerDate': '2013-12-03 00:00:00.0', 'note': '登錄歷史建築'}, {'classification': '變更/修正', 'officialDocNo': '北市文化文資字第10760118811號', 'registerDate': '2018-05-29 00:00:00.0', 'note': '調整公告'}]",宅第,臺北市
113,20131203000001,原臺北刑務所官舍,"{'code': 'A3', 'name': '宅第'}",符合歷史建築登錄廢止審查及輔助辦法第2條第1項第1、2、4款評定基準。,121.52465289918636,25.030618063056675,"{'itemNo': 13, 'cityName': '臺北市', 'distName': '大安區', 'address': '金華街159號'}",臺北市政府文化局,文化資產科,臺北市信義區市府路1號4樓東北區,(02)2720-8889,"<a href=""http://nchdb.boch.gov.tw/assets/advanceSearch/historicalBuilding/20131203000001"" target=""_blank"">http://nchdb.boch.gov.tw/assets/advanceSearch/historicalBuilding/20131203000001</a>","[{'classification': '指定/登錄', 'officialDocNo': '北市文化二字第10230434804號', 'registerDate': '2013-12-03 00:00:00.0', 'note': '登錄歷史建築'}, {'classification': '變更/修正', 'officialDocNo': '北市文化文資字第10760118811號', 'registerDate': '2018-05-29 00:00:00.0', 'note': '調整公告'}]",宅第,臺北市
113,20131203000001,原臺北刑務所官舍,"{'code': 'A3', 'name': '宅第'}",符合歷史建築登錄廢止審查及輔助辦法第2條第1項第1、2、4款評定基準。,121.52465289918636,25.030618063056675,"{'itemNo': 14, 'cityName': '臺北市', 'distName': '大安區', 'address': '金華街161號'}",臺北市政府文化局,文化資產科,臺北市信義區市府路1號4樓東北區,(02)2720-8889,"<a href=""http://nchdb.boch.gov.tw/assets/advanceSearch/historicalBuilding/20131203000001"" target=""_blank"">http://nchdb.boch.gov.tw/assets/advanceSearch/historicalBuilding/20131203000001</a>","[{'classification': '指定/登錄', 'officialDocNo': '北市文化二字第10230434804號', 'registerDate': '2013-12-03 00:00:00.0', 'note': '登錄歷史建築'}, {'classification': '變更/修正', 'officialDocNo': '北市文化文資字第10760118811號', 'registerDate': '2018-05-29 00:00:00.0', 'note': '調整公告'}]",宅第,臺北市
113,20131203000001,原臺北刑務所官舍,"{'code': 'A3', 'name': '宅第'}",符合歷史建築登錄廢止審查及輔助辦法第2條第1項第1、2、4款評定基準。,121.52465289918636,25.030618063056675,"{'itemNo': 15, 'cityName': '臺北市', 'distName': '大安區', 'address': '金華街163號'}",臺北市政府文化局,文化資產科,臺北市信義區市府路1號4樓東北區,(02)2720-8889,"<a href=""http://nchdb.boch.gov.tw/assets/advanceSearch/historicalBuilding/20131203000001"" target=""_blank"">http://nchdb.boch.gov.tw/assets/advanceSearch/historicalBuilding/20131203000001</a>","[{'classification': '指定/登錄', 'officialDocNo': '北市文化二字第10230434804號', 'registerDate': '2013-12-03 00:00:00.0', 'note': '登錄歷史建築'}, {'classification': '變更/修正', 'officialDocNo': '北市文化文資字第10760118811號', 'registerDate': '2018-05-29 00:00:00.0', 'note': '調整公告'}]",宅第,臺北市
113,20131203000001,原臺北刑務所官舍,"{'code': 'A3', 'name': '宅第'}",符合歷史建築登錄廢止審查及輔助辦法第2條第1項第1、2、4款評定基準。,121.52465289918636,25.030618063056675,"{'itemNo': 16, 'cityName': '臺北市', 'distName': '大安區', 'address': '金華街167號'}",臺北市政府文化局,文化資產科,臺北市信義區市府路1號4樓東北區,(02)2720-8889,"<a href=""http://nchdb.boch.gov.tw/assets/advanceSearch/historicalBuilding/20131203000001"" target=""_blank"">http://nchdb.boch.gov.tw/assets/advanceSearch/historicalBuilding/20131203000001</a>","[{'classification': '指定/登錄', 'officialDocNo': '北市文化二字第10230434804號', 'registerDate': '2013-12-03 00:00:00.0', 'note': '登錄歷史建築'}, {'classification': '變更/修正', 'officialDocNo': '北市文化文資字第10760118811號', 'registerDate': '2018-05-29 00:00:00.0', 'note': '調整公告'}]",宅第,臺北市
113,20131203000001,原臺北刑務所官舍,"{'code': 'A3', 'name': '宅第'}",符合歷史建築登錄廢止審查及輔助辦法第2條第1項第1、2、4款評定基準。,121.52465289918636,25.030618063056675,"{'itemNo': 17, 'cityName': '臺北市', 'distName': '大安區', 'address': '金華街169號'}",臺北市政府文化局,文化資產科,臺北市信義區市府路1號4樓東北區,(02)2720-8889,"<a href=""http://nchdb.boch.gov.tw/assets/advanceSearch/historicalBuilding/20131203000001"" target=""_blank"">http://nchdb.boch.gov.tw/assets/advanceSearch/historicalBuilding/20131203000001</a>","[{'classification': '指定/登錄', 'officialDocNo': '北市文化二字第10230434804號', 'registerDate': '2013-12-03 00:00:00.0', 'note': '登錄歷史建築'}, {'classification': '變更/修正', 'officialDocNo': '北市文化文資字第10760118811號', 'registerDate': '2018-05-29 00:00:00.0', 'note': '調整公告'}]",宅第,臺北市
113,20131203000001,原臺北刑務所官舍,"{'code': 'A3', 'name': '宅第'}",符合歷史建築登錄廢止審查及輔助辦法第2條第1項第1、2、4款評定基準。,121.52465289918636,25.030618063056675,"{'itemNo': 18, 'cityName': '臺北市', 'distName': '大安區', 'address': '金華街171號'}",臺北市政府文化局,文化資產科,臺北市信義區市府路1號4樓東北區,(02)2720-8889,"<a href=""http://nchdb.boch.gov.tw/assets/advanceSearch/historicalBuilding/20131203000001"" target=""_blank"">http://nchdb.boch.gov.tw/assets/advanceSearch/historicalBuilding/20131203000001</a>","[{'classification': '指定/登錄', 'officialDocNo': '北市文化二字第10230434804號', 'registerDate': '2013-12-03 00:00:00.0', 'note': '登錄歷史建築'}, {'classification': '變更/修正', 'officialDocNo': '北市文化文資字第10760118811號', 'registerDate': '2018-05-29 00:00:00.0', 'note': '調整公告'}]",宅第,臺北市
113,20131203000001,原臺北刑務所官舍,"{'code': 'A3', 'name': '宅第'}",符合歷史建築登錄廢止審查及輔助辦法第2條第1項第1、2、4款評定基準。,121.52465289918636,25.030618063056675,"{'itemNo': 19, 'cityName': '臺北市', 'distName': '大安區', 'address': '金華街177號'}",臺北市政府文化局,文化資產科,臺北市信義區市府路1號4樓東北區,(02)2720-8889,"<a href=""http://nchdb.boch.gov.tw/assets/advanceSearch/historicalBuilding/20131203000001"" target=""_blank"">http://nchdb.boch.gov.tw/assets/advanceSearch/historicalBuilding/20131203000001</a>","[{'classification': '指定/登錄', 'officialDocNo': '北市文化二字第10230434804號', 'registerDate': '2013-12-03 00:00:00.0', 'note': '登錄歷史建築'}, {'classification': '變更/修正', 'officialDocNo': '北市文化文資字第10760118811號', 'registerDate': '2018-05-29 00:00:00.0', 'note': '調整公告'}]",宅第,臺北市
113,20131203000001,原臺北刑務所官舍,"{'code': 'A3', 'name': '宅第'}",符合歷史建築登錄廢止審查及輔助辦法第2條第1項第1、2、4款評定基準。,121.52465289918636,25.030618063056675,"{'itemNo': 20, 'cityName': '臺北市', 'distName': '大安區', 'address': '愛國東路3號'}",臺北市政府文化局,文化資產科,臺北市信義區市府路1號4樓東北區,(02)2720-8889,"<a href=""http://nchdb.boch.gov.tw/assets/advanceSearch/historicalBuilding/20131203000001"" target=""_blank"">http://nchdb.boch.gov.tw/assets/advanceSearch/historicalBuilding/20131203000001</a>","[{'classification': '指定/登錄', 'officialDocNo': '北市文化二字第10230434804號', 'registerDate': '2013-12-03 00:00:00.0', 'note': '登錄歷史建築'}, {'classification': '變更/修正', 'officialDocNo': '北市文化文資字第10760118811號', 'registerDate': '2018-05-29 00:00:00.0', 'note': '調整公告'}]",宅第,臺北市
114,20140421000001,國立臺灣大學日式宿舍－大安區瑞安街264巷16、18號,"{'code': 'A3', 'name': '宅第'}",符合歷史建築登錄廢止審查及輔助辦法第2條第1項第1、4款評定基準。,121.538723,25.026707,"{'itemNo': 1, 'cityName': '臺北市', 'distName': '大安區', 'address': '瑞安街264巷16號'}",臺北市政府文化局,文化資產科,臺北市信義區市府路1號4樓東北區,(02)2720-8889,"<a href=""http://nchdb.boch.gov.tw/assets/advanceSearch/historicalBuilding/20140421000001"" target=""_blank"">http://nchdb.boch.gov.tw/assets/advanceSearch/historicalBuilding/20140421000001</a>","[{'classification': '指定/登錄', 'officialDocNo': '北市文化文資字第10330376600 號', 'registerDate': '2014-04-21 00:00:00.0', 'note': '登錄歷史建築'}]",宅第,臺北市
114,20140421000001,國立臺灣大學日式宿舍－大安區瑞安街264巷16、18號,"{'code': 'A3', 'name': '宅第'}",符合歷史建築登錄廢止審查及輔助辦法第2條第1項第1、4款評定基準。,121.538723,25.026707,"{'itemNo': 2, 'cityName': '臺北市', 'distName': '大安區', 'address': '瑞安街264巷18號'}",臺北市政府文化局,文化資產科,臺北市信義區市府路1號4樓東北區,(02)2720-8889,"<a href=""http://nchdb.boch.gov.tw/assets/advanceSearch/historicalBuilding/20140421000001"" target=""_blank"">http://nchdb.boch.gov.tw/assets/advanceSearch/historicalBuilding/20140421000001</a>","[{'classification': '指定/登錄', 'officialDocNo': '北市文化文資字第10330376600 號', 'registerDate': '2014-04-21 00:00:00.0', 'note': '登錄歷史建築'}]",宅第,臺北市
115,20121101000001,臺灣大學公共宿舍,"{'code': 'A3', 'name': '宅第'}",<<歷史建築登錄廢止審查及輔助辦法>>第2條第1項第1、4款,121.5326437,25.0243751,"{'itemNo': 1, 'cityName': '臺北市', 'distName': '大安區', 'address': '和平東路1段248巷8號'}",臺北市政府文化局,文化資產科,臺北市信義區市府路1號4樓東北區,(02)2720-8889,"<a href=""http://nchdb.boch.gov.tw/assets/advanceSearch/historicalBuilding/20121101000001"" target=""_blank"">http://nchdb.boch.gov.tw/assets/advanceSearch/historicalBuilding/20121101000001</a>","[{'classification': '指定/登錄', 'officialDocNo': '北市文化二字第10130398400號', 'registerDate': '2012-11-01 00:00:00.0', 'note': '登錄歷史建築'}]",宅第,臺北市
115,20121101000001,臺灣大學公共宿舍,"{'code': 'A3', 'name': '宅第'}",<<歷史建築登錄廢止審查及輔助辦法>>第2條第1項第1、4款,121.5326437,25.0243751,"{'itemNo': 2, 'cityName': '臺北市', 'distName': '大安區', 'address': '和平東路1段248巷10號'}",臺北市政府文化局,文化資產科,臺北市信義區市府路1號4樓東北區,(02)2720-8889,"<a href=""http://nchdb.boch.gov.tw/assets/advanceSearch/historicalBuilding/20121101000001"" target=""_blank"">http://nchdb.boch.gov.tw/assets/advanceSearch/historicalBuilding/20121101000001</a>","[{'classification': '指定/登錄', 'officialDocNo': '北市文化二字第10130398400號', 'registerDate': '2012-11-01 00:00:00.0', 'note': '登錄歷史建築'}]",宅第,臺北市
116,20071009000003,臺大農業陳列館,"{'code': 'A99', 'name': '其他設施', 'other': '具有歷史、文化、藝術價值之建造物'}","1.文化資產保存法第15 條、歷史建築登錄廢止審查及輔助辦法暨臺北市歷史建築登錄及廢止審查作業要點等相關規定。
2.歷史建築登錄廢止審查及輔助辦法第2條第1項第3、4款登錄評定基準。",121.5397264,25.0186526,"{'itemNo': 1, 'cityName': '臺北市', 'distName': '大安區', 'address': '羅斯福路4段1號'}",臺北市政府文化局,文化資產科,臺北市信義區市府路1號4樓東北區,(02)2720-8889,"<a href=""http://nchdb.boch.gov.tw/assets/advanceSearch/historicalBuilding/20071009000003"" target=""_blank"">http://nchdb.boch.gov.tw/assets/advanceSearch/historicalBuilding/20071009000003</a>","[{'classification': '指定/登錄', 'officialDocNo': '北市文化二字第09630337100號', 'registerDate': '2007-10-09 00:00:00.0', 'note': '登錄歷史建築'}]",其他設施,臺北市
117,20031224000002,梁實秋故居,"{'code': 'A3', 'name': '宅第'}",文化資產保存法,121.527861,25.0237659,"{'itemNo': 1, 'cityName': '臺北市', 'distName': '大安區', 'address': '雲和街11號'}",臺北市政府文化局,文化資產科,臺北市信義區市府路1號4樓東北區,(02)2720-8889,"<a href=""http://nchdb.boch.gov.tw/assets/advanceSearch/historicalBuilding/20031224000002"" target=""_blank"">http://nchdb.boch.gov.tw/assets/advanceSearch/historicalBuilding/20031224000002</a>","[{'classification': '指定/登錄', 'officialDocNo': '府文化二字第09200525500 號', 'registerDate': '2003-12-24 00:00:00.0', 'note': '登錄歷史建築'}]",宅第,臺北市
118,20100202000001,臺北市福景宮,"{'code': 'A2', 'name': '寺廟'}","文化資產保存法第15條、歷史建築登錄廢止審查及輔助辦法暨臺北市歷史建築登錄及廢止審查作業要點等相關規定。
",121.5571721,25.0297093,"{'itemNo': 1, 'cityName': '臺北市', 'distName': '大安區', 'address': '光復南路698號'}",臺北市政府文化局,文化資產科,臺北市信義區市府路1號4樓東北區,(02)2720-8889,"<a href=""http://nchdb.boch.gov.tw/assets/advanceSearch/historicalBuilding/20100202000001"" target=""_blank"">http://nchdb.boch.gov.tw/assets/advanceSearch/historicalBuilding/20100202000001</a>","[{'classification': '指定/登錄', 'officialDocNo': '北市文化二字第09931711900號', 'registerDate': '2010-02-02 00:00:00.0', 'note': '登錄歷史建築'}]",寺廟,臺北市
119,20080527000002,舊總督府第二師範學校小使室及便所,"{'code': 'A99', 'name': '其他設施', 'other': '其他'}",符合歷史建築登錄廢止審查及輔助辦法第2條第1項第1、4款評定基準,121.544709,25.024605,"{'itemNo': 1, 'cityName': '臺北市', 'distName': '大安區', 'address': '和平東路2段134號'}",臺北市政府文化局,文化資產科,臺北市信義區市府路1號4樓東北區,(02)2720-8889,"<a href=""http://nchdb.boch.gov.tw/assets/advanceSearch/historicalBuilding/20080527000002"" target=""_blank"">http://nchdb.boch.gov.tw/assets/advanceSearch/historicalBuilding/20080527000002</a>","[{'classification': '指定/登錄', 'officialDocNo': '北市文化二字第09730141500號', 'registerDate': '2008-05-27 00:00:00.0', 'note': '登錄歷史建築'}]",其他設施,臺北市
120,20070530000002,錦町日式宿舍群,"{'code': 'A3', 'name': '宅第'}",<<歷史建築登錄廢止審查及輔助辦法>>第2條第1項第1款,121.5243908,25.0300615,"{'itemNo': 1, 'cityName': '臺北市', 'distName': '大安區', 'address': '金華街84、86號'}",臺北市政府文化局,文化資產科,臺北市信義區市府路1號4樓東北區,(02)2720-8889,"<a href=""http://nchdb.boch.gov.tw/assets/advanceSearch/historicalBuilding/20070530000002"" target=""_blank"">http://nchdb.boch.gov.tw/assets/advanceSearch/historicalBuilding/20070530000002</a>","[{'classification': '指定/登錄', 'officialDocNo': '府文化二字09630259700號', 'registerDate': '2007-05-30 00:00:00.0', 'note': '登錄'}, {'classification': '變更/修正', 'officialDocNo': '北市文化文資字10430419500號', 'registerDate': '2015-07-28 00:00:00.0', 'note': '地號變更，將62地號變更為：62、62-9、62-10、62-11、62-12、62-13、62-14、62-15、62-16、62-2、63（部分）、64-2（部分）'}, {'classification': '變更/修正', 'officialDocNo': '北市文化文資字10530357700號', 'registerDate': '2016-02-16 00:00:00.0', 'note': '土地、地號、面積調整'}]",宅第,臺北市
120,20070530000002,錦町日式宿舍群,"{'code': 'A3', 'name': '宅第'}",<<歷史建築登錄廢止審查及輔助辦法>>第2條第1項第1款,121.5243908,25.0300615,"{'itemNo': 2, 'cityName': '臺北市', 'distName': '大安區', 'address': '金華街90號'}",臺北市政府文化局,文化資產科,臺北市信義區市府路1號4樓東北區,(02)2720-8889,"<a href=""http://nchdb.boch.gov.tw/assets/advanceSearch/historicalBuilding/20070530000002"" target=""_blank"">http://nchdb.boch.gov.tw/assets/advanceSearch/historicalBuilding/20070530000002</a>","[{'classification': '指定/登錄', 'officialDocNo': '府文化二字09630259700號', 'registerDate': '2007-05-30 00:00:00.0', 'note': '登錄'}, {'classification': '變更/修正', 'officialDocNo': '北市文化文資字10430419500號', 'registerDate': '2015-07-28 00:00:00.0', 'note': '地號變更，將62地號變更為：62、62-9、62-10、62-11、62-12、62-13、62-14、62-15、62-16、62-2、63（部分）、64-2（部分）'}, {'classification': '變更/修正', 'officialDocNo': '北市文化文資字10530357700號', 'registerDate': '2016-02-16 00:00:00.0', 'note': '土地、地號、面積調整'}]",宅第,臺北市
120,20070530000002,錦町日式宿舍群,"{'code': 'A3', 'name': '宅第'}",<<歷史建築登錄廢止審查及輔助辦法>>第2條第1項第1款,121.5243908,25.0300615,"{'itemNo': 3, 'cityName': '臺北市', 'distName': '大安區', 'address': '杭州南路2段61巷33、35號'}",臺北市政府文化局,文化資產科,臺北市信義區市府路1號4樓東北區,(02)2720-8889,"<a href=""http://nchdb.boch.gov.tw/assets/advanceSearch/historicalBuilding/20070530000002"" target=""_blank"">http://nchdb.boch.gov.tw/assets/advanceSearch/historicalBuilding/20070530000002</a>","[{'classification': '指定/登錄', 'officialDocNo': '府文化二字09630259700號', 'registerDate': '2007-05-30 00:00:00.0', 'note': '登錄'}, {'classification': '變更/修正', 'officialDocNo': '北市文化文資字10430419500號', 'registerDate': '2015-07-28 00:00:00.0', 'note': '地號變更，將62地號變更為：62、62-9、62-10、62-11、62-12、62-13、62-14、62-15、62-16、62-2、63（部分）、64-2（部分）'}, {'classification': '變更/修正', 'officialDocNo': '北市文化文資字10530357700號', 'registerDate': '2016-02-16 00:00:00.0', 'note': '土地、地號、面積調整'}]",宅第,臺北市
120,20070530000002,錦町日式宿舍群,"{'code': 'A3', 'name': '宅第'}",<<歷史建築登錄廢止審查及輔助辦法>>第2條第1項第1款,121.5243908,25.0300615,"{'itemNo': 4, 'cityName': '臺北市', 'distName': '大安區', 'address': '杭州南路2段61巷37、39號'}",臺北市政府文化局,文化資產科,臺北市信義區市府路1號4樓東北區,(02)2720-8889,"<a href=""http://nchdb.boch.gov.tw/assets/advanceSearch/historicalBuilding/20070530000002"" target=""_blank"">http://nchdb.boch.gov.tw/assets/advanceSearch/historicalBuilding/20070530000002</a>","[{'classification': '指定/登錄', 'officialDocNo': '府文化二字09630259700號', 'registerDate': '2007-05-30 00:00:00.0', 'note': '登錄'}, {'classification': '變更/修正', 'officialDocNo': '北市文化文資字10430419500號', 'registerDate': '2015-07-28 00:00:00.0', 'note': '地號變更，將62地號變更為：62、62-9、62-10、62-11、62-12、62-13、62-14、62-15、62-16、62-2、63（部分）、64-2（部分）'}, {'classification': '變更/修正', 'officialDocNo': '北市文化文資字10530357700號', 'registerDate': '2016-02-16 00:00:00.0', 'note': '土地、地號、面積調整'}]",宅第,臺北市
120,20070530000002,錦町日式宿舍群,"{'code': 'A3', 'name': '宅第'}",<<歷史建築登錄廢止審查及輔助辦法>>第2條第1項第1款,121.5243908,25.0300615,"{'itemNo': 5, 'cityName': '臺北市', 'distName': '大安區', 'address': '杭州南路2段61巷41、43號'}",臺北市政府文化局,文化資產科,臺北市信義區市府路1號4樓東北區,(02)2720-8889,"<a href=""http://nchdb.boch.gov.tw/assets/advanceSearch/historicalBuilding/20070530000002"" target=""_blank"">http://nchdb.boch.gov.tw/assets/advanceSearch/historicalBuilding/20070530000002</a>","[{'classification': '指定/登錄', 'officialDocNo': '府文化二字09630259700號', 'registerDate': '2007-05-30 00:00:00.0', 'note': '登錄'}, {'classification': '變更/修正', 'officialDocNo': '北市文化文資字10430419500號', 'registerDate': '2015-07-28 00:00:00.0', 'note': '地號變更，將62地號變更為：62、62-9、62-10、62-11、62-12、62-13、62-14、62-15、62-16、62-2、63（部分）、64-2（部分）'}, {'classification': '變更/修正', 'officialDocNo': '北市文化文資字10530357700號', 'registerDate': '2016-02-16 00:00:00.0', 'note': '土地、地號、面積調整'}]",宅第,臺北市
120,20070530000002,錦町日式宿舍群,"{'code': 'A3', 'name': '宅第'}",<<歷史建築登錄廢止審查及輔助辦法>>第2條第1項第1款,121.5243908,25.0300615,"{'itemNo': 6, 'cityName': '臺北市', 'distName': '大安區', 'address': '杭州南路2段61巷49、51號'}",臺北市政府文化局,文化資產科,臺北市信義區市府路1號4樓東北區,(02)2720-8889,"<a href=""http://nchdb.boch.gov.tw/assets/advanceSearch/historicalBuilding/20070530000002"" target=""_blank"">http://nchdb.boch.gov.tw/assets/advanceSearch/historicalBuilding/20070530000002</a>","[{'classification': '指定/登錄', 'officialDocNo': '府文化二字09630259700號', 'registerDate': '2007-05-30 00:00:00.0', 'note': '登錄'}, {'classification': '變更/修正', 'officialDocNo': '北市文化文資字10430419500號', 'registerDate': '2015-07-28 00:00:00.0', 'note': '地號變更，將62地號變更為：62、62-9、62-10、62-11、62-12、62-13、62-14、62-15、62-16、62-2、63（部分）、64-2（部分）'}, {'classification': '變更/修正', 'officialDocNo': '北市文化文資字10530357700號', 'registerDate': '2016-02-16 00:00:00.0', 'note': '土地、地號、面積調整'}]",宅第,臺北市
121,20070227000017,臺鐵舊宿舍─濟南路3段15號,"{'code': 'A3', 'name': '宅第'}",符合歷史建築登錄廢止審查及輔助辦法第2條第1項第1、2、4款評定基準,121.5341067,25.0403449,"{'itemNo': 1, 'cityName': '臺北市', 'distName': '大安區', 'address': '濟南路3段15號'}",臺北市政府文化局,文化資產科,臺北市信義區市府路1號4樓東北區,(02)2720-8889,"<a href=""http://nchdb.boch.gov.tw/assets/advanceSearch/historicalBuilding/20070227000017"" target=""_blank"">http://nchdb.boch.gov.tw/assets/advanceSearch/historicalBuilding/20070227000017</a>","[{'classification': '指定/登錄', 'officialDocNo': '北市府文化二字09630214700號', 'registerDate': '2007-02-27 00:00:00.0', 'note': '登錄歷史建築'}]",宅第,臺北市
122,20061101000004,和平東路1段187號,"{'code': 'A3', 'name': '宅第'}",<<歷史建築登錄廢止審查及輔助辦法>>第2條第1項第1、4款,121.53336226726196,25.02648918459263,"{'itemNo': 1, 'cityName': '臺北市', 'distName': '大安區', 'address': '和平東路1段187號'}",臺北市政府文化局,文化資產科,臺北市信義區市府路1號4樓東北區,(02)2720-8889,"<a href=""http://nchdb.boch.gov.tw/assets/advanceSearch/historicalBuilding/20061101000004"" target=""_blank"">http://nchdb.boch.gov.tw/assets/advanceSearch/historicalBuilding/20061101000004</a>","[{'classification': '指定/登錄', 'officialDocNo': '府文化二字第09530322200號', 'registerDate': '2006-11-01 00:00:00.0', 'note': '登錄歷史建築'}]",宅第,臺北市
123,20061101000005,青田街7巷8號,"{'code': 'A3', 'name': '宅第'}",<<歷史建築登錄廢止審查及輔助辦法>>第2條第1項第1、4款,121.532832,25.0280189,"{'itemNo': 1, 'cityName': '臺北市', 'distName': '大安區', 'address': '青田街7巷8號'}",臺北市政府文化局,文化資產科,臺北市信義區市府路1號4樓東北區,(02)2720-8889,"<a href=""http://nchdb.boch.gov.tw/assets/advanceSearch/historicalBuilding/20061101000005"" target=""_blank"">http://nchdb.boch.gov.tw/assets/advanceSearch/historicalBuilding/20061101000005</a>","[{'classification': '指定/登錄', 'officialDocNo': '府文化二字第09530322200號', 'registerDate': '2006-11-01 00:00:00.0', 'note': '登錄歷史建築'}]",宅第,臺北市
124,20061101000006,青田街8巷10號,"{'code': 'A3', 'name': '宅第'}",<<歷史建築登錄廢止審查及輔助辦法>>第2條第1項第1、4款,121.531127,25.027512,"{'itemNo': 1, 'cityName': '臺北市', 'distName': '大安區', 'address': '青田街8巷10號'}",臺北市政府文化局,文化資產科,臺北市信義區市府路1號4樓東北區,(02)2720-8889,"<a href=""http://nchdb.boch.gov.tw/assets/advanceSearch/historicalBuilding/20061101000006"" target=""_blank"">http://nchdb.boch.gov.tw/assets/advanceSearch/historicalBuilding/20061101000006</a>","[{'classification': '指定/登錄', 'officialDocNo': '府文化二字第09530322200號', 'registerDate': '2006-11-01 00:00:00.0', 'note': '登錄歷史建築'}]",宅第,臺北市
125,20061101000007,青田街9巷4號,"{'code': 'A3', 'name': '宅第'}",<<歷史建築登錄廢止審查及輔助辦法>>第2條第1項第1、4款,121.53215,25.0274579,"{'itemNo': 1, 'cityName': '臺北市', 'distName': '大安區', 'address': '青田街9巷4號'}",臺北市政府文化局,文化資產科,臺北市信義區市府路1號4樓東北區,(02)2720-8889,"<a href=""http://nchdb.boch.gov.tw/assets/advanceSearch/historicalBuilding/20061101000007"" target=""_blank"">http://nchdb.boch.gov.tw/assets/advanceSearch/historicalBuilding/20061101000007</a>","[{'classification': '指定/登錄', 'officialDocNo': '府文化二字第09530322200號', 'registerDate': '2006-11-01 00:00:00.0', 'note': '登錄歷史建築'}]",宅第,臺北市
126,20061101000008,青田街9巷6號,"{'code': 'A3', 'name': '宅第'}",<<歷史建築登錄廢止審查及輔助辦法>>第2條第1項第1、4款,121.532636,25.0274299,"{'itemNo': 1, 'cityName': '臺北市', 'distName': '大安區', 'address': '青田街9巷6號'}",臺北市政府文化局,文化資產科,臺北市信義區市府路1號4樓東北區,(02)2720-8889,"<a href=""http://nchdb.boch.gov.tw/assets/advanceSearch/historicalBuilding/20061101000008"" target=""_blank"">http://nchdb.boch.gov.tw/assets/advanceSearch/historicalBuilding/20061101000008</a>","[{'classification': '指定/登錄', 'officialDocNo': '府文化二字第09530322200號', 'registerDate': '2006-11-01 00:00:00.0', 'note': '登錄歷史建築'}]",宅第,臺北市
127,20061101000009,青田街9巷8號,"{'code': 'A3', 'name': '宅第'}",<<歷史建築登錄廢止審查及輔助辦法>>第2條第1項第1、4款,121.532924,25.0274769,"{'itemNo': 1, 'cityName': '臺北市', 'distName': '大安區', 'address': '青田街9巷8號'}",臺北市政府文化局,文化資產科,臺北市信義區市府路1號4樓東北區,(02)2720-8889,"<a href=""http://nchdb.boch.gov.tw/assets/advanceSearch/historicalBuilding/20061101000009"" target=""_blank"">http://nchdb.boch.gov.tw/assets/advanceSearch/historicalBuilding/20061101000009</a>","[{'classification': '指定/登錄', 'officialDocNo': '府文化二字第09530322200號', 'registerDate': '2006-11-01 00:00:00.0', 'note': '登錄歷史建築'}]",宅第,臺北市
128,20070327000006,國立臺灣大學日式宿舍－新生南路1段97巷5號,"{'code': 'A3', 'name': '宅第'}",符合歷史建築登錄廢止審查及輔助辦法第2條第1項第1、2、3、4款評定基準,121.5342761,25.0412814,"{'itemNo': 1, 'cityName': '臺北市', 'distName': '大安區', 'address': '新生南路1段97巷5號'}",臺北市政府文化局,文化資產科,臺北市信義區市府路1號4樓東北區,(02)2720-8889,"<a href=""http://nchdb.boch.gov.tw/assets/advanceSearch/historicalBuilding/20070327000006"" target=""_blank"">http://nchdb.boch.gov.tw/assets/advanceSearch/historicalBuilding/20070327000006</a>","[{'classification': '指定/登錄', 'officialDocNo': '府文化二字第09630231800號', 'registerDate': '2007-03-27 00:00:00.0', 'note': '登錄歷史建築'}]",宅第,臺北市
129,20061030000001,下內埔營舍,"{'code': 'A99', 'name': '其他設施', 'other': '具有歷史、文化、藝術價值之建造物'}",文化資產保存法,121.545461,25.020939,"{'itemNo': 1, 'cityName': '臺北市', 'distName': '大安區', 'address': '辛亥路三段（復興南路與基隆路間）的和平國小用地範圍內'}",臺北市政府文化局,文化資產科,臺北市信義區市府路1號4樓東北區,(02)2720-8889,"<a href=""http://nchdb.boch.gov.tw/assets/advanceSearch/historicalBuilding/20061030000001"" target=""_blank"">http://nchdb.boch.gov.tw/assets/advanceSearch/historicalBuilding/20061030000001</a>","[{'classification': '指定/登錄', 'officialDocNo': '府文化二字09530322700號', 'registerDate': '2006-10-30 00:00:00.0', 'note': '登錄歷史建築'}]",其他設施,臺北市
130,20061207000003,錦町日式宿舍─杭州南路2段67號,"{'code': 'A3', 'name': '宅第'}",<<歷史建築登錄廢止審查及輔助辦法>>第2條第1項第3款,121.522177,25.029744,"{'itemNo': 1, 'cityName': '臺北市', 'distName': '大安區', 'address': '杭州南路2段67號'}",臺北市政府文化局,文化資產科,臺北市信義區市府路1號4樓東北區,(02)2720-8889,"<a href=""http://nchdb.boch.gov.tw/assets/advanceSearch/historicalBuilding/20061207000003"" target=""_blank"">http://nchdb.boch.gov.tw/assets/advanceSearch/historicalBuilding/20061207000003</a>","[{'classification': '指定/登錄', 'officialDocNo': '府文化二字第09530330900號', 'registerDate': '2006-12-07 00:00:00.0', 'note': '登錄歷史建築'}, {'classification': '變更/修正', 'officialDocNo': '北市文化二字第10230422900號', 'registerDate': '2013-12-13 00:00:00.0', 'note': '變更263地號面積為：460平方公尺'}]",宅第,臺北市
131,20070327000007,國立臺灣大學日式宿舍－和平東路1段183巷7弄6號,"{'code': 'A3', 'name': '宅第'}",<<歷史建築登錄廢止審查及輔助辦法>>第2條第1項第1、4款,121.53364441215022,25.027131631503803,"{'itemNo': 1, 'cityName': '臺北市', 'distName': '大安區', 'address': '和平東路1段183巷7弄6號'}",臺北市政府文化局,文化資產科,臺北市信義區市府路1號4樓東北區,(02)2720-8889,"<a href=""http://nchdb.boch.gov.tw/assets/advanceSearch/historicalBuilding/20070327000007"" target=""_blank"">http://nchdb.boch.gov.tw/assets/advanceSearch/historicalBuilding/20070327000007</a>","[{'classification': '指定/登錄', 'officialDocNo': '府文化二字第09630231800號', 'registerDate': '2007-03-27 00:00:00.0', 'note': '登錄歷史建築'}]",宅第,臺北市
132,20070327000008,國立臺灣大學日式宿舍－丁觀海、丁肇中寓所,"{'code': 'A3', 'name': '宅第'}",<<歷史建築登錄廢止審查及輔助辦法>>第2條第1項第1、2、3、4款,121.531687,25.024023,"{'itemNo': 1, 'cityName': '臺北市', 'distName': '大安區', 'address': '泰順街33巷4號'}",臺北市政府文化局,文化資產科,臺北市信義區市府路1號4樓東北區,(02)2720-8889,"<a href=""http://nchdb.boch.gov.tw/assets/advanceSearch/historicalBuilding/20070327000008"" target=""_blank"">http://nchdb.boch.gov.tw/assets/advanceSearch/historicalBuilding/20070327000008</a>","[{'classification': '指定/登錄', 'officialDocNo': '府文化二字第09630231800號', 'registerDate': '2007-03-27 00:00:00.0', 'note': '登錄歷史建築'}]",宅第,臺北市
133,20060116000001,艋舺王宅二進遺構,"{'code': 'A3', 'name': '宅第'}",文化資產保存法,121.500502,25.038215,"{'itemNo': 1, 'cityName': '臺北市', 'distName': '萬華區', 'address': '西昌街177號(遺構現址：貴陽街2段164巷)'}",臺北市政府文化局,文化資產科,臺北市信義區市府路1號4樓東北區,(02)2720-8889,"<a href=""http://nchdb.boch.gov.tw/assets/advanceSearch/historicalBuilding/20060116000001"" target=""_blank"">http://nchdb.boch.gov.tw/assets/advanceSearch/historicalBuilding/20060116000001</a>","[{'classification': '指定/登錄', 'officialDocNo': '府文化二字第09530205200號', 'registerDate': '2006-01-16 00:00:00.0', 'note': '登錄歷史建築'}]",宅第,臺北市
134,20061030000002,仁濟療養院,"{'code': 'A99', 'name': '其他設施', 'other': '其他'}",符合歷史建築登錄廢止審查及輔助辦法第2條第1項第1、4款評定基準,121.4969928,25.0318364,"{'itemNo': 1, 'cityName': '臺北市', 'distName': '萬華區', 'address': '西園路2段42號'}",臺北市政府文化局,文化資產科,臺北市信義區市府路1號4樓東北區,(02)2720-8889,"<a href=""http://nchdb.boch.gov.tw/assets/advanceSearch/historicalBuilding/20061030000002"" target=""_blank"">http://nchdb.boch.gov.tw/assets/advanceSearch/historicalBuilding/20061030000002</a>","[{'classification': '指定/登錄', 'officialDocNo': '府文化二字第09530322500號', 'registerDate': '2006-10-30 00:00:00.0', 'note': '登錄歷史建築'}]",其他設施,臺北市
135,20070403000001,漢口街2段125號店屋,"{'code': 'A3', 'name': '宅第'}",文化資產保存法,121.5040002,25.0464845,"{'itemNo': 1, 'cityName': '臺北市', 'distName': '萬華區', 'address': '漢口街2段125號'}",臺北市政府文化局,文化資產科,臺北市信義區市府路1號4樓東北區,(02)2720-8889,"<a href=""http://nchdb.boch.gov.tw/assets/advanceSearch/historicalBuilding/20070403000001"" target=""_blank"">http://nchdb.boch.gov.tw/assets/advanceSearch/historicalBuilding/20070403000001</a>","[{'classification': '指定/登錄', 'officialDocNo': '府文化二字第09630235000號', 'registerDate': '2007-04-03 00:00:00.0', 'note': '登錄'}]",宅第,臺北市
136,20060221000002,西本願寺輪番所，遺跡(參道、本堂、御廟所),"{'code': 'A2', 'name': '寺廟'}",文化資產保存法,121.50645405107046,25.040353511814267,"{'itemNo': 1, 'cityName': '臺北市', 'distName': '萬華區', 'address': '中華路一段174-1號'}",臺北市政府文化局,文化資產科,臺北市信義區市府路1號4樓東北區,(02)2720-8889,"<a href=""http://nchdb.boch.gov.tw/assets/advanceSearch/historicalBuilding/20060221000002"" target=""_blank"">http://nchdb.boch.gov.tw/assets/advanceSearch/historicalBuilding/20060221000002</a>","[{'classification': '指定/登錄', 'officialDocNo': '府文化二字第09530213901號', 'registerDate': '2006-02-21 00:00:00.0', 'note': '登錄'}]",寺廟,臺北市
137,20100329000001,剝皮寮歷史建築群,"{'code': 'A3', 'name': '宅第'}",符合歷史建築登錄廢止審查及輔助辦法第2條第1項第1、2、4款評定基準,121.50222514612412,25.03688051199976,"{'itemNo': 1, 'cityName': '臺北市', 'distName': '萬華區', 'address': '北鄰老松國小南校舍、西接康定路、南面廣州街、東至昆明街所圍成之街廓'}",臺北市政府文化局,文化資產科,臺北市信義區市府路1號4樓東北區,(02)2720-8889,"<a href=""http://nchdb.boch.gov.tw/assets/advanceSearch/historicalBuilding/20100329000001"" target=""_blank"">http://nchdb.boch.gov.tw/assets/advanceSearch/historicalBuilding/20100329000001</a>","[{'classification': '指定/登錄', 'officialDocNo': '北市文化二字第09931741300號', 'registerDate': '2010-03-29 00:00:00.0', 'note': '登錄歷史建築'}]",宅第,臺北市
138,20110105000001,西寧南路14-3號店屋,"{'code': 'A3', 'name': '宅第'}",符合歷史建築登錄廢止審查及輔助辦法第2條第1項第1、2、4款評定基準,121.506958,25.0467659,"{'itemNo': 1, 'cityName': '臺北市', 'distName': '萬華區', 'address': '西寧南路14-3號'}",臺北市政府文化局,文化資產科,臺北市信義區市府路1號4樓東北區,(02)2720-8889,"<a href=""http://nchdb.boch.gov.tw/assets/advanceSearch/historicalBuilding/20110105000001"" target=""_blank"">http://nchdb.boch.gov.tw/assets/advanceSearch/historicalBuilding/20110105000001</a>","[{'classification': '指定/登錄', 'officialDocNo': '北市文化二字第09931892400號', 'registerDate': '2011-01-05 00:00:00.0', 'note': '登錄歷史建築'}]",宅第,臺北市
139,20141106000002,青雲閣,"{'code': 'A3', 'name': '宅第'}",符合歷史建築登錄廢止審查及輔助辦法第2條第1項第1、4款評定基準。,121.4979166,25.0389824,"{'itemNo': 1, 'cityName': '臺北市', 'distName': '萬華區', 'address': '臺北市萬華區環河南路二段5巷6弄20號'}",臺北市政府文化局,文化資產科,臺北市信義區市府路1號4樓東北區,(02)2720-8889,"<a href=""http://nchdb.boch.gov.tw/assets/advanceSearch/historicalBuilding/20141106000002"" target=""_blank"">http://nchdb.boch.gov.tw/assets/advanceSearch/historicalBuilding/20141106000002</a>","[{'classification': '指定/登錄', 'officialDocNo': '北市文化文資字第10330473100號', 'registerDate': '2014-11-06 00:00:00.0', 'note': '登錄'}]",宅第,臺北市
140,20120601000001,蔣渭水墓園,"{'code': 'A12', 'name': '墓葬'}",文化資產保存法第4條、歷史建築登錄廢止審查及輔助辦法第2條第1項第1款登錄評定基準。,121.562011,25.023563,"{'itemNo': 1, 'cityName': '臺北市', 'distName': '信義區', 'address': '六張犁崇德街底大安第六公墓'}",臺北市政府文化局,文化資產科,臺北市信義區市府路1號4樓東北區,(02)2720-8889,"<a href=""http://nchdb.boch.gov.tw/assets/advanceSearch/historicalBuilding/20120601000001"" target=""_blank"">http://nchdb.boch.gov.tw/assets/advanceSearch/historicalBuilding/20120601000001</a>","[{'classification': '指定/登錄', 'officialDocNo': '北市文化二字第10130329600號', 'registerDate': '2012-06-01 00:00:00.0', 'note': '登錄歷史建築'}]",墓葬,臺北市
141,20031223000001,四四南村,"{'code': 'A3', 'name': '宅第'}",文化資產保存法第27條之1及臺北市古蹟指定暨歷史建築登錄作業要點規定辦理。,121.5618718,25.0319706,"{'itemNo': 1, 'cityName': '臺北市', 'distName': '信義區', 'address': '松勤街50號(松勤街與莊敬路交會區域內)'}",臺北市政府文化局,文化資產科,臺北市信義區市府路1號4樓東北區,(02)2720-8889,"<a href=""http://nchdb.boch.gov.tw/assets/advanceSearch/historicalBuilding/20031223000001"" target=""_blank"">http://nchdb.boch.gov.tw/assets/advanceSearch/historicalBuilding/20031223000001</a>","[{'classification': '指定/登錄', 'officialDocNo': '府文化二字第09200525400號', 'registerDate': '2003-12-23 00:00:00.0', 'note': '登錄歷史建築'}]",宅第,臺北市
142,20070928000001,「陽明山美國在臺協會(原美援運用委員會)宿舍」,"{'code': 'A3', 'name': '宅第'}",符合歷史建築登錄廢止審查及輔助辦法第2條第1項第1、2、3款評定基準,121.5484931,25.134759,"{'itemNo': 1, 'cityName': '臺北市', 'distName': '士林區', 'address': '中庸1路2號'}",臺北市政府文化局,文化資產科,臺北市信義區市府路1號4樓東北區,(02)2720-8889,"<a href=""http://nchdb.boch.gov.tw/assets/advanceSearch/historicalBuilding/20070928000001"" target=""_blank"">http://nchdb.boch.gov.tw/assets/advanceSearch/historicalBuilding/20070928000001</a>","[{'classification': '指定/登錄', 'officialDocNo': '府文化二字第09630295300號', 'registerDate': '2007-09-28 00:00:00.0', 'note': '登錄歷史建築'}]",宅第,臺北市
142,20070928000001,「陽明山美國在臺協會(原美援運用委員會)宿舍」,"{'code': 'A3', 'name': '宅第'}",符合歷史建築登錄廢止審查及輔助辦法第2條第1項第1、2、3款評定基準,121.5484931,25.134759,"{'itemNo': 2, 'cityName': '臺北市', 'distName': '士林區', 'address': '中庸1路4號'}",臺北市政府文化局,文化資產科,臺北市信義區市府路1號4樓東北區,(02)2720-8889,"<a href=""http://nchdb.boch.gov.tw/assets/advanceSearch/historicalBuilding/20070928000001"" target=""_blank"">http://nchdb.boch.gov.tw/assets/advanceSearch/historicalBuilding/20070928000001</a>","[{'classification': '指定/登錄', 'officialDocNo': '府文化二字第09630295300號', 'registerDate': '2007-09-28 00:00:00.0', 'note': '登錄歷史建築'}]",宅第,臺北市
142,20070928000001,「陽明山美國在臺協會(原美援運用委員會)宿舍」,"{'code': 'A3', 'name': '宅第'}",符合歷史建築登錄廢止審查及輔助辦法第2條第1項第1、2、3款評定基準,121.5484931,25.134759,"{'itemNo': 3, 'cityName': '臺北市', 'distName': '士林區', 'address': '中庸2路1號'}",臺北市政府文化局,文化資產科,臺北市信義區市府路1號4樓東北區,(02)2720-8889,"<a href=""http://nchdb.boch.gov.tw/assets/advanceSearch/historicalBuilding/20070928000001"" target=""_blank"">http://nchdb.boch.gov.tw/assets/advanceSearch/historicalBuilding/20070928000001</a>","[{'classification': '指定/登錄', 'officialDocNo': '府文化二字第09630295300號', 'registerDate': '2007-09-28 00:00:00.0', 'note': '登錄歷史建築'}]",宅第,臺北市
142,20070928000001,「陽明山美國在臺協會(原美援運用委員會)宿舍」,"{'code': 'A3', 'name': '宅第'}",符合歷史建築登錄廢止審查及輔助辦法第2條第1項第1、2、3款評定基準,121.5484931,25.134759,"{'itemNo': 4, 'cityName': '臺北市', 'distName': '士林區', 'address': '中庸2路2號'}",臺北市政府文化局,文化資產科,臺北市信義區市府路1號4樓東北區,(02)2720-8889,"<a href=""http://nchdb.boch.gov.tw/assets/advanceSearch/historicalBuilding/20070928000001"" target=""_blank"">http://nchdb.boch.gov.tw/assets/advanceSearch/historicalBuilding/20070928000001</a>","[{'classification': '指定/登錄', 'officialDocNo': '府文化二字第09630295300號', 'registerDate': '2007-09-28 00:00:00.0', 'note': '登錄歷史建築'}]",宅第,臺北市
142,20070928000001,「陽明山美國在臺協會(原美援運用委員會)宿舍」,"{'code': 'A3', 'name': '宅第'}",符合歷史建築登錄廢止審查及輔助辦法第2條第1項第1、2、3款評定基準,121.5484931,25.134759,"{'itemNo': 5, 'cityName': '臺北市', 'distName': '士林區', 'address': '中庸2路3號'}",臺北市政府文化局,文化資產科,臺北市信義區市府路1號4樓東北區,(02)2720-8889,"<a href=""http://nchdb.boch.gov.tw/assets/advanceSearch/historicalBuilding/20070928000001"" target=""_blank"">http://nchdb.boch.gov.tw/assets/advanceSearch/historicalBuilding/20070928000001</a>","[{'classification': '指定/登錄', 'officialDocNo': '府文化二字第09630295300號', 'registerDate': '2007-09-28 00:00:00.0', 'note': '登錄歷史建築'}]",宅第,臺北市
142,20070928000001,「陽明山美國在臺協會(原美援運用委員會)宿舍」,"{'code': 'A3', 'name': '宅第'}",符合歷史建築登錄廢止審查及輔助辦法第2條第1項第1、2、3款評定基準,121.5484931,25.134759,"{'itemNo': 6, 'cityName': '臺北市', 'distName': '士林區', 'address': '中庸2路4號'}",臺北市政府文化局,文化資產科,臺北市信義區市府路1號4樓東北區,(02)2720-8889,"<a href=""http://nchdb.boch.gov.tw/assets/advanceSearch/historicalBuilding/20070928000001"" target=""_blank"">http://nchdb.boch.gov.tw/assets/advanceSearch/historicalBuilding/20070928000001</a>","[{'classification': '指定/登錄', 'officialDocNo': '府文化二字第09630295300號', 'registerDate': '2007-09-28 00:00:00.0', 'note': '登錄歷史建築'}]",宅第,臺北市
142,20070928000001,「陽明山美國在臺協會(原美援運用委員會)宿舍」,"{'code': 'A3', 'name': '宅第'}",符合歷史建築登錄廢止審查及輔助辦法第2條第1項第1、2、3款評定基準,121.5484931,25.134759,"{'itemNo': 7, 'cityName': '臺北市', 'distName': '士林區', 'address': '中庸2路5號'}",臺北市政府文化局,文化資產科,臺北市信義區市府路1號4樓東北區,(02)2720-8889,"<a href=""http://nchdb.boch.gov.tw/assets/advanceSearch/historicalBuilding/20070928000001"" target=""_blank"">http://nchdb.boch.gov.tw/assets/advanceSearch/historicalBuilding/20070928000001</a>","[{'classification': '指定/登錄', 'officialDocNo': '府文化二字第09630295300號', 'registerDate': '2007-09-28 00:00:00.0', 'note': '登錄歷史建築'}]",宅第,臺北市
142,20070928000001,「陽明山美國在臺協會(原美援運用委員會)宿舍」,"{'code': 'A3', 'name': '宅第'}",符合歷史建築登錄廢止審查及輔助辦法第2條第1項第1、2、3款評定基準,121.5484931,25.134759,"{'itemNo': 8, 'cityName': '臺北市', 'distName': '士林區', 'address': '中庸2路6號'}",臺北市政府文化局,文化資產科,臺北市信義區市府路1號4樓東北區,(02)2720-8889,"<a href=""http://nchdb.boch.gov.tw/assets/advanceSearch/historicalBuilding/20070928000001"" target=""_blank"">http://nchdb.boch.gov.tw/assets/advanceSearch/historicalBuilding/20070928000001</a>","[{'classification': '指定/登錄', 'officialDocNo': '府文化二字第09630295300號', 'registerDate': '2007-09-28 00:00:00.0', 'note': '登錄歷史建築'}]",宅第,臺北市
142,20070928000001,「陽明山美國在臺協會(原美援運用委員會)宿舍」,"{'code': 'A3', 'name': '宅第'}",符合歷史建築登錄廢止審查及輔助辦法第2條第1項第1、2、3款評定基準,121.5484931,25.134759,"{'itemNo': 9, 'cityName': '臺北市', 'distName': '士林區', 'address': '中庸2路7號'}",臺北市政府文化局,文化資產科,臺北市信義區市府路1號4樓東北區,(02)2720-8889,"<a href=""http://nchdb.boch.gov.tw/assets/advanceSearch/historicalBuilding/20070928000001"" target=""_blank"">http://nchdb.boch.gov.tw/assets/advanceSearch/historicalBuilding/20070928000001</a>","[{'classification': '指定/登錄', 'officialDocNo': '府文化二字第09630295300號', 'registerDate': '2007-09-28 00:00:00.0', 'note': '登錄歷史建築'}]",宅第,臺北市
142,20070928000001,「陽明山美國在臺協會(原美援運用委員會)宿舍」,"{'code': 'A3', 'name': '宅第'}",符合歷史建築登錄廢止審查及輔助辦法第2條第1項第1、2、3款評定基準,121.5484931,25.134759,"{'itemNo': 10, 'cityName': '臺北市', 'distName': '士林區', 'address': '中庸2路8號'}",臺北市政府文化局,文化資產科,臺北市信義區市府路1號4樓東北區,(02)2720-8889,"<a href=""http://nchdb.boch.gov.tw/assets/advanceSearch/historicalBuilding/20070928000001"" target=""_blank"">http://nchdb.boch.gov.tw/assets/advanceSearch/historicalBuilding/20070928000001</a>","[{'classification': '指定/登錄', 'officialDocNo': '府文化二字第09630295300號', 'registerDate': '2007-09-28 00:00:00.0', 'note': '登錄歷史建築'}]",宅第,臺北市
142,20070928000001,「陽明山美國在臺協會(原美援運用委員會)宿舍」,"{'code': 'A3', 'name': '宅第'}",符合歷史建築登錄廢止審查及輔助辦法第2條第1項第1、2、3款評定基準,121.5484931,25.134759,"{'itemNo': 11, 'cityName': '臺北市', 'distName': '士林區', 'address': '中庸2路10號'}",臺北市政府文化局,文化資產科,臺北市信義區市府路1號4樓東北區,(02)2720-8889,"<a href=""http://nchdb.boch.gov.tw/assets/advanceSearch/historicalBuilding/20070928000001"" target=""_blank"">http://nchdb.boch.gov.tw/assets/advanceSearch/historicalBuilding/20070928000001</a>","[{'classification': '指定/登錄', 'officialDocNo': '府文化二字第09630295300號', 'registerDate': '2007-09-28 00:00:00.0', 'note': '登錄歷史建築'}]",宅第,臺北市
142,20070928000001,「陽明山美國在臺協會(原美援運用委員會)宿舍」,"{'code': 'A3', 'name': '宅第'}",符合歷史建築登錄廢止審查及輔助辦法第2條第1項第1、2、3款評定基準,121.5484931,25.134759,"{'itemNo': 12, 'cityName': '臺北市', 'distName': '士林區', 'address': '中庸2路12號'}",臺北市政府文化局,文化資產科,臺北市信義區市府路1號4樓東北區,(02)2720-8889,"<a href=""http://nchdb.boch.gov.tw/assets/advanceSearch/historicalBuilding/20070928000001"" target=""_blank"">http://nchdb.boch.gov.tw/assets/advanceSearch/historicalBuilding/20070928000001</a>","[{'classification': '指定/登錄', 'officialDocNo': '府文化二字第09630295300號', 'registerDate': '2007-09-28 00:00:00.0', 'note': '登錄歷史建築'}]",宅第,臺北市
143,20070928000002,山仔后前美軍宿舍,"{'code': 'A3', 'name': '宅第'}",符合歷史建築登錄廢止審查及輔助辦法第2條第1項第1、2、3款評定基準,121.5460612,25.1391412,"{'itemNo': 1, 'cityName': '臺北市', 'distName': '士林區', 'address': '愛富2街1號'}",臺北市政府文化局,文化資產科,臺北市信義區市府路1號4樓東北區,(02)2720-8889,"<a href=""http://nchdb.boch.gov.tw/assets/advanceSearch/historicalBuilding/20070928000002"" target=""_blank"">http://nchdb.boch.gov.tw/assets/advanceSearch/historicalBuilding/20070928000002</a>","[{'classification': '指定/登錄', 'officialDocNo': '府文化二字第09630295300號', 'registerDate': '2007-09-28 00:00:00.0', 'note': '登錄歷史建築'}]",宅第,臺北市
143,20070928000002,山仔后前美軍宿舍,"{'code': 'A3', 'name': '宅第'}",符合歷史建築登錄廢止審查及輔助辦法第2條第1項第1、2、3款評定基準,121.5460612,25.1391412,"{'itemNo': 2, 'cityName': '臺北市', 'distName': '士林區', 'address': '愛富2街厚生巷2號'}",臺北市政府文化局,文化資產科,臺北市信義區市府路1號4樓東北區,(02)2720-8889,"<a href=""http://nchdb.boch.gov.tw/assets/advanceSearch/historicalBuilding/20070928000002"" target=""_blank"">http://nchdb.boch.gov.tw/assets/advanceSearch/historicalBuilding/20070928000002</a>","[{'classification': '指定/登錄', 'officialDocNo': '府文化二字第09630295300號', 'registerDate': '2007-09-28 00:00:00.0', 'note': '登錄歷史建築'}]",宅第,臺北市
143,20070928000002,山仔后前美軍宿舍,"{'code': 'A3', 'name': '宅第'}",符合歷史建築登錄廢止審查及輔助辦法第2條第1項第1、2、3款評定基準,121.5460612,25.1391412,"{'itemNo': 3, 'cityName': '臺北市', 'distName': '士林區', 'address': '愛富2街厚生巷4號'}",臺北市政府文化局,文化資產科,臺北市信義區市府路1號4樓東北區,(02)2720-8889,"<a href=""http://nchdb.boch.gov.tw/assets/advanceSearch/historicalBuilding/20070928000002"" target=""_blank"">http://nchdb.boch.gov.tw/assets/advanceSearch/historicalBuilding/20070928000002</a>","[{'classification': '指定/登錄', 'officialDocNo': '府文化二字第09630295300號', 'registerDate': '2007-09-28 00:00:00.0', 'note': '登錄歷史建築'}]",宅第,臺北市
143,20070928000002,山仔后前美軍宿舍,"{'code': 'A3', 'name': '宅第'}",符合歷史建築登錄廢止審查及輔助辦法第2條第1項第1、2、3款評定基準,121.5460612,25.1391412,"{'itemNo': 4, 'cityName': '臺北市', 'distName': '士林區', 'address': '愛富3街2號'}",臺北市政府文化局,文化資產科,臺北市信義區市府路1號4樓東北區,(02)2720-8889,"<a href=""http://nchdb.boch.gov.tw/assets/advanceSearch/historicalBuilding/20070928000002"" target=""_blank"">http://nchdb.boch.gov.tw/assets/advanceSearch/historicalBuilding/20070928000002</a>","[{'classification': '指定/登錄', 'officialDocNo': '府文化二字第09630295300號', 'registerDate': '2007-09-28 00:00:00.0', 'note': '登錄歷史建築'}]",宅第,臺北市
143,20070928000002,山仔后前美軍宿舍,"{'code': 'A3', 'name': '宅第'}",符合歷史建築登錄廢止審查及輔助辦法第2條第1項第1、2、3款評定基準,121.5460612,25.1391412,"{'itemNo': 5, 'cityName': '臺北市', 'distName': '士林區', 'address': '愛富3街4號'}",臺北市政府文化局,文化資產科,臺北市信義區市府路1號4樓東北區,(02)2720-8889,"<a href=""http://nchdb.boch.gov.tw/assets/advanceSearch/historicalBuilding/20070928000002"" target=""_blank"">http://nchdb.boch.gov.tw/assets/advanceSearch/historicalBuilding/20070928000002</a>","[{'classification': '指定/登錄', 'officialDocNo': '府文化二字第09630295300號', 'registerDate': '2007-09-28 00:00:00.0', 'note': '登錄歷史建築'}]",宅第,臺北市
143,20070928000002,山仔后前美軍宿舍,"{'code': 'A3', 'name': '宅第'}",符合歷史建築登錄廢止審查及輔助辦法第2條第1項第1、2、3款評定基準,121.5460612,25.1391412,"{'itemNo': 6, 'cityName': '臺北市', 'distName': '士林區', 'address': '愛富3街長生巷1號'}",臺北市政府文化局,文化資產科,臺北市信義區市府路1號4樓東北區,(02)2720-8889,"<a href=""http://nchdb.boch.gov.tw/assets/advanceSearch/historicalBuilding/20070928000002"" target=""_blank"">http://nchdb.boch.gov.tw/assets/advanceSearch/historicalBuilding/20070928000002</a>","[{'classification': '指定/登錄', 'officialDocNo': '府文化二字第09630295300號', 'registerDate': '2007-09-28 00:00:00.0', 'note': '登錄歷史建築'}]",宅第,臺北市
143,20070928000002,山仔后前美軍宿舍,"{'code': 'A3', 'name': '宅第'}",符合歷史建築登錄廢止審查及輔助辦法第2條第1項第1、2、3款評定基準,121.5460612,25.1391412,"{'itemNo': 7, 'cityName': '臺北市', 'distName': '士林區', 'address': '愛富3街長生巷3號'}",臺北市政府文化局,文化資產科,臺北市信義區市府路1號4樓東北區,(02)2720-8889,"<a href=""http://nchdb.boch.gov.tw/assets/advanceSearch/historicalBuilding/20070928000002"" target=""_blank"">http://nchdb.boch.gov.tw/assets/advanceSearch/historicalBuilding/20070928000002</a>","[{'classification': '指定/登錄', 'officialDocNo': '府文化二字第09630295300號', 'registerDate': '2007-09-28 00:00:00.0', 'note': '登錄歷史建築'}]",宅第,臺北市
143,20070928000002,山仔后前美軍宿舍,"{'code': 'A3', 'name': '宅第'}",符合歷史建築登錄廢止審查及輔助辦法第2條第1項第1、2、3款評定基準,121.5460612,25.1391412,"{'itemNo': 8, 'cityName': '臺北市', 'distName': '士林區', 'address': '愛富3街長生巷2號'}",臺北市政府文化局,文化資產科,臺北市信義區市府路1號4樓東北區,(02)2720-8889,"<a href=""http://nchdb.boch.gov.tw/assets/advanceSearch/historicalBuilding/20070928000002"" target=""_blank"">http://nchdb.boch.gov.tw/assets/advanceSearch/historicalBuilding/20070928000002</a>","[{'classification': '指定/登錄', 'officialDocNo': '府文化二字第09630295300號', 'registerDate': '2007-09-28 00:00:00.0', 'note': '登錄歷史建築'}]",宅第,臺北市
143,20070928000002,山仔后前美軍宿舍,"{'code': 'A3', 'name': '宅第'}",符合歷史建築登錄廢止審查及輔助辦法第2條第1項第1、2、3款評定基準,121.5460612,25.1391412,"{'itemNo': 9, 'cityName': '臺北市', 'distName': '士林區', 'address': '愛富3街長生巷4號'}",臺北市政府文化局,文化資產科,臺北市信義區市府路1號4樓東北區,(02)2720-8889,"<a href=""http://nchdb.boch.gov.tw/assets/advanceSearch/historicalBuilding/20070928000002"" target=""_blank"">http://nchdb.boch.gov.tw/assets/advanceSearch/historicalBuilding/20070928000002</a>","[{'classification': '指定/登錄', 'officialDocNo': '府文化二字第09630295300號', 'registerDate': '2007-09-28 00:00:00.0', 'note': '登錄歷史建築'}]",宅第,臺北市
143,20070928000002,山仔后前美軍宿舍,"{'code': 'A3', 'name': '宅第'}",符合歷史建築登錄廢止審查及輔助辦法第2條第1項第1、2、3款評定基準,121.5460612,25.1391412,"{'itemNo': 10, 'cityName': '臺北市', 'distName': '士林區', 'address': '愛富3街長生巷5號'}",臺北市政府文化局,文化資產科,臺北市信義區市府路1號4樓東北區,(02)2720-8889,"<a href=""http://nchdb.boch.gov.tw/assets/advanceSearch/historicalBuilding/20070928000002"" target=""_blank"">http://nchdb.boch.gov.tw/assets/advanceSearch/historicalBuilding/20070928000002</a>","[{'classification': '指定/登錄', 'officialDocNo': '府文化二字第09630295300號', 'registerDate': '2007-09-28 00:00:00.0', 'note': '登錄歷史建築'}]",宅第,臺北市
143,20070928000002,山仔后前美軍宿舍,"{'code': 'A3', 'name': '宅第'}",符合歷史建築登錄廢止審查及輔助辦法第2條第1項第1、2、3款評定基準,121.5460612,25.1391412,"{'itemNo': 11, 'cityName': '臺北市', 'distName': '士林區', 'address': '愛富3街長生巷7號'}",臺北市政府文化局,文化資產科,臺北市信義區市府路1號4樓東北區,(02)2720-8889,"<a href=""http://nchdb.boch.gov.tw/assets/advanceSearch/historicalBuilding/20070928000002"" target=""_blank"">http://nchdb.boch.gov.tw/assets/advanceSearch/historicalBuilding/20070928000002</a>","[{'classification': '指定/登錄', 'officialDocNo': '府文化二字第09630295300號', 'registerDate': '2007-09-28 00:00:00.0', 'note': '登錄歷史建築'}]",宅第,臺北市
143,20070928000002,山仔后前美軍宿舍,"{'code': 'A3', 'name': '宅第'}",符合歷史建築登錄廢止審查及輔助辦法第2條第1項第1、2、3款評定基準,121.5460612,25.1391412,"{'itemNo': 12, 'cityName': '臺北市', 'distName': '士林區', 'address': '愛富3街長生巷6號'}",臺北市政府文化局,文化資產科,臺北市信義區市府路1號4樓東北區,(02)2720-8889,"<a href=""http://nchdb.boch.gov.tw/assets/advanceSearch/historicalBuilding/20070928000002"" target=""_blank"">http://nchdb.boch.gov.tw/assets/advanceSearch/historicalBuilding/20070928000002</a>","[{'classification': '指定/登錄', 'officialDocNo': '府文化二字第09630295300號', 'registerDate': '2007-09-28 00:00:00.0', 'note': '登錄歷史建築'}]",宅第,臺北市
143,20070928000002,山仔后前美軍宿舍,"{'code': 'A3', 'name': '宅第'}",符合歷史建築登錄廢止審查及輔助辦法第2條第1項第1、2、3款評定基準,121.5460612,25.1391412,"{'itemNo': 13, 'cityName': '臺北市', 'distName': '士林區', 'address': '愛富3街長生巷8號'}",臺北市政府文化局,文化資產科,臺北市信義區市府路1號4樓東北區,(02)2720-8889,"<a href=""http://nchdb.boch.gov.tw/assets/advanceSearch/historicalBuilding/20070928000002"" target=""_blank"">http://nchdb.boch.gov.tw/assets/advanceSearch/historicalBuilding/20070928000002</a>","[{'classification': '指定/登錄', 'officialDocNo': '府文化二字第09630295300號', 'registerDate': '2007-09-28 00:00:00.0', 'note': '登錄歷史建築'}]",宅第,臺北市
143,20070928000002,山仔后前美軍宿舍,"{'code': 'A3', 'name': '宅第'}",符合歷史建築登錄廢止審查及輔助辦法第2條第1項第1、2、3款評定基準,121.5460612,25.1391412,"{'itemNo': 14, 'cityName': '臺北市', 'distName': '士林區', 'address': '愛富3街長生巷9號'}",臺北市政府文化局,文化資產科,臺北市信義區市府路1號4樓東北區,(02)2720-8889,"<a href=""http://nchdb.boch.gov.tw/assets/advanceSearch/historicalBuilding/20070928000002"" target=""_blank"">http://nchdb.boch.gov.tw/assets/advanceSearch/historicalBuilding/20070928000002</a>","[{'classification': '指定/登錄', 'officialDocNo': '府文化二字第09630295300號', 'registerDate': '2007-09-28 00:00:00.0', 'note': '登錄歷史建築'}]",宅第,臺北市
143,20070928000002,山仔后前美軍宿舍,"{'code': 'A3', 'name': '宅第'}",符合歷史建築登錄廢止審查及輔助辦法第2條第1項第1、2、3款評定基準,121.5460612,25.1391412,"{'itemNo': 15, 'cityName': '臺北市', 'distName': '士林區', 'address': '愛富3街長生巷11號'}",臺北市政府文化局,文化資產科,臺北市信義區市府路1號4樓東北區,(02)2720-8889,"<a href=""http://nchdb.boch.gov.tw/assets/advanceSearch/historicalBuilding/20070928000002"" target=""_blank"">http://nchdb.boch.gov.tw/assets/advanceSearch/historicalBuilding/20070928000002</a>","[{'classification': '指定/登錄', 'officialDocNo': '府文化二字第09630295300號', 'registerDate': '2007-09-28 00:00:00.0', 'note': '登錄歷史建築'}]",宅第,臺北市
143,20070928000002,山仔后前美軍宿舍,"{'code': 'A3', 'name': '宅第'}",符合歷史建築登錄廢止審查及輔助辦法第2條第1項第1、2、3款評定基準,121.5460612,25.1391412,"{'itemNo': 16, 'cityName': '臺北市', 'distName': '士林區', 'address': '愛富3街長生巷13號'}",臺北市政府文化局,文化資產科,臺北市信義區市府路1號4樓東北區,(02)2720-8889,"<a href=""http://nchdb.boch.gov.tw/assets/advanceSearch/historicalBuilding/20070928000002"" target=""_blank"">http://nchdb.boch.gov.tw/assets/advanceSearch/historicalBuilding/20070928000002</a>","[{'classification': '指定/登錄', 'officialDocNo': '府文化二字第09630295300號', 'registerDate': '2007-09-28 00:00:00.0', 'note': '登錄歷史建築'}]",宅第,臺北市
143,20070928000002,山仔后前美軍宿舍,"{'code': 'A3', 'name': '宅第'}",符合歷史建築登錄廢止審查及輔助辦法第2條第1項第1、2、3款評定基準,121.5460612,25.1391412,"{'itemNo': 17, 'cityName': '臺北市', 'distName': '士林區', 'address': '愛富3街長生巷15號'}",臺北市政府文化局,文化資產科,臺北市信義區市府路1號4樓東北區,(02)2720-8889,"<a href=""http://nchdb.boch.gov.tw/assets/advanceSearch/historicalBuilding/20070928000002"" target=""_blank"">http://nchdb.boch.gov.tw/assets/advanceSearch/historicalBuilding/20070928000002</a>","[{'classification': '指定/登錄', 'officialDocNo': '府文化二字第09630295300號', 'registerDate': '2007-09-28 00:00:00.0', 'note': '登錄歷史建築'}]",宅第,臺北市
144,20140714000002,菁山路72巷20弄6號（巫雲山莊）,"{'code': 'A3', 'name': '宅第'}",符合歷史建築登錄廢止審查及輔助辦法第2條第1項第1、4款評定基準。,121.550848,25.138724,"{'itemNo': 1, 'cityName': '臺北市', 'distName': '士林區', 'address': '菁山路72巷20弄6號'}",臺北市政府文化局,文化資產科,臺北市信義區市府路1號4樓東北區,(02)2720-8889,"<a href=""http://nchdb.boch.gov.tw/assets/advanceSearch/historicalBuilding/20140714000002"" target=""_blank"">http://nchdb.boch.gov.tw/assets/advanceSearch/historicalBuilding/20140714000002</a>","[{'classification': '指定/登錄', 'officialDocNo': '北市文化文資字第10330414100號', 'registerDate': '2014-07-14 00:00:00.0', 'note': '登錄歷史建築'}]",宅第,臺北市
145,20131127000001,陽明山美軍俱樂部,"{'code': 'A16', 'name': '產業'}",符合歷史建築登錄廢止審查及輔助辦法第2條第1項第1、4款評定基準,121.5433567,25.1354413,"{'itemNo': 1, 'cityName': '臺北市', 'distName': '士林區', 'address': '凱旋路49號'}",臺北市政府文化局,文化資產科,臺北市信義區市府路1號4樓東北區,(02)2720-8889,"<a href=""http://nchdb.boch.gov.tw/assets/advanceSearch/historicalBuilding/20131127000001"" target=""_blank"">http://nchdb.boch.gov.tw/assets/advanceSearch/historicalBuilding/20131127000001</a>","[{'classification': '指定/登錄', 'officialDocNo': '北市文化二字第10230428600號', 'registerDate': '2013-11-27 00:00:00.0', 'note': '登錄歷史建築'}, {'classification': '變更/修正', 'officialDocNo': '北市文化文資字第10530360700號', 'registerDate': '2016-02-26 00:00:00.0', 'note': '變更地址'}]",產業,臺北市
146,20160226000001,陽明山美軍福利社,"{'code': 'A16', 'name': '產業'}",文化資產保存法,121.543953,25.136902,"{'itemNo': 1, 'cityName': '臺北市', 'distName': '士林區', 'address': '長春街6巷2號'}",臺北市政府文化局,文化資產科,臺北市信義區市府路1號4樓東北區,(02)2720-8889,"<a href=""http://nchdb.boch.gov.tw/assets/advanceSearch/historicalBuilding/20160226000001"" target=""_blank"">http://nchdb.boch.gov.tw/assets/advanceSearch/historicalBuilding/20160226000001</a>","[{'classification': '指定/登錄', 'officialDocNo': '北市文化二字第10230428600號', 'registerDate': '2013-11-27 00:00:00.0', 'note': '登錄歷史建築'}, {'classification': '變更/修正', 'officialDocNo': '北市文化文資字第10530360700號', 'registerDate': '2016-02-26 00:00:00.0', 'note': '變更地址'}]",產業,臺北市
147,20121107000001,臺灣省農業試驗所分所長宿舍,"{'code': 'A3', 'name': '宅第'}",符合歷史建築登錄廢止審查及輔助辦法第2條第1項第1、3、4款評定基準,121.5466575,25.1381795,"{'itemNo': 1, 'cityName': '臺北市', 'distName': '士林區', 'address': '格致路70號'}",臺北市政府文化局,文化資產科,臺北市信義區市府路1號4樓東北區,(02)2720-8889,"<a href=""http://nchdb.boch.gov.tw/assets/advanceSearch/historicalBuilding/20121107000001"" target=""_blank"">http://nchdb.boch.gov.tw/assets/advanceSearch/historicalBuilding/20121107000001</a>","[{'classification': '指定/登錄', 'officialDocNo': '北市文化二字第10130398600號', 'registerDate': '2012-11-07 00:00:00.0', 'note': '登錄歷史建築'}]",宅第,臺北市
148,20131120000001,青邨國建館,"{'code': 'A6', 'name': '衙署'}",符合歷史建築登錄廢止審查及輔助辦法第2條第1項第1、2、3款評定基準。,121.5526547,25.1556188,"{'itemNo': 1, 'cityName': '臺北市', 'distName': '北投區', 'address': '陽明路2段15號'}",臺北市政府文化局,文化資產科,臺北市信義區市府路1號4樓東北區,(02)2720-8889,"<a href=""http://nchdb.boch.gov.tw/assets/advanceSearch/historicalBuilding/20131120000001"" target=""_blank"">http://nchdb.boch.gov.tw/assets/advanceSearch/historicalBuilding/20131120000001</a>","[{'classification': '指定/登錄', 'officialDocNo': '北市文化二字第10230424204號', 'registerDate': '2013-11-20 00:00:00.0', 'note': '登錄歷史建築'}]",衙署,臺北市
149,20131120000002,青邨圓講堂,"{'code': 'A6', 'name': '衙署'}",符合歷史建築登錄廢止審查及輔助辦法第2條第1項第1、2、3款評定基準。,121.5526547,25.1556188,"{'itemNo': 1, 'cityName': '臺北市', 'distName': '北投區', 'address': '陽明路2段15號'}",臺北市政府文化局,文化資產科,臺北市信義區市府路1號4樓東北區,(02)2720-8889,"<a href=""http://nchdb.boch.gov.tw/assets/advanceSearch/historicalBuilding/20131120000002"" target=""_blank"">http://nchdb.boch.gov.tw/assets/advanceSearch/historicalBuilding/20131120000002</a>","[{'classification': '指定/登錄', 'officialDocNo': '北市文化二字第10230424204號', 'registerDate': '2013-11-20 00:00:00.0', 'note': '登錄歷史建築'}]",衙署,臺北市
150,20040719000002,農禪寺,"{'code': 'A2', 'name': '寺廟'}",文化資產保存法,121.495846,25.122771,"{'itemNo': 1, 'cityName': '臺北市', 'distName': '北投區', 'address': '大業路65巷89號'}",臺北市政府文化局,文化資產科,臺北市信義區市府路1號4樓東北區,(02)2720-8889,"<a href=""http://nchdb.boch.gov.tw/assets/advanceSearch/historicalBuilding/20040719000002"" target=""_blank"">http://nchdb.boch.gov.tw/assets/advanceSearch/historicalBuilding/20040719000002</a>","[{'classification': '指定/登錄', 'officialDocNo': '府文化二字第09304443600號', 'registerDate': '2004-07-19 00:00:00.0', 'note': '登錄歷史建築'}]",寺廟,臺北市
151,20050315000001,草山行館,"{'code': 'A3', 'name': '宅第'}",符合歷史建築紀念建築登錄廢止審查及輔助辦法第2條第1項第3款評定基準,121.5380191,25.1544747,"{'itemNo': 1, 'cityName': '臺北市', 'distName': '北投區', 'address': '湖底路89號'}",臺北市政府文化局,文化資產科,臺北市信義區市府路1號4樓東北區,(02)2720-8889,"<a href=""http://nchdb.boch.gov.tw/assets/advanceSearch/historicalBuilding/20050315000001"" target=""_blank"">http://nchdb.boch.gov.tw/assets/advanceSearch/historicalBuilding/20050315000001</a>","[{'classification': '指定/登錄', 'officialDocNo': '府文化二字第09406154100號', 'registerDate': '2005-03-15 00:00:00.0', 'note': '登錄歷史建築'}, {'classification': '變更/修正', 'officialDocNo': '北市文化文資字第10830433611號', 'registerDate': '2019-12-27 00:00:00.0', 'note': '變更定著土地範圍'}]",宅第,臺北市
152,20090625000001,竹子湖蓬萊米原種田事務所、竹子山莊、氣象觀測臺等建築,"{'code': 'A99', 'name': '其他設施', 'other': '具有歷史、文化、藝術價值之建造物'}","符合歷史建築紀念建築登錄廢止審查及輔助辦法第2條第1、2、3款登錄基準。
",121.522723,25.175142,"{'itemNo': 1, 'cityName': '臺北市', 'distName': '北投區', 'address': '竹子湖路15、15-1號'}",臺北市政府文化局,文化資產科,臺北市信義區市府路1號4樓東北區,(02)2720-8889,"<a href=""http://nchdb.boch.gov.tw/assets/advanceSearch/historicalBuilding/20090625000001"" target=""_blank"">http://nchdb.boch.gov.tw/assets/advanceSearch/historicalBuilding/20090625000001</a>","[{'classification': '指定/登錄', 'officialDocNo': '北市文化文資字第11130275681號', 'registerDate': '2022-07-25 00:00:00.0', 'note': '登錄歷史建築'}]",其他設施,臺北市
153,20060710000001,北投梅庭,"{'code': 'A3', 'name': '宅第'}",<<歷史建築登錄廢止審查及輔助辦法>>第2條第1、3款登錄基準,121.5087651,25.1369293,"{'itemNo': 1, 'cityName': '臺北市', 'distName': '北投區', 'address': '中山路6號'}",臺北市政府文化局,文化資產科,臺北市信義區市府路1號4樓東北區,(02)2720-8889,"<a href=""http://nchdb.boch.gov.tw/assets/advanceSearch/historicalBuilding/20060710000001"" target=""_blank"">http://nchdb.boch.gov.tw/assets/advanceSearch/historicalBuilding/20060710000001</a>","[{'classification': '指定/登錄', 'officialDocNo': '府文化二字第09530271200號', 'registerDate': '2006-07-10 00:00:00.0', 'note': '登錄歷史建築'}, {'classification': '變更/修正', 'officialDocNo': '北市文化文資第11230362071號', 'registerDate': '2023-11-14 00:00:00.0', 'note': '新增歷史建築「北投梅庭」定著土地範圍及修正登錄理由'}]",宅第,臺北市
154,20060517000004,章嘉活佛舍利塔塔蹟,"{'code': 'A12', 'name': '墓葬'}",文化資產保存法,121.5075627,25.1306107,"{'itemNo': 1, 'cityName': '臺北市', 'distName': '北投區', 'address': '奇岩路151號中和禪寺後方山坡'}",臺北市政府文化局,文化資產科,臺北市信義區市府路1號4樓東北區,(02)2720-8889,"<a href=""http://nchdb.boch.gov.tw/assets/advanceSearch/historicalBuilding/20060517000004"" target=""_blank"">http://nchdb.boch.gov.tw/assets/advanceSearch/historicalBuilding/20060517000004</a>","[{'classification': '指定/登錄', 'officialDocNo': '府文化二字第09530253200號', 'registerDate': '2006-05-17 00:00:00.0', 'note': '登錄歷史建築'}]",墓葬,臺北市
155,20040715000002,五分吊橋,"{'code': 'A15', 'name': '橋樑'}",文化資產保存法,121.613593,25.066098,"{'itemNo': 1, 'cityName': '臺北市', 'distName': '內湖區', 'address': '安康路402號旁涵洞另一側'}",臺北市政府文化局,文化資產科,臺北市信義區市府路1號4樓東北區,(02)2720-8889,"<a href=""http://nchdb.boch.gov.tw/assets/advanceSearch/historicalBuilding/20040715000002"" target=""_blank"">http://nchdb.boch.gov.tw/assets/advanceSearch/historicalBuilding/20040715000002</a>","[{'classification': '指定/登錄', 'officialDocNo': '府文化二字第09304442801號', 'registerDate': '2004-07-15 00:00:00.0', 'note': '登錄歷史建築'}]",橋樑,臺北市
156,20050204000001,十四份圳舊水閘門,"{'code': 'A13', 'name': '堤閘'}",文化資產保存法,121.6044519,25.0822805,"{'itemNo': 1, 'cityName': '臺北市', 'distName': '內湖區', 'address': '大湖南端'}",臺北市政府文化局,文化資產科,臺北市信義區市府路1號4樓東北區,(02)2720-8889,"<a href=""http://nchdb.boch.gov.tw/assets/advanceSearch/historicalBuilding/20050204000001"" target=""_blank"">http://nchdb.boch.gov.tw/assets/advanceSearch/historicalBuilding/20050204000001</a>","[{'classification': '指定/登錄', 'officialDocNo': '府文化二字第09406150800號', 'registerDate': '2005-02-04 00:00:00.0', 'note': '登錄歷史建築'}]",堤閘,臺北市
157,20051013000001,內湖路統制倉,"{'code': 'A99', 'name': '其他設施', 'other': '建築物類'}",符合歷史建築紀念建築登錄廢止審查及輔助辦法第2條第3款評定基準,121.5898859,25.0814075,"{'itemNo': 1, 'cityName': '臺北市', 'distName': '內湖區', 'address': '文德段一小段319地號(現位於成功路三段174巷26弄周邊)'}",臺北市政府文化局,文化資產科,臺北市信義區市府路1號4樓東北區,(02)2720-8889,"<a href=""http://nchdb.boch.gov.tw/assets/advanceSearch/historicalBuilding/20051013000001"" target=""_blank"">http://nchdb.boch.gov.tw/assets/advanceSearch/historicalBuilding/20051013000001</a>","[{'classification': '指定/登錄', 'officialDocNo': '府文化二字第09406172600號', 'registerDate': '2005-10-13 00:00:00.0', 'note': '登錄歷史建築'}, {'classification': '變更/修正', 'officialDocNo': '北市文化文資字第11130145291號', 'registerDate': '2022-04-29 00:00:00.0', 'note': '變更定著土地'}]",其他設施,臺北市
158,20040719000003,南港煙囪,"{'code': 'A16', 'name': '產業'}",文化資產保存法第27-1條、臺北市市定古蹟指定暨歷史建築登錄作業要點,121.6001104,25.0533222,"{'itemNo': 1, 'cityName': '臺北市', 'distName': '南港區', 'address': '南港路2段51號'}",臺北市政府文化局,文化資產科,臺北市信義區市府路1號4樓東北區,(02)2720-8889,"<a href=""http://nchdb.boch.gov.tw/assets/advanceSearch/historicalBuilding/20040719000003"" target=""_blank"">http://nchdb.boch.gov.tw/assets/advanceSearch/historicalBuilding/20040719000003</a>","[{'classification': '指定/登錄', 'officialDocNo': '府文化二字第09304443402號', 'registerDate': '2004-07-19 00:00:00.0', 'note': '登錄歷史建築'}]",產業,臺北市
159,20061207000004,松山療養所所長宿舍,"{'code': 'A3', 'name': '宅第'}", 歷史建築登錄廢止審查及輔助辦法第2條第 1項第 2、3款評定基準。 ,121.59355365767193,25.0484672719381,"{'itemNo': 1, 'cityName': '臺北市', 'distName': '南港區', 'address': '昆陽街164號'}",臺北市政府文化局,文化資產科,臺北市信義區市府路1號4樓東北區,(02)2720-8889,"<a href=""http://nchdb.boch.gov.tw/assets/advanceSearch/historicalBuilding/20061207000004"" target=""_blank"">http://nchdb.boch.gov.tw/assets/advanceSearch/historicalBuilding/20061207000004</a>","[{'classification': '指定/登錄', 'officialDocNo': '北市府文化二字第09530330900號', 'registerDate': '2006-12-07 00:00:00.0', 'note': '登錄歷史建築'}, {'classification': '變更/修正', 'officialDocNo': '北市文化文資字第10630508000號', 'registerDate': '2017-09-08 00:00:00.0', 'note': '變更定著土地地號'}]",宅第,臺北市
160,20080915000002,賴氏萬壽塔,"{'code': 'A12', 'name': '墓葬'}",歷史建築登錄廢止審查及輔助辦法第2條第1項第2、4款登錄評定基準,121.5467615,25.0030613,"{'itemNo': 1, 'cityName': '臺北市', 'distName': '文山區', 'address': '興隆路2段203巷底'}",臺北市政府文化局,文化資產科,臺北市信義區市府路1號4樓東北區,(02)2720-8889,"<a href=""http://nchdb.boch.gov.tw/assets/advanceSearch/historicalBuilding/20080915000002"" target=""_blank"">http://nchdb.boch.gov.tw/assets/advanceSearch/historicalBuilding/20080915000002</a>","[{'classification': '指定/登錄', 'officialDocNo': '北市文化二字第09730190900號', 'registerDate': '2008-09-15 00:00:00.0', 'note': '登錄歷史建築'}]",墓葬,臺北市
161,20051004000001,「革命實踐研究院院舍」秋瑾堂、育樂室、民眾會堂、保健所,"{'code': 'A99', 'name': '其他設施', 'other': '(略)'}",文化資產保存法第15條、歷史建築登錄廢止審查及輔助辦法、臺北市歷史建築登錄及廢止審查作業要點,121.555325,24.9880999,"{'itemNo': 1, 'cityName': '臺北市', 'distName': '文山區', 'address': '木柵路1段290號'}",臺北市政府文化局,文化資產科,臺北市信義區市府路1號4樓東北區,(02)2720-8889,"<a href=""http://nchdb.boch.gov.tw/assets/advanceSearch/historicalBuilding/20051004000001"" target=""_blank"">http://nchdb.boch.gov.tw/assets/advanceSearch/historicalBuilding/20051004000001</a>","[{'classification': '變更/修正', 'officialDocNo': '北市文化文資字第10330450100號', 'registerDate': '2014-10-09 00:00:00.0', 'note': '修正名稱以及登錄理由'}, {'classification': '變更/修正', 'officialDocNo': '府文化二字第09406172800號', 'registerDate': '2005-10-13 00:00:00.0', 'note': '修正門牌'}, {'classification': '指定/登錄', 'officialDocNo': '府文化二字第09406172000號', 'registerDate': '2005-10-04 00:00:00.0', 'note': '登錄歷史建築'}]",其他設施,臺北市
162,20140619000001,革命實踐研究院司令臺,"{'code': 'A99', 'name': '其他設施', 'other': '司令臺'}",歷史建築登錄廢止審查及輔助辦法第2條第1項第1、4款,121.555928,24.9885026,"{'itemNo': 1, 'cityName': '臺北市', 'distName': '文山區', 'address': '木柵路1段321號'}",臺北市政府文化局,文化資產科,臺北市信義區市府路1號4樓東北區,(02)2720-8889,"<a href=""http://nchdb.boch.gov.tw/assets/advanceSearch/historicalBuilding/20140619000001"" target=""_blank"">http://nchdb.boch.gov.tw/assets/advanceSearch/historicalBuilding/20140619000001</a>","[{'classification': '指定/登錄', 'officialDocNo': '北市文化文資字第10330396400號', 'registerDate': '2014-06-19 00:00:00.0', 'note': '登錄歷史建築'}]",其他設施,臺北市
163,20030120000002,陽明海運,"{'code': 'A6', 'name': '衙署'}",《歷史建築紀念建築登錄廢止審查及輔助辦法》第2條第1項第2、3款,121.7400974776402,25.132654998208714,"{'itemNo': 1, 'cityName': '基隆市', 'distName': '仁愛區', 'address': '港西街4 號'}",基隆市文化觀光局,文化資產科,基隆市中正區信一路181號,(02)2422-4170,"<a href=""http://nchdb.boch.gov.tw/assets/advanceSearch/historicalBuilding/20030120000002"" target=""_blank"">http://nchdb.boch.gov.tw/assets/advanceSearch/historicalBuilding/20030120000002</a>","[{'classification': '指定/登錄', 'officialDocNo': '基府教社字第0920006602號', 'registerDate': '2003-01-20 15:02:23.0', 'note': '公告「陽明海運」登錄為本市歷史建築'}]",衙署,基隆市
164,20141225000001,基隆港西二西三碼頭倉庫(含空橋),"{'code': 'A99', 'name': '其他設施', 'other': '港埠設施'}",《歷史建築登錄廢止審查及輔助辦法》第2條第1項第2、3款。,121.74120998438939,25.134883832680668,"{'itemNo': 1, 'cityName': '基隆市', 'distName': '仁愛區', 'address': '港西街12號'}",基隆市文化觀光局,文化資產科,基隆市中正區信一路181號,(02)2422-4170,"<a href=""http://nchdb.boch.gov.tw/assets/advanceSearch/historicalBuilding/20141225000001"" target=""_blank"">http://nchdb.boch.gov.tw/assets/advanceSearch/historicalBuilding/20141225000001</a>","[{'classification': '指定/登錄', 'officialDocNo': '府授文資貳字第1030330026B號', 'registerDate': '2014-07-17 00:00:00.0', 'note': '公告登錄「基隆港西二西三碼頭倉庫」為本市歷史建築'}, {'classification': '變更/修正', 'officialDocNo': '府授文資貳字第103033052B號', 'registerDate': '2014-10-01 00:00:00.0', 'note': '修正公告登錄「基隆港西二西三碼頭倉庫(含空橋)」為本市歷史建築'}, {'classification': '變更/修正', 'officialDocNo': '府授文資貳字第1030330099B號', 'registerDate': '2014-12-25 13:17:45.0', 'note': '更正公告本市歷史建築「基隆港西二西三碼頭倉庫(含空橋)」之登錄名稱與歷史建築本體及其定著土地範圍'}, {'classification': '變更/修正', 'officialDocNo': '府授文資壹字第1060330070B號', 'registerDate': '2017-05-15 00:00:00.0', 'note': '變更本市歷史建築「基隆港西二西三碼頭倉庫(含空橋)」定著土地範圍'}]",其他設施,基隆市
164,20141225000001,基隆港西二西三碼頭倉庫(含空橋),"{'code': 'A99', 'name': '其他設施', 'other': '港埠設施'}",《歷史建築登錄廢止審查及輔助辦法》第2條第1項第2、3款。,121.74120998438939,25.134883832680668,"{'itemNo': 2, 'cityName': '基隆市', 'distName': '仁愛區', 'address': '港西街14號'}",基隆市文化觀光局,文化資產科,基隆市中正區信一路181號,(02)2422-4170,"<a href=""http://nchdb.boch.gov.tw/assets/advanceSearch/historicalBuilding/20141225000001"" target=""_blank"">http://nchdb.boch.gov.tw/assets/advanceSearch/historicalBuilding/20141225000001</a>","[{'classification': '指定/登錄', 'officialDocNo': '府授文資貳字第1030330026B號', 'registerDate': '2014-07-17 00:00:00.0', 'note': '公告登錄「基隆港西二西三碼頭倉庫」為本市歷史建築'}, {'classification': '變更/修正', 'officialDocNo': '府授文資貳字第103033052B號', 'registerDate': '2014-10-01 00:00:00.0', 'note': '修正公告登錄「基隆港西二西三碼頭倉庫(含空橋)」為本市歷史建築'}, {'classification': '變更/修正', 'officialDocNo': '府授文資貳字第1030330099B號', 'registerDate': '2014-12-25 13:17:45.0', 'note': '更正公告本市歷史建築「基隆港西二西三碼頭倉庫(含空橋)」之登錄名稱與歷史建築本體及其定著土地範圍'}, {'classification': '變更/修正', 'officialDocNo': '府授文資壹字第1060330070B號', 'registerDate': '2017-05-15 00:00:00.0', 'note': '變更本市歷史建築「基隆港西二西三碼頭倉庫(含空橋)」定著土地範圍'}]",其他設施,基隆市
164,20141225000001,基隆港西二西三碼頭倉庫(含空橋),"{'code': 'A99', 'name': '其他設施', 'other': '港埠設施'}",《歷史建築登錄廢止審查及輔助辦法》第2條第1項第2、3款。,121.74120998438939,25.134883832680668,"{'itemNo': 3, 'cityName': '基隆市', 'distName': '仁愛區', 'address': '港西街16號'}",基隆市文化觀光局,文化資產科,基隆市中正區信一路181號,(02)2422-4170,"<a href=""http://nchdb.boch.gov.tw/assets/advanceSearch/historicalBuilding/20141225000001"" target=""_blank"">http://nchdb.boch.gov.tw/assets/advanceSearch/historicalBuilding/20141225000001</a>","[{'classification': '指定/登錄', 'officialDocNo': '府授文資貳字第1030330026B號', 'registerDate': '2014-07-17 00:00:00.0', 'note': '公告登錄「基隆港西二西三碼頭倉庫」為本市歷史建築'}, {'classification': '變更/修正', 'officialDocNo': '府授文資貳字第103033052B號', 'registerDate': '2014-10-01 00:00:00.0', 'note': '修正公告登錄「基隆港西二西三碼頭倉庫(含空橋)」為本市歷史建築'}, {'classification': '變更/修正', 'officialDocNo': '府授文資貳字第1030330099B號', 'registerDate': '2014-12-25 13:17:45.0', 'note': '更正公告本市歷史建築「基隆港西二西三碼頭倉庫(含空橋)」之登錄名稱與歷史建築本體及其定著土地範圍'}, {'classification': '變更/修正', 'officialDocNo': '府授文資壹字第1060330070B號', 'registerDate': '2017-05-15 00:00:00.0', 'note': '變更本市歷史建築「基隆港西二西三碼頭倉庫(含空橋)」定著土地範圍'}]",其他設施,基隆市
164,20141225000001,基隆港西二西三碼頭倉庫(含空橋),"{'code': 'A99', 'name': '其他設施', 'other': '港埠設施'}",《歷史建築登錄廢止審查及輔助辦法》第2條第1項第2、3款。,121.74120998438939,25.134883832680668,"{'itemNo': 4, 'cityName': '基隆市', 'distName': '仁愛區', 'address': '港西街18號'}",基隆市文化觀光局,文化資產科,基隆市中正區信一路181號,(02)2422-4170,"<a href=""http://nchdb.boch.gov.tw/assets/advanceSearch/historicalBuilding/20141225000001"" target=""_blank"">http://nchdb.boch.gov.tw/assets/advanceSearch/historicalBuilding/20141225000001</a>","[{'classification': '指定/登錄', 'officialDocNo': '府授文資貳字第1030330026B號', 'registerDate': '2014-07-17 00:00:00.0', 'note': '公告登錄「基隆港西二西三碼頭倉庫」為本市歷史建築'}, {'classification': '變更/修正', 'officialDocNo': '府授文資貳字第103033052B號', 'registerDate': '2014-10-01 00:00:00.0', 'note': '修正公告登錄「基隆港西二西三碼頭倉庫(含空橋)」為本市歷史建築'}, {'classification': '變更/修正', 'officialDocNo': '府授文資貳字第1030330099B號', 'registerDate': '2014-12-25 13:17:45.0', 'note': '更正公告本市歷史建築「基隆港西二西三碼頭倉庫(含空橋)」之登錄名稱與歷史建築本體及其定著土地範圍'}, {'classification': '變更/修正', 'officialDocNo': '府授文資壹字第1060330070B號', 'registerDate': '2017-05-15 00:00:00.0', 'note': '變更本市歷史建築「基隆港西二西三碼頭倉庫(含空橋)」定著土地範圍'}]",其他設施,基隆市
165,20040301000001,許梓桑古厝,"{'code': 'A3', 'name': '宅第'}",《歷史建築登錄廢止審查及輔助辦法》第2條第1項第1款。,121.74420555336683,25.127428154887873,"{'itemNo': 1, 'cityName': '基隆市', 'distName': '仁愛區', 'address': '愛四路2巷15號'}",基隆市文化觀光局,文化資產科,基隆市中正區信一路181號,02-24224170,"<a href=""http://nchdb.boch.gov.tw/assets/advanceSearch/historicalBuilding/20040301000001"" target=""_blank"">http://nchdb.boch.gov.tw/assets/advanceSearch/historicalBuilding/20040301000001</a>","[{'classification': '指定/登錄', 'officialDocNo': '基府教社壹字第0930020678B號函', 'registerDate': '2004-03-01 11:37:22.0', 'note': '公告「許梓桑古厝」登錄為本市歷史建築'}, {'classification': '變更/修正', 'officialDocNo': '府授文資壹字第1130330114B號', 'registerDate': '2024-05-28 17:11:34.172', 'note': '新增地號'}]",宅第,基隆市
166,20030120000003,海港大樓,"{'code': 'A20', 'name': '辦公廳舍'}",《歷史建築登錄廢止審查及輔助辦法》第2條第2項「具歷史文化意義足以為時代表徵者」、第5項「具建築史上之意義，有再利用之價值與潛力者」。,121.74038002973967,25.132978665132487,"{'itemNo': 1, 'cityName': '基隆市', 'distName': '仁愛區', 'address': '港西街6號'}",基隆市文化觀光局,文化資產科,基隆市中正區信一路181號,(02)2422-4170,"<a href=""http://nchdb.boch.gov.tw/assets/advanceSearch/historicalBuilding/20030120000003"" target=""_blank"">http://nchdb.boch.gov.tw/assets/advanceSearch/historicalBuilding/20030120000003</a>","[{'classification': '指定/登錄', 'officialDocNo': '基府教社字第0920006602號', 'registerDate': '2003-01-20 08:42:09.0', 'note': '公告「海港大樓」為本市歷史建築'}]",辦公廳舍,基隆市
167,20041012000001,基隆站南北號誌樓轉轍站,"{'code': 'A16', 'name': '產業'}",《歷史建築登錄廢止審查及輔助辦法》第2條第1項第2、3款。,121.7399,25.1335,"{'itemNo': 1, 'cityName': '基隆市', 'distName': '中山區', 'address': '中山一路14巷21號'}",基隆市文化觀光局,文化資產科,基隆市中正區信一路181號,(02)2422-4170#370,"<a href=""http://nchdb.boch.gov.tw/assets/advanceSearch/historicalBuilding/20041012000001"" target=""_blank"">http://nchdb.boch.gov.tw/assets/advanceSearch/historicalBuilding/20041012000001</a>","[{'classification': '指定/登錄', 'officialDocNo': '基府教社貳字第0930103906A號', 'registerDate': '2004-10-12 12:13:08.0', 'note': '公告「基隆火車站南北號誌樓轉轍站」為本市歷史建築'}]",產業,基隆市
167,20041012000001,基隆站南北號誌樓轉轍站,"{'code': 'A16', 'name': '產業'}",《歷史建築登錄廢止審查及輔助辦法》第2條第1項第2、3款。,121.7399,25.1335,"{'itemNo': 2, 'cityName': '基隆市', 'distName': '仁愛區', 'address': '港西街5號'}",基隆市文化觀光局,文化資產科,基隆市中正區信一路181號,(02)2422-4170#370,"<a href=""http://nchdb.boch.gov.tw/assets/advanceSearch/historicalBuilding/20041012000001"" target=""_blank"">http://nchdb.boch.gov.tw/assets/advanceSearch/historicalBuilding/20041012000001</a>","[{'classification': '指定/登錄', 'officialDocNo': '基府教社貳字第0930103906A號', 'registerDate': '2004-10-12 12:13:08.0', 'note': '公告「基隆火車站南北號誌樓轉轍站」為本市歷史建築'}]",產業,基隆市
168,20060720000001,靈泉三塔,"{'code': 'A12', 'name': '墓葬'}",《歷史建築登錄廢止審查及輔助辦法》第2條第1項第1、2款。,121.762968758006,25.1156308463059,"{'itemNo': 1, 'cityName': '基隆市', 'distName': '信義區', 'address': '六合街2號'}",基隆市文化觀光局,文化資產科,基隆市中正區信一路181號,(02)2422-4170,"<a href=""http://nchdb.boch.gov.tw/assets/advanceSearch/historicalBuilding/20060720000001"" target=""_blank"">http://nchdb.boch.gov.tw/assets/advanceSearch/historicalBuilding/20060720000001</a>","[{'classification': '指定/登錄', 'officialDocNo': '基府文資壹字第0950084095B號', 'registerDate': '2006-07-20 11:09:23.0', 'note': '公告「靈泉三塔」為歷史建築'}]",墓葬,基隆市
169,20040301000002,靈泉禪寺開山堂,"{'code': 'A3', 'name': '宅第'}",《歷史建築登錄廢止審查及輔助辦法》第2條第1項第1、2款。,121.762469967132,25.115338711172,"{'itemNo': 1, 'cityName': '基隆市', 'distName': '信義區', 'address': '六合街2號'}",基隆市文化觀光局,文化資產科,基隆市中正區信一路181號,(02)2422-4170,"<a href=""http://nchdb.boch.gov.tw/assets/advanceSearch/historicalBuilding/20040301000002"" target=""_blank"">http://nchdb.boch.gov.tw/assets/advanceSearch/historicalBuilding/20040301000002</a>","[{'classification': '指定/登錄', 'officialDocNo': '基府社教壹字第0930020678B號', 'registerDate': '2004-03-01 11:10:39.0', 'note': '公告「靈泉禪寺開山堂」登錄為本市歷史建築'}]",宅第,基隆市
170,20080101000002,靈泉禪寺佛殿,"{'code': 'A2', 'name': '寺廟'}",<<歷史建築登錄廢止審查及輔助辦法>>第2條第1項第1、2、3款,121.76387234064477,25.116081818590306,"{'itemNo': 1, 'cityName': '基隆市', 'distName': '信義區', 'address': '六合街1號'}",基隆市文化觀光局,文化資產科,基隆市中正區信一路181號,(02)2422-4170,"<a href=""http://nchdb.boch.gov.tw/assets/advanceSearch/historicalBuilding/20080101000002"" target=""_blank"">http://nchdb.boch.gov.tw/assets/advanceSearch/historicalBuilding/20080101000002</a>","[{'classification': '指定/登錄', 'officialDocNo': '基府文資貳字第0970039281B號', 'registerDate': '2008-05-01 00:00:00.0', 'note': '公告登錄「靈泉禪寺佛殿」為歷史建築'}]",寺廟,基隆市
171,20030120000004,基隆市政府大樓,"{'code': 'A6', 'name': '衙署'}",《歷史建築登錄廢止審查及輔助辦法》第2條第1項第1、2款,121.744608309688,25.131670721001,"{'itemNo': 1, 'cityName': '基隆市', 'distName': '中正區', 'address': '義一路1號'}",基隆市文化觀光局,文化資產科,基隆市中正區信一路181號,(02)24224170,"<a href=""http://nchdb.boch.gov.tw/assets/advanceSearch/historicalBuilding/20030120000004"" target=""_blank"">http://nchdb.boch.gov.tw/assets/advanceSearch/historicalBuilding/20030120000004</a>","[{'classification': '指定/登錄', 'officialDocNo': '基府教社壹字第0920006602號', 'registerDate': '2003-01-20 16:40:15.0', 'note': '公告「基隆市政府大樓」登錄為本市歷史建築'}]",衙署,基隆市
172,20030120000005,漁會正濱大樓,"{'code': 'A16', 'name': '產業'}",《歷史建築登錄廢止審查及輔助辦法》第2條第1項第2、3款。,121.765505,25.150737,"{'itemNo': 1, 'cityName': '基隆市', 'distName': '中正區', 'address': '中正路391 號'}",基隆市文化觀光局,文化資產科,基隆市中正區信一路181號,(02)2422-4170,"<a href=""http://nchdb.boch.gov.tw/assets/advanceSearch/historicalBuilding/20030120000005"" target=""_blank"">http://nchdb.boch.gov.tw/assets/advanceSearch/historicalBuilding/20030120000005</a>","[{'classification': '指定/登錄', 'officialDocNo': '基府社教壹字第0920006602號', 'registerDate': '2003-01-20 00:00:00.0', 'note': '公告「漁會正濱大樓」登錄為本市歷史建築'}, {'classification': '變更/修正', 'officialDocNo': '府授文資貳字第1040330116B號', 'registerDate': '2015-09-16 00:00:00.0', 'note': '更正公告「漁會正濱大樓」定著土地範圍'}]",產業,基隆市
173,20030120000006,民族英雄紀念碑,"{'code': 'A9', 'name': '碑碣'}",《歷史建築登錄廢止審查及輔助辦法》第2條第1項第1、2款。,121.756087570741,25.1410045157023,"{'itemNo': 1, 'cityName': '基隆市', 'distName': '中正區', 'address': '中正路 海門天險對面'}",基隆市文化觀光局,文化資產科,基隆市中正區信一路181號,(02)2422-4170,"<a href=""http://nchdb.boch.gov.tw/assets/advanceSearch/historicalBuilding/20030120000006"" target=""_blank"">http://nchdb.boch.gov.tw/assets/advanceSearch/historicalBuilding/20030120000006</a>","[{'classification': '指定/登錄', 'officialDocNo': '基府教社壹字第0920006602號', 'registerDate': '2003-01-20 14:51:13.0', 'note': '公告「民族英雄紀念碑」登錄為本市歷史建築'}, {'classification': '變更/修正', 'officialDocNo': '府授文資壹字第1050330144B號', 'registerDate': '2016-11-02 00:00:00.0', 'note': '變更公告「民族英雄紀念碑」定著土地地號及面積'}]",碑碣,基隆市
174,20030120000007,北白川宮紀念碑,"{'code': 'A9', 'name': '碑碣'}",《歷史建築登錄廢止審查及輔助辦法》第2條第1項第1、2款。,121.75323,25.13887,"{'itemNo': 1, 'cityName': '基隆市', 'distName': '中正區', 'address': '中正路與義二路交叉口南側'}",基隆市文化觀光局,文化資產科,基隆市中正區信一路181號,(02)2422-4170,"<a href=""http://nchdb.boch.gov.tw/assets/advanceSearch/historicalBuilding/20030120000007"" target=""_blank"">http://nchdb.boch.gov.tw/assets/advanceSearch/historicalBuilding/20030120000007</a>","[{'classification': '指定/登錄', 'officialDocNo': '基府教社壹字第0920006602號', 'registerDate': '2003-01-20 10:11:00.0', 'note': '公告「北白川宮紀念碑」登錄為本市歷史建築'}]",碑碣,基隆市
175,20040301000003,北部火力發電廠,"{'code': 'A16', 'name': '產業'}",《歷史建築登錄廢止審查及輔助辦法》第2條第1項第2、3款。,121.798853787249,25.1404140839563,"{'itemNo': 1, 'cityName': '基隆市', 'distName': '中正區', 'address': '北寧路367號'}",基隆市文化觀光局,文化資產科,基隆市中正區信一路181號,(02)2422-4170,"<a href=""http://nchdb.boch.gov.tw/assets/advanceSearch/historicalBuilding/20040301000003"" target=""_blank"">http://nchdb.boch.gov.tw/assets/advanceSearch/historicalBuilding/20040301000003</a>","[{'classification': '指定/登錄', 'officialDocNo': '基府教社壹字第0930020678B號', 'registerDate': '2004-03-01 00:00:00.0', 'note': '公告北部火力發電廠登錄為本事歷史建築'}]",產業,基隆市
176,20041012000002,武昌街日式宿舍群,"{'code': 'A3', 'name': '宅第'}",《歷史建築登錄廢止審查及輔助辦法》第2條第1項第2款。,121.764939748579,25.1487280042829,"{'itemNo': 1, 'cityName': '基隆市', 'distName': '中正區', 'address': '武昌街104巷18號'}",基隆市文化觀光局,文化資產科,基隆市中正區信一路181號,(02)24224170,"<a href=""http://nchdb.boch.gov.tw/assets/advanceSearch/historicalBuilding/20041012000002"" target=""_blank"">http://nchdb.boch.gov.tw/assets/advanceSearch/historicalBuilding/20041012000002</a>","[{'classification': '指定/登錄', 'officialDocNo': '基府教社貳字第0930103906A號', 'registerDate': '2004-10-12 16:16:50.0', 'note': '公告「武昌街日式宿舍群」為本市歷史建築'}]",宅第,基隆市
177,20040301000004,頂石閣砲台,"{'code': 'A5', 'name': '關塞'}",《歷史建築登錄廢止審查及輔助辦法》第2條第1項第2、3款。,121.76314511771932,25.146080239772182,"{'itemNo': 1, 'cityName': '基隆市', 'distName': '中正區', 'address': '三軍總醫院基隆分院及正濱國中入口交界處'}",基隆市文化觀光局,文化資產科,基隆市中正區信一路181號,(02)2422-4170,"<a href=""http://nchdb.boch.gov.tw/assets/advanceSearch/historicalBuilding/20040301000004"" target=""_blank"">http://nchdb.boch.gov.tw/assets/advanceSearch/historicalBuilding/20040301000004</a>","[{'classification': '指定/登錄', 'officialDocNo': '基府教社壹字第0930020678B號函', 'registerDate': '2004-03-01 00:00:00.0', 'note': '公告頂石閣砲台為本市歷史建築'}]",關塞,基隆市
178,20070913000001,大沙灣石圍遺構,"{'code': 'A5', 'name': '關塞'}",《歷史建築登錄廢止審查及補助辦法》第2條第1項第2、3款。,121.758417,25.141296,"{'itemNo': 1, 'cityName': '基隆市', 'distName': '中正區', 'address': '中正路111號 後方'}",基隆市文化局,文化資產科,基隆市中正區信一路181號,(02)2422-4170,"<a href=""http://nchdb.boch.gov.tw/assets/advanceSearch/historicalBuilding/20070913000001"" target=""_blank"">http://nchdb.boch.gov.tw/assets/advanceSearch/historicalBuilding/20070913000001</a>","[{'classification': '指定/登錄', 'officialDocNo': '基府文資貳字第0960105731B號', 'registerDate': '2007-09-13 00:00:00.0', 'note': '登錄「大沙灣石圍遺構」為歷史建築'}]",關塞,基隆市
179,20061207000005,高遠新村港務局局長官舍（築港出張所仙洞町官舍）,"{'code': 'A3', 'name': '宅第'}",《歷史建築登錄廢止審查及輔助辦法》第2條第1項第1、2款。,121.744847,25.142078,"{'itemNo': 1, 'cityName': '基隆市', 'distName': '中山區', 'address': '中山三路103巷16號'}",基隆市文化觀光局,文化資產科,基隆市中正區信一路181號,(02)2422-4170,"<a href=""http://nchdb.boch.gov.tw/assets/advanceSearch/historicalBuilding/20061207000005"" target=""_blank"">http://nchdb.boch.gov.tw/assets/advanceSearch/historicalBuilding/20061207000005</a>","[{'classification': '指定/登錄', 'officialDocNo': '基府文資壹字第0950145209號', 'registerDate': '2006-12-07 15:06:01.0'}]",宅第,基隆市
180,20060720000002,仙洞隧道,"{'code': 'A16', 'name': '產業'}",《歷史建築登錄廢止審查及輔助辦法》第二條第一項。,121.738532250625,25.1448380286874,"{'itemNo': 1, 'cityName': '基隆市', 'distName': '中山區', 'address': '中華路5巷(北口)'}",基隆市文化觀光局,文化資產科,基隆市中正區信一路181號,(02)2422-4170,"<a href=""http://nchdb.boch.gov.tw/assets/advanceSearch/historicalBuilding/20060720000002"" target=""_blank"">http://nchdb.boch.gov.tw/assets/advanceSearch/historicalBuilding/20060720000002</a>","[{'classification': '指定/登錄', 'officialDocNo': '基府文資壹字第0950084095B號', 'registerDate': '2006-07-20 15:08:31.0', 'note': '公告「仙洞隧道」為歷史建築'}]",產業,基隆市
180,20060720000002,仙洞隧道,"{'code': 'A16', 'name': '產業'}",《歷史建築登錄廢止審查及輔助辦法》第二條第一項。,121.738532250625,25.1448380286874,"{'itemNo': 2, 'cityName': '基隆市', 'distName': '中山區', 'address': '中山二路119巷(南口)'}",基隆市文化觀光局,文化資產科,基隆市中正區信一路181號,(02)2422-4170,"<a href=""http://nchdb.boch.gov.tw/assets/advanceSearch/historicalBuilding/20060720000002"" target=""_blank"">http://nchdb.boch.gov.tw/assets/advanceSearch/historicalBuilding/20060720000002</a>","[{'classification': '指定/登錄', 'officialDocNo': '基府文資壹字第0950084095B號', 'registerDate': '2006-07-20 15:08:31.0', 'note': '公告「仙洞隧道」為歷史建築'}]",產業,基隆市
181,20070129000004,暖暖淨水場幫浦間,"{'code': 'A16', 'name': '產業'}",《歷史建築紀念建築登錄廢止審查及輔助辦法》第2條第1項第2、3款,121.73377211770973,25.096485834643488,"{'itemNo': 1, 'cityName': '基隆市', 'distName': '暖暖區', 'address': '水源路38號'}",基隆市文化觀光局,文化資產科,基隆市中正區信一路181號,(02)2422-4170 #370,"<a href=""http://nchdb.boch.gov.tw/assets/advanceSearch/historicalBuilding/20070129000004"" target=""_blank"">http://nchdb.boch.gov.tw/assets/advanceSearch/historicalBuilding/20070129000004</a>","[{'classification': '指定/登錄', 'officialDocNo': '基府文資貳字第0960009955B號', 'registerDate': '2007-01-29 10:27:30.0', 'note': '登錄「暖暖淨水場幫浦間」為歷史建築'}]",產業,基隆市
182,20070430000001,暖暖淨水場八角井樓,"{'code': 'A16', 'name': '產業'}",<<歷史建築登錄廢止審查及輔助辦法>>第2條第1項第1、2、3款,121.732645589358,25.0963352369131,"{'itemNo': 1, 'cityName': '基隆市', 'distName': '暖暖區', 'address': '水源路38號'}",基隆市文化觀光局,文化資產科,基隆市中正區信一路181號,(02)2422-4170,"<a href=""http://nchdb.boch.gov.tw/assets/advanceSearch/historicalBuilding/20070430000001"" target=""_blank"">http://nchdb.boch.gov.tw/assets/advanceSearch/historicalBuilding/20070430000001</a>","[{'classification': '指定/登錄', 'officialDocNo': '基府文資貳字第0960009955B號', 'registerDate': '2007-01-29 00:00:00.0', 'note': '登錄「暖暖淨水場八角井樓」為歷史建築'}]",產業,基隆市
183,20100728000003,七堵火車(前)站,"{'code': 'A7', 'name': '車站'}",《歷史建築登錄辦法廢止審查及輔助辦法》第2條第1項第2款。,121.716059065927,25.0972417049675,"{'itemNo': 1, 'cityName': '基隆市', 'distName': '七堵區', 'address': '光明里7鄰光明路23號'}",基隆市文化觀光局,文化資產科,基隆市中正區信一路181號,(02)2422-4170,"<a href=""http://nchdb.boch.gov.tw/assets/advanceSearch/historicalBuilding/20100728000003"" target=""_blank"">http://nchdb.boch.gov.tw/assets/advanceSearch/historicalBuilding/20100728000003</a>","[{'classification': '指定/登錄', 'officialDocNo': '基府文資貳字第0960009955B號', 'registerDate': '2007-01-29 00:00:00.0', 'note': '登陸「七堵火車前站」為歷史建築'}, {'classification': '變更/修正', 'officialDocNo': '府授文資貳字第0990050834C號', 'registerDate': '2010-05-25 00:00:00.0', 'note': '重新公告「七堵火車前站」地著土地範圍地號及地籍'}]",車站,基隆市
184,20120507000002,瑪陵坑石頭厝,"{'code': 'A3', 'name': '宅第'}",《歷史建築紀念建築登錄廢止審查及輔助辦法》第2條第1項第1、2、3款。,121.69513,25.11606,"{'itemNo': 1, 'cityName': '基隆市', 'distName': '七堵區', 'address': '大同街6號'}",基隆市文化觀光局,文化資產科,基隆市中正區信一路181號,(02)2422-4170,"<a href=""http://nchdb.boch.gov.tw/assets/advanceSearch/historicalBuilding/20120507000002"" target=""_blank"">http://nchdb.boch.gov.tw/assets/advanceSearch/historicalBuilding/20120507000002</a>","[{'classification': '指定/登錄', 'officialDocNo': '府授文資貳字第1010028198B號', 'registerDate': '2012-03-21 00:00:00.0', 'note': '公告登錄「瑪陵坑石頭厝」為本市歷史建築'}, {'classification': '指定/登錄', 'officialDocNo': '府授文資貳字第1010045622B號', 'registerDate': '2012-05-07 09:26:20.0', 'note': '地號漏植「東勢」二字，故予重新公告'}]",宅第,基隆市
185,20111220000001,浮洲榮工修配廠房,"{'code': 'A16', 'name': '產業'}",<<歷史建築登錄廢止審查及輔助辦法>>第2條第1項第1、3款,121.447283194101,25.0012217775546,"{'itemNo': 1, 'cityName': '新北市', 'distName': '板橋區', 'address': '力行段197、197-1、411、715、741地號。（A棟）'}",新北市政府,文化局,新北市板橋區中山路一段161號28樓,(02)29603456,"<a href=""http://nchdb.boch.gov.tw/assets/advanceSearch/historicalBuilding/20111220000001"" target=""_blank"">http://nchdb.boch.gov.tw/assets/advanceSearch/historicalBuilding/20111220000001</a>","[{'classification': '指定/登錄', 'officialDocNo': '北府文資字第1001721766號', 'registerDate': '2011-12-20 18:06:09.0'}, {'classification': '變更/修正', 'officialDocNo': '新北府文資字第1110488051號', 'registerDate': '2022-03-22 17:24:21.748'}]",產業,新北市
185,20111220000001,浮洲榮工修配廠房,"{'code': 'A16', 'name': '產業'}",<<歷史建築登錄廢止審查及輔助辦法>>第2條第1項第1、3款,121.447283194101,25.0012217775546,"{'itemNo': 2, 'cityName': '新北市', 'distName': '板橋區', 'address': '力行段408-47地號。（B棟）'}",新北市政府,文化局,新北市板橋區中山路一段161號28樓,(02)29603456,"<a href=""http://nchdb.boch.gov.tw/assets/advanceSearch/historicalBuilding/20111220000001"" target=""_blank"">http://nchdb.boch.gov.tw/assets/advanceSearch/historicalBuilding/20111220000001</a>","[{'classification': '指定/登錄', 'officialDocNo': '北府文資字第1001721766號', 'registerDate': '2011-12-20 18:06:09.0'}, {'classification': '變更/修正', 'officialDocNo': '新北府文資字第1110488051號', 'registerDate': '2022-03-22 17:24:21.748'}]",產業,新北市
185,20111220000001,浮洲榮工修配廠房,"{'code': 'A16', 'name': '產業'}",<<歷史建築登錄廢止審查及輔助辦法>>第2條第1項第1、3款,121.447283194101,25.0012217775546,"{'itemNo': 3, 'cityName': '新北市', 'distName': '板橋區', 'address': '力行段1127、1139地號。（C棟）'}",新北市政府,文化局,新北市板橋區中山路一段161號28樓,(02)29603456,"<a href=""http://nchdb.boch.gov.tw/assets/advanceSearch/historicalBuilding/20111220000001"" target=""_blank"">http://nchdb.boch.gov.tw/assets/advanceSearch/historicalBuilding/20111220000001</a>","[{'classification': '指定/登錄', 'officialDocNo': '北府文資字第1001721766號', 'registerDate': '2011-12-20 18:06:09.0'}, {'classification': '變更/修正', 'officialDocNo': '新北府文資字第1110488051號', 'registerDate': '2022-03-22 17:24:21.748'}]",產業,新北市
185,20111220000001,浮洲榮工修配廠房,"{'code': 'A16', 'name': '產業'}",<<歷史建築登錄廢止審查及輔助辦法>>第2條第1項第1、3款,121.447283194101,25.0012217775546,"{'itemNo': 4, 'cityName': '新北市', 'distName': '板橋區', 'address': '力行段408-10、1134地號。（D棟）'}",新北市政府,文化局,新北市板橋區中山路一段161號28樓,(02)29603456,"<a href=""http://nchdb.boch.gov.tw/assets/advanceSearch/historicalBuilding/20111220000001"" target=""_blank"">http://nchdb.boch.gov.tw/assets/advanceSearch/historicalBuilding/20111220000001</a>","[{'classification': '指定/登錄', 'officialDocNo': '北府文資字第1001721766號', 'registerDate': '2011-12-20 18:06:09.0'}, {'classification': '變更/修正', 'officialDocNo': '新北府文資字第1110488051號', 'registerDate': '2022-03-22 17:24:21.748'}]",產業,新北市
186,20030501000002,五堵鐵路隧道,"{'code': 'A99', 'name': '其他設施', 'other': '建築物類'}",<<歷史建築登錄及輔助辦法>>第2條第1項第1款,121.679403501475,25.0829076723535,"{'itemNo': 1, 'cityName': '新北市', 'distName': '汐止區', 'address': '保長段104、104-2、116號與長安段5、26地號'}",新北市政府,文化局,新北市板橋區中山路一段161號28樓,(02)29603456,"<a href=""http://nchdb.boch.gov.tw/assets/advanceSearch/historicalBuilding/20030501000002"" target=""_blank"">http://nchdb.boch.gov.tw/assets/advanceSearch/historicalBuilding/20030501000002</a>","[{'classification': '指定/登錄', 'officialDocNo': '北府文資字第0920002939 號', 'registerDate': '2003-05-01 16:37:51.0'}, {'classification': '變更/修正', 'officialDocNo': '北府文資字第0920007245號', 'registerDate': '2003-09-09 00:00:00.0'}]",其他設施,新北市
186,20030501000002,五堵鐵路隧道,"{'code': 'A99', 'name': '其他設施', 'other': '建築物類'}",<<歷史建築登錄及輔助辦法>>第2條第1項第1款,121.679403501475,25.0829076723535,"{'itemNo': 2, 'cityName': '基隆市', 'distName': '七堵區', 'address': '台五線段1001-1地號'}",新北市政府,文化局,新北市板橋區中山路一段161號28樓,(02)29603456,"<a href=""http://nchdb.boch.gov.tw/assets/advanceSearch/historicalBuilding/20030501000002"" target=""_blank"">http://nchdb.boch.gov.tw/assets/advanceSearch/historicalBuilding/20030501000002</a>","[{'classification': '指定/登錄', 'officialDocNo': '北府文資字第0920002939 號', 'registerDate': '2003-05-01 16:37:51.0'}, {'classification': '變更/修正', 'officialDocNo': '北府文資字第0920007245號', 'registerDate': '2003-09-09 00:00:00.0'}]",其他設施,基隆市
187,20070309000001,深坑國小禮堂,"{'code': 'A99', 'name': '其他設施', 'other': '禮堂'}",<<歷史建築登錄廢止審查及輔助辦法>>第2條第1項第1款,121.616386591366,25.0010706223253,"{'itemNo': 1, 'cityName': '新北市', 'distName': '深坑區', 'address': '文化街45號'}",新北市政府,文化局,新北市板橋區中山路一段161號28樓,29603456,"<a href=""http://nchdb.boch.gov.tw/assets/advanceSearch/historicalBuilding/20070309000001"" target=""_blank"">http://nchdb.boch.gov.tw/assets/advanceSearch/historicalBuilding/20070309000001</a>","[{'classification': '指定/登錄', 'officialDocNo': '北府文資字第0960001770號', 'registerDate': '2007-03-09 14:16:53.0'}]",其他設施,新北市
188,20070314000003,水湳洞選煉廠,"{'code': 'A16', 'name': '產業'}",<<歷史建築登錄廢止審查及輔助辦法>>第2條第1項第1、2款,121.86465415352437,25.118312771872716,"{'itemNo': 1, 'cityName': '新北市', 'distName': '瑞芳區', 'address': '水南洞段20-25、22-1、22-3、180地號'}",新北市政府,文化局,新北市板橋區中山路一段161號28樓,29603456,"<a href=""http://nchdb.boch.gov.tw/assets/advanceSearch/historicalBuilding/20070314000003"" target=""_blank"">http://nchdb.boch.gov.tw/assets/advanceSearch/historicalBuilding/20070314000003</a>","[{'classification': '指定/登錄', 'officialDocNo': '北府文資字第0960001998號', 'registerDate': '2007-03-14 13:47:00.0'}]",產業,新北市
189,20070703000001,臺陽礦業國英坑,"{'code': 'A16', 'name': '產業'}",文化資產保存法第15條暨歷史建築登錄廢止審查及輔助辦法第3條,121.83894672884145,25.113045411765054,"{'itemNo': 1, 'cityName': '新北市', 'distName': '瑞芳區', 'address': '焿子寮段172-1、172-2地號'}",新北市政府,文化局,新北市板橋區中山路一段161號28樓,(02)29603456,"<a href=""http://nchdb.boch.gov.tw/assets/advanceSearch/historicalBuilding/20070703000001"" target=""_blank"">http://nchdb.boch.gov.tw/assets/advanceSearch/historicalBuilding/20070703000001</a>","[{'classification': '指定/登錄', 'officialDocNo': '北府文資字第0960006070號', 'registerDate': '2007-07-03 17:14:14.0'}]",產業,新北市
190,20120815000001,舊宜蘭線猴硐隧道群,"{'code': 'A16', 'name': '產業'}",<<歷史建築登錄廢止審查及輔助辦法>>第2條第1項第1、2、3款,121.83024429335028,25.102258964992572,"{'itemNo': 1, 'cityName': '新北市', 'distName': '瑞芳區', 'address': '三爪子段坪林小段54-1、54-19、 54-21地號及三爪子段蛇子形小段2-4地號、未登錄土地'}",新北市政府,文化局,新北市板橋區中山路一段161號28樓,(02)29603456,"<a href=""http://nchdb.boch.gov.tw/assets/advanceSearch/historicalBuilding/20120815000001"" target=""_blank"">http://nchdb.boch.gov.tw/assets/advanceSearch/historicalBuilding/20120815000001</a>","[{'classification': '指定/登錄', 'officialDocNo': '北府文資字第1012286738號', 'registerDate': '2012-08-15 14:40:47.0'}]",產業,新北市
191,20131225000002,水湳洞本山六坑口及索道系統,"{'code': 'A16', 'name': '產業'}",<<歷史建築登錄廢止審查及輔助辦法>>第2條第1項第1、2、3、4款,121.8599611620394,25.112430454720105,"{'itemNo': 1, 'cityName': '新北市', 'distName': '瑞芳區', 'address': '勸濟堂下方停車場至十三層遺址之間的舊臺車索道位置'}",新北市政府,文化局,新北市板橋區中山路一段161號28樓,(02)29603456,"<a href=""http://nchdb.boch.gov.tw/assets/advanceSearch/historicalBuilding/20131225000002"" target=""_blank"">http://nchdb.boch.gov.tw/assets/advanceSearch/historicalBuilding/20131225000002</a>","[{'classification': '指定/登錄', 'officialDocNo': '北府文資字第1023321006號', 'registerDate': '2013-12-25 18:52:13.0'}]",產業,新北市
192,20030828000001,臺陽公司瑞芳辦事處歷史建築群,"{'code': 'A99', 'name': '其他設施', 'other': '建築物類'}",<<歷史建築登錄廢止審查及輔助辦法>>第2條第1項第1款,121.842721353766,25.1101053614652,"{'itemNo': 1, 'cityName': '新北市', 'distName': '瑞芳區', 'address': '招魂碑（瑞芳鎮第19 號公墓內）、八番坑（瑞芳鎮豎崎路54 號）、頌德碑（瑞芳鎮輕便路 頌德公園內）、瑞芳辦事處（瑞芳鎮豎崎路54號）、修路碑（瑞芳鎮豎崎路54號）'}",新北市政府,文化局,新北市板橋區中山路一段161號28樓,(02)29603456,"<a href=""http://nchdb.boch.gov.tw/assets/advanceSearch/historicalBuilding/20030828000001"" target=""_blank"">http://nchdb.boch.gov.tw/assets/advanceSearch/historicalBuilding/20030828000001</a>","[{'classification': '指定/登錄', 'officialDocNo': '北府文資字第0920006872號', 'registerDate': '2003-08-28 13:18:11.0'}, {'classification': '變更/修正', 'officialDocNo': '北府文資字第0960001941號', 'registerDate': '2007-03-09 00:00:00.0'}]",其他設施,新北市
193,20110218000001,猴硐神社鳥居,"{'code': 'A11', 'name': '牌坊'}",文化資產保存法第15條暨歷史建築登錄廢止審查及輔助辦法第4條、歷史建築登錄廢止審查及輔助辦法第7條第3款,121.829279389278,25.0876191286023,"{'itemNo': 1, 'cityName': '新北市', 'distName': '瑞芳區', 'address': '新猴硐段 523、612、613（均為部分）地號'}",新北市政府,文化局,新北市板橋區中山路一段161號28樓,02-29603456,"<a href=""http://nchdb.boch.gov.tw/assets/advanceSearch/historicalBuilding/20110218000001"" target=""_blank"">http://nchdb.boch.gov.tw/assets/advanceSearch/historicalBuilding/20110218000001</a>","[{'classification': '指定/登錄', 'officialDocNo': '北府文資字第1000002545號', 'registerDate': '2011-02-18 00:00:00.0'}, {'classification': '變更/修正', 'officialDocNo': '新北府文資字第 1092057436 號', 'registerDate': '2020-11-02 13:54:27.522'}]",牌坊,新北市
194,20110218000002,猴硐介壽橋紀念碑,"{'code': 'A9', 'name': '碑碣'}",<<歷史建築登錄廢止審查及輔助辦法>>第2條第1項第1款,121.82937421280212,25.088553324705874,"{'itemNo': 1, 'cityName': '新北市', 'distName': '瑞芳區', 'address': '新猴硐段613（部分）地號'}",新北市政府,文化局,新北市板橋區中山路一段161號28樓,02-29603456,"<a href=""http://nchdb.boch.gov.tw/assets/advanceSearch/historicalBuilding/20110218000002"" target=""_blank"">http://nchdb.boch.gov.tw/assets/advanceSearch/historicalBuilding/20110218000002</a>","[{'classification': '指定/登錄', 'officialDocNo': '北府文資字第1000002618號', 'registerDate': '2011-02-18 10:46:22.0'}, {'classification': '變更/修正', 'officialDocNo': '新北府文資字第 1092057558 號', 'registerDate': '2020-10-29 13:36:08.032'}]",碑碣,新北市
195,20051107000002,瑞芳瑞三鑛業（本體為整煤廠、運煤橋、整煤廠辦公室暨倉庫、廢水處理廠）,"{'code': 'A99', 'name': '其他設施', 'other': '建築物類'}",<<歷史建築登錄廢止審查及輔助辦法>>第2條第1項第1款,121.827683812981,25.0868493581866,"{'itemNo': 1, 'cityName': '新北市', 'distName': '瑞芳區', 'address': '柴寮路36之2號'}",新北市政府文化局,文化局,新北市板橋區中山路一段161號28樓,(02)29603456,"<a href=""http://nchdb.boch.gov.tw/assets/advanceSearch/historicalBuilding/20051107000002"" target=""_blank"">http://nchdb.boch.gov.tw/assets/advanceSearch/historicalBuilding/20051107000002</a>","[{'classification': '指定/登錄', 'officialDocNo': '北府文資字第0940009972號', 'registerDate': '2005-11-07 17:41:41.0'}, {'classification': '變更/修正', 'officialDocNo': '新北府文資字第1110634405號', 'registerDate': '2022-04-12 00:00:00.0'}]",其他設施,新北市
195,20051107000002,瑞芳瑞三鑛業（本體為整煤廠、運煤橋、整煤廠辦公室暨倉庫、廢水處理廠）,"{'code': 'A99', 'name': '其他設施', 'other': '建築物類'}",<<歷史建築登錄廢止審查及輔助辦法>>第2條第1項第1款,121.827683812981,25.0868493581866,"{'itemNo': 2, 'cityName': '新北市', 'distName': '瑞芳區', 'address': '柴寮路42、36-1號'}",新北市政府文化局,文化局,新北市板橋區中山路一段161號28樓,(02)29603456,"<a href=""http://nchdb.boch.gov.tw/assets/advanceSearch/historicalBuilding/20051107000002"" target=""_blank"">http://nchdb.boch.gov.tw/assets/advanceSearch/historicalBuilding/20051107000002</a>","[{'classification': '指定/登錄', 'officialDocNo': '北府文資字第0940009972號', 'registerDate': '2005-11-07 17:41:41.0'}, {'classification': '變更/修正', 'officialDocNo': '新北府文資字第1110634405號', 'registerDate': '2022-04-12 00:00:00.0'}]",其他設施,新北市
196,20040831000001,瑞芳翁山英故居,"{'code': 'A99', 'name': '其他設施', 'other': '建築物類'}",文化資產保存法第27條之1（89年修訂公布）暨歷史建築登錄及輔助辦法第7條,121.843541463564,25.1081472193723,"{'itemNo': 1, 'cityName': '新北市', 'distName': '瑞芳區', 'address': '基山街142號'}",新北市政府文化局,文化資局,新北市板橋區中山路一段161號28樓,(02)29603456,"<a href=""http://nchdb.boch.gov.tw/assets/advanceSearch/historicalBuilding/20040831000001"" target=""_blank"">http://nchdb.boch.gov.tw/assets/advanceSearch/historicalBuilding/20040831000001</a>","[{'classification': '指定/登錄', 'officialDocNo': '北府文資字第0930007735號', 'registerDate': '2004-08-31 18:25:55.0'}]",其他設施,新北市
197,20110218000003,平溪臺陽鑛業鑛長宿舍,"{'code': 'A3', 'name': '宅第'}",符合文化資產保存法第15條暨歷史建築登錄廢止審查及輔助辦法第4條。,121.721670535107,25.021685288589,"{'itemNo': 1, 'cityName': '新北市', 'distName': '平溪區', 'address': '白石里白石腳5號'}",新北市政府,文化局,新北市板橋區中山路一段161號28樓,(02)29603456,"<a href=""http://nchdb.boch.gov.tw/assets/advanceSearch/historicalBuilding/20110218000003"" target=""_blank"">http://nchdb.boch.gov.tw/assets/advanceSearch/historicalBuilding/20110218000003</a>","[{'classification': '指定/登錄', 'officialDocNo': '北府文資字第1000002626號', 'registerDate': '2011-02-18 17:21:34.0'}, {'classification': '變更/修正', 'officialDocNo': '新北府文資字第1040087032號', 'registerDate': '2015-01-22 00:00:00.0'}]",宅第,新北市
198,20130227000001,平溪頌德碑,"{'code': 'A9', 'name': '碑碣'}",<<歷史建築登錄廢止審查及輔助辦法>>第2條第1項第1、3款,121.73823679559013,25.025569566194367,"{'itemNo': 1, 'cityName': '新北市', 'distName': '平溪區', 'address': '石底段平溪子小段152地號'}",新北市政府,文化局,新北市板橋區中山路一段161號28樓,(02)8953-5332,"<a href=""http://nchdb.boch.gov.tw/assets/advanceSearch/historicalBuilding/20130227000001"" target=""_blank"">http://nchdb.boch.gov.tw/assets/advanceSearch/historicalBuilding/20130227000001</a>","[{'classification': '指定/登錄', 'officialDocNo': '北府文資字第1021298844號', 'registerDate': '2013-02-27 17:40:11.0'}]",碑碣,新北市
199,20130227000002,平溪公園頂歷史建築群,"{'code': 'A16', 'name': '產業'}",<<歷史建築登錄廢止審查及輔助辦法>>第2條第1項第1、2、4款,121.75374,25.034598,"{'itemNo': 1, 'cityName': '新北市', 'distName': '平溪區', 'address': '石底一段141、141-1、141-2地號'}",新北市政府,文化局,新北市板橋區中山路一段161號28樓,(02)29603456,"<a href=""http://nchdb.boch.gov.tw/assets/advanceSearch/historicalBuilding/20130227000002"" target=""_blank"">http://nchdb.boch.gov.tw/assets/advanceSearch/historicalBuilding/20130227000002</a>","[{'classification': '指定/登錄', 'officialDocNo': '北府文資字第1021298470號   ', 'registerDate': '2013-02-27 18:55:40.0'}, {'classification': '變更/修正', 'officialDocNo': '北府文資字第1021620593號', 'registerDate': '2013-04-12 14:14:52.691'}, {'classification': '變更/修正', 'officialDocNo': '北府文資字第1022010387號', 'registerDate': '2013-06-17 14:15:19.827'}, {'classification': '變更/修正', 'officialDocNo': '新北府文資字第1110066536號', 'registerDate': '2022-01-14 16:07:38.659'}]",產業,新北市
200,20120508000002,平溪灰窯,"{'code': 'A16', 'name': '產業'}",<<歷史建築登錄廢止審查及輔助辦法>>第2條第1項第1、3款,121.769199,25.021412,"{'itemNo': 1, 'cityName': '新北市', 'distName': '平溪區', 'address': '十分寮段平溪子小段146地號'}",新北市政府,文化局,新北市板橋區中山路一段161號28樓,(02)29603456,"<a href=""http://nchdb.boch.gov.tw/assets/advanceSearch/historicalBuilding/20120508000002"" target=""_blank"">http://nchdb.boch.gov.tw/assets/advanceSearch/historicalBuilding/20120508000002</a>","[{'classification': '指定/登錄', 'officialDocNo': '北府文資字第1011676914號 ', 'registerDate': '2012-05-08 16:10:05.0'}, {'classification': '變更/修正', 'officialDocNo': '北府文資字第1012746083號', 'registerDate': '2012-10-22 15:18:39.367'}, {'classification': '變更/修正', 'officialDocNo': '新北府文資字第1111809434號', 'registerDate': '2022-09-28 16:06:59.035'}]",產業,新北市
201,20110802000001,丁惟汾墓,"{'code': 'A12', 'name': '墓葬'}",<<歷史建築登錄廢止審查及輔助辦法>>第2條第1項第1、4款,121.54088899999999,24.957697,"{'itemNo': 1, 'cityName': '新北市', 'distName': '新店區', 'address': '文中路能仁家商東南側坡地'}",新北市政府,文化局,新北市板橋區中山路一段161號28樓,(02)29603456,"<a href=""http://nchdb.boch.gov.tw/assets/advanceSearch/historicalBuilding/20110802000001"" target=""_blank"">http://nchdb.boch.gov.tw/assets/advanceSearch/historicalBuilding/20110802000001</a>","[{'classification': '指定/登錄', 'officialDocNo': '北府文資字第1000012938號', 'registerDate': '2011-08-02 13:37:10.0'}, {'classification': '變更/修正', 'officialDocNo': '北府文資字第1001713398號', 'registerDate': '2011-11-25 00:00:00.0'}]",墓葬,新北市
202,20110819000001,新店劉氏家廟（啟文堂）,"{'code': 'A3', 'name': '宅第'}",<<歷史建築登錄廢止審查及輔助辦法>>第2條第1項第1、2、3款,121.529465799928,24.9845111406644,"{'itemNo': 1, 'cityName': '新北市', 'distName': '新店區', 'address': '央北二路206巷6號'}",新北市政府,文化局,新北市板橋區中山路一段161號28樓,(02)29603456,"<a href=""http://nchdb.boch.gov.tw/assets/advanceSearch/historicalBuilding/20110819000001"" target=""_blank"">http://nchdb.boch.gov.tw/assets/advanceSearch/historicalBuilding/20110819000001</a>","[{'classification': '指定/登錄', 'officialDocNo': '北府文資字第1001080497號', 'registerDate': '2011-08-19 10:59:51.0'}]",宅第,新北市
203,20071212000001,新店二十張景美軍事看守所,"{'code': 'A6', 'name': '衙署'}",<<歷史建築登錄廢止審查及輔助辦法>>第2條第1項第1、3、4款,121.533369137091,24.9879303694455,"{'itemNo': 1, 'cityName': '新北市', 'distName': '新店區', 'address': '復興路131號'}",新北市政府,文化局,新北市板橋區中山路一段161號,02-29603456,"<a href=""http://nchdb.boch.gov.tw/assets/advanceSearch/historicalBuilding/20071212000001"" target=""_blank"">http://nchdb.boch.gov.tw/assets/advanceSearch/historicalBuilding/20071212000001</a>","[{'classification': '指定/登錄', 'officialDocNo': '北府文資字第0960011931號', 'registerDate': '2007-12-12 18:07:05.0'}, {'classification': '變更/修正', 'officialDocNo': '新北府文資字第1112360730號', 'registerDate': '2022-12-15 00:00:00.0'}]",衙署,新北市
204,20071107000002,新店臺北菸廠,"{'code': 'A16', 'name': '產業'}",<<歷史建築登錄廢止審查及輔助辦法>>第2條第1項第1、2款,121.50837022440696,24.958546891472075,"{'itemNo': 1, 'cityName': '新北市', 'distName': '新店區', 'address': '安康路2段235號'}",新北市政府,文化局,新北市板橋區中山路一段161號28樓,(02)29603456,"<a href=""http://nchdb.boch.gov.tw/assets/advanceSearch/historicalBuilding/20071107000002"" target=""_blank"">http://nchdb.boch.gov.tw/assets/advanceSearch/historicalBuilding/20071107000002</a>","[{'classification': '指定/登錄', 'officialDocNo': '北府文資字第0960010700號', 'registerDate': '2007-11-07 20:04:23.0'}]",產業,新北市
205,20120803000001,新店劉氏利記公厝,"{'code': 'A3', 'name': '宅第'}",<<歷史建築登錄廢止審查及輔助辦法>>第2條第1項第1、2、3款,121.53211300290411,24.983876864315288,"{'itemNo': 1, 'cityName': '新北市', 'distName': '新店區', 'address': '央北二路206巷6號'}",新北市政府文化局,文化局,新北市板橋區中山路一段161號28樓,(02)29603456,"<a href=""http://nchdb.boch.gov.tw/assets/advanceSearch/historicalBuilding/20120803000001"" target=""_blank"">http://nchdb.boch.gov.tw/assets/advanceSearch/historicalBuilding/20120803000001</a>","[{'classification': '指定/登錄', 'officialDocNo': '北府文資字第1012229567號', 'registerDate': '2012-08-03 17:05:20.0'}]",宅第,新北市
206,20111206000001,粗坑發電廠,"{'code': 'A16', 'name': '產業'}",符合<<歷史建築登錄廢止審查及輔助辦法>>第2條第1項第1、3款評定基準。,121.542806177734,24.9378305628827,"{'itemNo': 1, 'cityName': '新北市', 'distName': '新店區', 'address': '永興路45號'}",新北市政府,文化局,新北市板橋區中山路一段161號28樓,(02)29603456,"<a href=""http://nchdb.boch.gov.tw/assets/advanceSearch/historicalBuilding/20111206000001"" target=""_blank"">http://nchdb.boch.gov.tw/assets/advanceSearch/historicalBuilding/20111206000001</a>","[{'classification': '指定/登錄', 'officialDocNo': '北府文資字第1001721589號', 'registerDate': '2011-12-06 17:54:25.0'}, {'classification': '變更/修正', 'officialDocNo': '新北府文資字第1070917359號', 'registerDate': '2018-05-23 00:00:00.0'}]",產業,新北市
207,20111206000002,桂山發電廠,"{'code': 'A16', 'name': '產業'}",符合<<歷史建築登錄廢止審查及輔助辦法>>第2條第1項第1～3款評定基準。,121.561451357404,24.9028372602247,"{'itemNo': 1, 'cityName': '新北市', 'distName': '新店區', 'address': '桂山路37號'}",新北市政府,文化局,新北市板橋區中山路一段161號28樓,(02)29603456,"<a href=""http://nchdb.boch.gov.tw/assets/advanceSearch/historicalBuilding/20111206000002"" target=""_blank"">http://nchdb.boch.gov.tw/assets/advanceSearch/historicalBuilding/20111206000002</a>","[{'classification': '指定/登錄', 'officialDocNo': '北府文資字第10017215891號', 'registerDate': '2011-12-06 15:35:53.0'}]",產業,新北市
208,20140317000001,新店大坪林劉氏文記堂,"{'code': 'A3', 'name': '宅第'}",<<歷史建築登錄廢止審查及輔助辦法>>第2條第1項第1、2、3款,121.527189,24.979188,"{'itemNo': 1, 'cityName': '新北市', 'distName': '新店區', 'address': '央北二路206巷6號'}",新北市政府,文化局,新北市板橋區中山路一段161號28樓,02-29603456,"<a href=""http://nchdb.boch.gov.tw/assets/advanceSearch/historicalBuilding/20140317000001"" target=""_blank"">http://nchdb.boch.gov.tw/assets/advanceSearch/historicalBuilding/20140317000001</a>","[{'classification': '指定/登錄', 'officialDocNo': '北府文資字第1030422349號', 'registerDate': '2014-03-17 16:09:18.0'}]",宅第,新北市
209,20060822000001,新店區屈尺道碣,"{'code': 'A9', 'name': '碑碣'}","<<文化資產保存法>>第15條暨<<歷史建築登錄廢止審查及輔助辦法>>第3條
",121.536283863026,24.9501662267213,"{'itemNo': 1, 'cityName': '新北市', 'distName': '新店區', 'address': '灣潭路2-9號後方'}",新北市政府,文化局,新北市板橋區中山路一段161號 28樓,(02)29603456,"<a href=""http://nchdb.boch.gov.tw/assets/advanceSearch/historicalBuilding/20060822000001"" target=""_blank"">http://nchdb.boch.gov.tw/assets/advanceSearch/historicalBuilding/20060822000001</a>","[{'classification': '指定/登錄', 'officialDocNo': '北府文資字第0950007305號', 'registerDate': '2006-08-22 18:03:33.0'}]",碑碣,新北市
210,20060822000002,新店區龜山發電廠,"{'code': 'A16', 'name': '產業'}","文化資產保存法第15條暨歷史建築登錄廢止審查及輔助辦法第3條
",121.553356486773,24.9057832768668,"{'itemNo': 1, 'cityName': '新北市', 'distName': '新店區', 'address': '直潭段廣興小段1-33、1-106地號'}",新北市政府文化局,文化局,新北市板橋區中山路一段161號28樓,(02)29603456,"<a href=""http://nchdb.boch.gov.tw/assets/advanceSearch/historicalBuilding/20060822000002"" target=""_blank"">http://nchdb.boch.gov.tw/assets/advanceSearch/historicalBuilding/20060822000002</a>","[{'classification': '指定/登錄', 'officialDocNo': '北府文資字第0950007305號', 'registerDate': '2006-08-22 11:10:18.0'}, {'classification': '變更/修正', 'officialDocNo': '北府文資字第0960003245號', 'registerDate': '2007-04-24 00:00:00.0'}]",產業,新北市
211,20071101000001,安坑國小宿舍,"{'code': 'A3', 'name': '宅第'}",<<歷史建築登錄廢止審查及輔助辦法>>第2條第1項第1款,121.513731,24.960599,"{'itemNo': 1, 'cityName': '新北市', 'distName': '新店區', 'address': '安忠路36號'}",新北市政府,文化局,新北市板橋區中山路一段161號28樓,(02)29603456,"<a href=""http://nchdb.boch.gov.tw/assets/advanceSearch/historicalBuilding/20071101000001"" target=""_blank"">http://nchdb.boch.gov.tw/assets/advanceSearch/historicalBuilding/20071101000001</a>","[{'classification': '指定/登錄', 'officialDocNo': '北文資字第0960010574號', 'registerDate': '2007-11-01 18:24:00.0'}]",宅第,新北市
212,20111206000003,烏來發電廠,"{'code': 'A16', 'name': '產業'}",<<文化資產保存法>>第15條暨<<歷史建築登錄廢止審查及輔助辦法>>第2條第1項第1～3款、第4條評定基準。,121.55255881116514,24.859656313025656,"{'itemNo': 1, 'cityName': '新北市', 'distName': '烏來區', 'address': '啦卡路9巷9號'}",新北市政府,文化局,新北市板橋區中山路一段161號28樓,02-29603456,"<a href=""http://nchdb.boch.gov.tw/assets/advanceSearch/historicalBuilding/20111206000003"" target=""_blank"">http://nchdb.boch.gov.tw/assets/advanceSearch/historicalBuilding/20111206000003</a>","[{'classification': '指定/登錄', 'officialDocNo': '北府文資字第1001721589號', 'registerDate': '2011-12-06 15:49:09.0'}, {'classification': '變更/修正', 'officialDocNo': '新北府文資字第1071865780號', 'registerDate': '2018-10-03 00:00:00.0'}]",產業,新北市
213,20160817000001,土城普安堂,"{'code': 'A2', 'name': '寺廟'}",<<歷史建築登錄廢止審查及輔助辦法>>第2條第1項第1、2、4款,121.41647039428707,24.9434976611712,"{'itemNo': 1, 'cityName': '新北市', 'distName': '土城區', 'address': '祖田里龍泉路47號'}",新北市政府,文化局,新北市板橋區中山路一段161號28樓,(02)29603456,"<a href=""http://nchdb.boch.gov.tw/assets/advanceSearch/historicalBuilding/20160817000001"" target=""_blank"">http://nchdb.boch.gov.tw/assets/advanceSearch/historicalBuilding/20160817000001</a>","[{'classification': '指定/登錄', 'officialDocNo': '新北府文資字第1051510226號 ', 'registerDate': '2016-08-17 00:00:00.0'}]",寺廟,新北市
214,20140924000002,三峽善德橋,"{'code': 'A15', 'name': '橋樑'}",<<歷史建築登錄廢止審查及輔助辦法>>第2條第1項第1、3款,121.38010363137576,24.92630719819671,"{'itemNo': 1, 'cityName': '新北市', 'distName': '三峽區', 'address': '介壽路1段276巷內第四公墓前留芳橋旁'}",新北市政府,文化局,新北市板橋區中山路一段161號28樓,(02)29603456,"<a href=""http://nchdb.boch.gov.tw/assets/advanceSearch/historicalBuilding/20140924000002"" target=""_blank"">http://nchdb.boch.gov.tw/assets/advanceSearch/historicalBuilding/20140924000002</a>","[{'classification': '指定/登錄', 'officialDocNo': '北府文資字第1031771776號', 'registerDate': '2014-09-24 10:31:05.0'}]",橋樑,新北市
215,20110218000004,樹林柑園國小育英堂〔本體：育英堂建築物及原日治時期神社碑座（今蔣公嘉言碑）〕,"{'code': 'A99', 'name': '其他設施', 'other': '其他'}","<<文化資產保存法>>第15條
<<歷史建築登錄廢止審查及輔助辦法>>第４條
",121.38973500445337,24.955706641554062,"{'itemNo': 1, 'cityName': '新北市', 'distName': '樹林區', 'address': '柑園街一段353號'}",新北市政府,文化局,新北市板橋區中山路一段161號28樓,(02)29603456,"<a href=""http://nchdb.boch.gov.tw/assets/advanceSearch/historicalBuilding/20110218000004"" target=""_blank"">http://nchdb.boch.gov.tw/assets/advanceSearch/historicalBuilding/20110218000004</a>","[{'classification': '指定/登錄', 'officialDocNo': '北府文資字第1000002462號', 'registerDate': '2011-02-18 17:53:29.0'}]",其他設施,新北市
216,20050401000001,樹林聖蹟亭,"{'code': 'A99', 'name': '其他設施', 'other': '歷史遺跡'}",<<文化資產保存法>>第27條之1暨歷史建築登錄及輔助辦法7條,121.41884038338563,24.996142242116978,"{'itemNo': 1, 'cityName': '新北市', 'distName': '樹林區', 'address': '備內段223地號'}",新北市政府,文化局,新北市板橋區中山路一段161號28樓,(02)29603456 ,"<a href=""http://nchdb.boch.gov.tw/assets/advanceSearch/historicalBuilding/20050401000001"" target=""_blank"">http://nchdb.boch.gov.tw/assets/advanceSearch/historicalBuilding/20050401000001</a>","[{'classification': '指定/登錄', 'officialDocNo': '北府文資字第0940002652號', 'registerDate': '2005-04-01 19:34:49.0'}]",其他設施,新北市
217,20140314000001,樹林石灰坑拱橋,"{'code': 'A15', 'name': '橋樑'}",<<歷史建築登錄廢止審查及輔助辦法>>第2條第1項第1、3款,121.379228,24.973155,"{'itemNo': 1, 'cityName': '新北市', 'distName': '樹林區', 'address': '民和街83巷對面護欄缺口下方'}",新北市政府,文化局,新北市板橋區中山路一段161號28樓,(02)29603456,"<a href=""http://nchdb.boch.gov.tw/assets/advanceSearch/historicalBuilding/20140314000001"" target=""_blank"">http://nchdb.boch.gov.tw/assets/advanceSearch/historicalBuilding/20140314000001</a>","[{'classification': '指定/登錄', 'officialDocNo': '北府文資字第1030424158號', 'registerDate': '2014-03-14 09:25:17.0'}]",橋樑,新北市
218,20060717000002,鶯歌成發居,"{'code': 'A3', 'name': '宅第'}",<<歷史建築登錄廢止審查及輔助辦法>>第2條第1項第1、2款,121.354004485496,24.9532612111348,"{'itemNo': 1, 'cityName': '新北市', 'distName': '鶯歌區', 'address': '文化路233、235號'}",新北市政府,文化局,新北市板橋區中山路一段161號28樓,02-29603456,"<a href=""http://nchdb.boch.gov.tw/assets/advanceSearch/historicalBuilding/20060717000002"" target=""_blank"">http://nchdb.boch.gov.tw/assets/advanceSearch/historicalBuilding/20060717000002</a>","[{'classification': '指定/登錄', 'officialDocNo': '北府文資字第0950005862號', 'registerDate': '2006-07-17 14:35:12.0'}, {'classification': '變更/修正', 'officialDocNo': '北府文資字第1000002537號', 'registerDate': '2011-02-18 00:00:00.0', 'note': '變更公告'}, {'classification': '變更/修正', 'officialDocNo': '新北府文資字第1100028015號', 'registerDate': '2021-01-11 16:23:05.146', 'note': '補充公告並廢止100年2月18日公告'}]",宅第,新北市
219,20060828000001,空軍三重一村,"{'code': 'A99', 'name': '其他設施', 'other': '其他'}",<<文化資產保存法>>第15條及<<歷史建築登錄廢止審查及輔助辦法>>第2條第1項第1、2、4款,121.499018196876,25.0577520178434,"{'itemNo': 1, 'cityName': '新北市', 'distName': '三重區', 'address': '正義南路86巷'}",新北市政府,文化局,新北市板橋區中山路一段161號,(02)29603456,"<a href=""http://nchdb.boch.gov.tw/assets/advanceSearch/historicalBuilding/20060828000001"" target=""_blank"">http://nchdb.boch.gov.tw/assets/advanceSearch/historicalBuilding/20060828000001</a>","[{'classification': '指定/登錄', 'officialDocNo': '北府文資字第0950007351號', 'registerDate': '2006-08-28 10:47:41.0'}, {'classification': '變更/修正', 'officialDocNo': '新北府文資字第1092054625號', 'registerDate': '2020-10-29 16:49:14.164', 'note': '位置或地址、所定著土地之地號調整'}]",其他設施,新北市
220,20090907000001,新莊樂生療養院,"{'code': 'A16', 'name': '產業'}",<<歷史建築登錄廢止審查及輔助辦法>>第2條第1項第1、2、3款,121.409103096249,25.0221553385632,"{'itemNo': 1, 'cityName': '新北市', 'distName': '新莊區', 'address': '中正路 794  號'}",新北市政府,文化局,新北市板橋區中山路一段161號28樓,(02)29603456,"<a href=""http://nchdb.boch.gov.tw/assets/advanceSearch/historicalBuilding/20090907000001"" target=""_blank"">http://nchdb.boch.gov.tw/assets/advanceSearch/historicalBuilding/20090907000001</a>","[{'classification': '指定/登錄', 'officialDocNo': '北府文資字第09800123211號', 'registerDate': '2009-09-07 10:35:52.0'}, {'classification': '變更/修正', 'officialDocNo': '北府文資字第0990003591號', 'registerDate': '2010-03-26 12:33:03.541'}]",產業,新北市
221,20101203000002,新莊武德殿,"{'code': 'A99', 'name': '其他設施', 'other': '新莊武德殿'}",文化資產保存法第15條暨歷史建築登錄廢止審查及輔助辦法第3條,121.453168587298,25.0350445340508,"{'itemNo': 1, 'cityName': '新北市', 'distName': '新莊區', 'address': '大觀街31巷11號'}",新北市政府,文化局,新北市板橋區中山路一段161號28樓,(02)29603456,"<a href=""http://nchdb.boch.gov.tw/assets/advanceSearch/historicalBuilding/20101203000002"" target=""_blank"">http://nchdb.boch.gov.tw/assets/advanceSearch/historicalBuilding/20101203000002</a>","[{'classification': '指定/登錄', 'officialDocNo': '北府文資字第0990018413號', 'registerDate': '2010-12-03 18:15:58.0'}]",其他設施,新北市
222,20130813000001,新莊潮江寺,"{'code': 'A2', 'name': '寺廟'}",<<歷史建築登錄廢止審查及輔助辦法>>第2條第1項第1、2款,121.45149765029714,25.032978924365004,"{'itemNo': 1, 'cityName': '新北市', 'distName': '新莊區', 'address': '碧江街47號'}",新北市政府,文化局,新北市板橋區中山路一段161號28樓,(02)29603456,"<a href=""http://nchdb.boch.gov.tw/assets/advanceSearch/historicalBuilding/20130813000001"" target=""_blank"">http://nchdb.boch.gov.tw/assets/advanceSearch/historicalBuilding/20130813000001</a>","[{'classification': '指定/登錄', 'officialDocNo': '北府文資字第1022415289號', 'registerDate': '2013-08-13 17:48:42.0'}]",寺廟,新北市
223,20030901000001,明志書院,"{'code': 'A8', 'name': '書院'}",<<歷史建築登錄廢止審查及輔助辦法>>第2條第1項第1款,121.426602445655,25.0469721768081,"{'itemNo': 1, 'cityName': '新北市', 'distName': '泰山區', 'address': '明志路2 段276號'}",新北市政府文化局,文化局,新北市板橋區中山路一段161號28樓,(02)29603456,"<a href=""http://nchdb.boch.gov.tw/assets/advanceSearch/historicalBuilding/20030901000001"" target=""_blank"">http://nchdb.boch.gov.tw/assets/advanceSearch/historicalBuilding/20030901000001</a>","[{'classification': '指定/登錄', 'officialDocNo': '北府文資字第0920006802號', 'registerDate': '2003-09-01 14:13:41.0'}]",書院,新北市
224,20040317000002,蘆洲八角樓,"{'code': 'A3', 'name': '宅第'}","文化資產保存法第二十七條之一暨歷史建築登錄及輔助辦法第七條
",121.471238721432,25.0803968473106,"{'itemNo': 1, 'cityName': '新北市', 'distName': '蘆洲區', 'address': '中山二路195巷12號'}",新北市政府,文化局,新北市板橋區中山路一段161號28樓,(02)29603456,"<a href=""http://nchdb.boch.gov.tw/assets/advanceSearch/historicalBuilding/20040317000002"" target=""_blank"">http://nchdb.boch.gov.tw/assets/advanceSearch/historicalBuilding/20040317000002</a>","[{'classification': '指定/登錄', 'officialDocNo': '北府文資字第0930002326號', 'registerDate': '2004-03-17 14:18:37.0'}]",宅第,新北市
225,20060523000001,五股守讓堂,"{'code': 'A3', 'name': '宅第'}",<<歷史建築登錄廢止審查及輔助辦法>>第2條第1項第1、2款,121.440697,25.083131,"{'itemNo': 1, 'cityName': '新北市', 'distName': '五股區', 'address': '新五路二段169號'}",新北市政府,文化局,新北市板橋區中山路一段161號28樓,29603456,"<a href=""http://nchdb.boch.gov.tw/assets/advanceSearch/historicalBuilding/20060523000001"" target=""_blank"">http://nchdb.boch.gov.tw/assets/advanceSearch/historicalBuilding/20060523000001</a>","[{'classification': '指定/登錄', 'officialDocNo': '北府文資字第0950004128號', 'registerDate': '2006-05-23 10:57:54.0'}, {'classification': '變更/修正', 'officialDocNo': '新北府文資字第1100776035號', 'registerDate': '2021-04-30 12:11:13.125'}]",宅第,新北市
226,20050823000001,八里大眾廟,"{'code': 'A2', 'name': '寺廟'}",<<歷史建築登錄及輔助辦法>>第2條第1項第1款,121.433613307262,25.1589266625811,"{'itemNo': 1, 'cityName': '新北市', 'distName': '八里區', 'address': '龍米路2段200巷5號'}",新北市政府,文化局,新北市板橋區中山路一段161號,02-29603456,"<a href=""http://nchdb.boch.gov.tw/assets/advanceSearch/historicalBuilding/20050823000001"" target=""_blank"">http://nchdb.boch.gov.tw/assets/advanceSearch/historicalBuilding/20050823000001</a>","[{'classification': '指定/登錄', 'officialDocNo': '北府文資字第0940007518號', 'registerDate': '2005-08-23 19:10:16.0'}]",寺廟,新北市
227,20070627000001,八里國民小學紅磚教室,"{'code': 'A99', 'name': '其他設施', 'other': '教室'}",<<歷史建築登錄廢止審查及輔助辦法>>第2條第1項第1、4款,121.403387267414,25.1494700343261,"{'itemNo': 1, 'cityName': '新北市', 'distName': '八里區', 'address': '中山路2段338號'}",新北市政府,文化局,新北市板橋區中山路一段161號28樓,(02)29603456,"<a href=""http://nchdb.boch.gov.tw/assets/advanceSearch/historicalBuilding/20070627000001"" target=""_blank"">http://nchdb.boch.gov.tw/assets/advanceSearch/historicalBuilding/20070627000001</a>","[{'classification': '指定/登錄', 'officialDocNo': '北府文資字第0960006022號', 'registerDate': '2007-06-27 15:35:43.0'}]",其他設施,新北市
227,20070627000001,八里國民小學紅磚教室,"{'code': 'A24', 'name': '學校'}",<<歷史建築登錄廢止審查及輔助辦法>>第2條第1項第1、4款,121.403387267414,25.1494700343261,"{'itemNo': 1, 'cityName': '新北市', 'distName': '八里區', 'address': '中山路2段338號'}",新北市政府,文化局,新北市板橋區中山路一段161號28樓,(02)29603456,"<a href=""http://nchdb.boch.gov.tw/assets/advanceSearch/historicalBuilding/20070627000001"" target=""_blank"">http://nchdb.boch.gov.tw/assets/advanceSearch/historicalBuilding/20070627000001</a>","[{'classification': '指定/登錄', 'officialDocNo': '北府文資字第0960006022號', 'registerDate': '2007-06-27 15:35:43.0'}]",學校,新北市
228,20071228000001,淡水日本警官宿舍,"{'code': 'A3', 'name': '宅第'}",<<文化資產保存法>>第15條暨<<歷史建築登錄廢止審查及輔助辦法>>第4條,121.439932,25.170767,"{'itemNo': 1, 'cityName': '新北市', 'distName': '淡水區', 'address': '中正路12巷5號'}",新北市政府文化局,文化局,新北市板橋區,(02)89535332,"<a href=""http://nchdb.boch.gov.tw/assets/advanceSearch/historicalBuilding/20071228000001"" target=""_blank"">http://nchdb.boch.gov.tw/assets/advanceSearch/historicalBuilding/20071228000001</a>","[{'classification': '指定/登錄', 'officialDocNo': '北府文資字第0960012702號', 'registerDate': '2007-12-28 14:39:30.0'}]",宅第,新北市
229,20110107000001,淡水木下靜涯舊居,"{'code': 'A3', 'name': '宅第'}",<<歷史建築登錄廢止審查及輔助辦法>>第2條第1項第1、2、3、4款,121.439260281751,25.1714747788344,"{'itemNo': 1, 'cityName': '新北市', 'distName': '淡水區', 'address': '三民街2巷2號'}",新北市政府,文化局,新北市板橋區中山路一段161號28樓,(02)29603456,"<a href=""http://nchdb.boch.gov.tw/assets/advanceSearch/historicalBuilding/20110107000001"" target=""_blank"">http://nchdb.boch.gov.tw/assets/advanceSearch/historicalBuilding/20110107000001</a>","[{'classification': '指定/登錄', 'officialDocNo': '北府文資字第0990018229號', 'registerDate': '2010-12-08 00:00:00.0'}, {'classification': '變更/修正', 'officialDocNo': '北府文資字第0990020516號', 'registerDate': '2011-01-07 00:00:00.0'}]",宅第,新北市
230,20030317000004,公司田溪程氏古厝,"{'code': 'A99', 'name': '其他設施', 'other': '建築物類'}",<<歷史建築登錄及輔助辦法>>第2條第1項第1款,121.428165447764,25.1893856677273,"{'itemNo': 1, 'cityName': '新北市', 'distName': '淡水區', 'address': '淡海新市鎮內-新民街一段138巷7號'}",新北市政府,文化局,新北市板橋區中山路一段161號28樓,(02)29603456,"<a href=""http://nchdb.boch.gov.tw/assets/advanceSearch/historicalBuilding/20030317000004"" target=""_blank"">http://nchdb.boch.gov.tw/assets/advanceSearch/historicalBuilding/20030317000004</a>","[{'classification': '指定/登錄', 'officialDocNo': '北府文資字第0920001694號', 'registerDate': '2003-03-17 10:59:51.0'}]",其他設施,新北市
231,20131224000001,基隆港務局淡水宿舍,"{'code': 'A3', 'name': '宅第'}",<<歷史建築登錄廢止審查及輔助辦法>>第2條第1項第3、4款,121.433725,25.174092,"{'itemNo': 1, 'cityName': '新北市', 'distName': '淡水區', 'address': '中正路251-1號'}",新北市政府,文化局,新北市板橋區中山路一段161號28樓,(02)29603456,"<a href=""http://nchdb.boch.gov.tw/assets/advanceSearch/historicalBuilding/20131224000001"" target=""_blank"">http://nchdb.boch.gov.tw/assets/advanceSearch/historicalBuilding/20131224000001</a>","[{'classification': '指定/登錄', 'officialDocNo': '北府文資字第1023299981號', 'registerDate': '2013-12-24 11:48:17.0'}]",宅第,新北市
232,20130130000001,清法戰爭滬尾古戰場城岸遺蹟,"{'code': 'A5', 'name': '關塞'}","原公告事項：<<歷史建築登錄廢止審查及輔助辦法>>第2條1項第1、3及4款。
修正後事項：<<歷史建築紀念建築登錄廢止審查及輔助辦法>>第2條1項第1、3款。",121.418806,25.187699,"{'itemNo': 1, 'cityName': '新北市', 'distName': '淡水區', 'address': '中正路'}",新北市政府,文化局,新北市板橋區中山路一段161號28樓,(02)29603456,"<a href=""http://nchdb.boch.gov.tw/assets/advanceSearch/historicalBuilding/20130130000001"" target=""_blank"">http://nchdb.boch.gov.tw/assets/advanceSearch/historicalBuilding/20130130000001</a>","[{'classification': '指定/登錄', 'officialDocNo': '北府文資字第1021152994號', 'registerDate': '2013-01-30 00:00:00.0'}, {'classification': '變更/修正', 'officialDocNo': '新北府文資字第1091587904號', 'registerDate': '2020-08-27 11:34:35.646'}, {'classification': '變更/修正', 'officialDocNo': '新北府文資字第1092508088號', 'registerDate': '2020-12-28 11:34:56.322'}, {'classification': '變更/修正', 'officialDocNo': '新北府文資字第1100487233號', 'registerDate': '2021-03-19 11:35:06.594'}]",關塞,新北市
233,20110803000002,淡水中正段日式宿舍群,"{'code': 'A3', 'name': '宅第'}",<<歷史建築登錄廢止審查及輔助辦法>>第2條第1項第1、3款,121.436118,25.172494,"{'itemNo': 1, 'cityName': '新北市', 'distName': '淡水區', 'address': '中正路21巷2、3、4、5、6號'}",新北市政府,文化局,新北市板橋區中山路一段161號28樓,(02)29603456,"<a href=""http://nchdb.boch.gov.tw/assets/advanceSearch/historicalBuilding/20110803000002"" target=""_blank"">http://nchdb.boch.gov.tw/assets/advanceSearch/historicalBuilding/20110803000002</a>","[{'classification': '指定/登錄', 'officialDocNo': '北府文資字第1000013292號', 'registerDate': '2011-08-03 17:53:13.454'}, {'classification': '變更/修正', 'officialDocNo': '新北府文資字第1080889875號', 'registerDate': '2019-05-23 00:00:00.0'}, {'classification': '變更/修正', 'officialDocNo': '新北府文資字第1120511431號', 'registerDate': '2023-03-24 00:00:00.0'}]",宅第,新北市
234,20130812000002,三芝新庄里石滬,"{'code': 'A16', 'name': '產業'}",<<歷史建築登錄廢止審查及輔助辦法>>第2條第1項第1、2、3款,121.49703,25.277705,"{'itemNo': 1, 'cityName': '新北市', 'distName': '三芝區', 'address': '新庄里蕃社路31之1號八仙宮附近沿海'}",新北市政府,文化局,新北市板橋區中山路一段161號28樓,(02)29603456,"<a href=""http://nchdb.boch.gov.tw/assets/advanceSearch/historicalBuilding/20130812000002"" target=""_blank"">http://nchdb.boch.gov.tw/assets/advanceSearch/historicalBuilding/20130812000002</a>","[{'classification': '指定/登錄', 'officialDocNo': '北府文資字第1022387240號', 'registerDate': '2013-08-12 12:33:19.0'}]",產業,新北市
235,20020621000001,舊蘭陽大橋,"{'code': 'A99', 'name': '其他設施', 'other': '建築物類'}",文化資產保存法第廿七條之一暨歷史建築登錄及補助辦法第七條,121.772744510622,24.7120914369549,"{'itemNo': 1, 'cityName': '宜蘭縣', 'distName': '宜蘭市', 'address': '南津里和平路南端'}",宜蘭縣政府文化局,文化資產科,宜蘭縣五結鄉中正路二段6之8號,03-9322440*652,"<a href=""http://nchdb.boch.gov.tw/assets/advanceSearch/historicalBuilding/20020621000001"" target=""_blank"">http://nchdb.boch.gov.tw/assets/advanceSearch/historicalBuilding/20020621000001</a>","[{'classification': '指定/登錄', 'officialDocNo': '府文資字第0910003171號', 'registerDate': '2002-06-21 16:09:50.0'}]",其他設施,宜蘭縣
236,20020621000003,進士里飛機掩體1,"{'code': 'A99', 'name': '其他設施', 'other': '建築物類'}",文化資產保存法第廿七條之一暨歷史建築登錄及補助辦法第七條,121.743407009983,24.737455814769,"{'itemNo': 1, 'cityName': '宜蘭縣', 'distName': '宜蘭市', 'address': '進士里進士路24號旁'}",宜蘭縣政府文化局,文化資產科,宜蘭縣五結鄉中正路二段6之8號,03-9322440*652,"<a href=""http://nchdb.boch.gov.tw/assets/advanceSearch/historicalBuilding/20020621000003"" target=""_blank"">http://nchdb.boch.gov.tw/assets/advanceSearch/historicalBuilding/20020621000003</a>","[{'classification': '指定/登錄', 'officialDocNo': '府文資字第0910003171號', 'registerDate': '2002-06-21 16:03:58.0'}]",其他設施,宜蘭縣
237,20020621000004,進士里飛機掩體2,"{'code': 'A99', 'name': '其他設施', 'other': '建築物類'}",文化資產保存法第廿七條之一暨歷史建築登錄及補助辦法第七條,121.742363904966,24.7370042400933,"{'itemNo': 1, 'cityName': '宜蘭縣', 'distName': '宜蘭市', 'address': '進士里進士路20號旁'}",宜蘭縣政府文化局,文化資產科,宜蘭縣五結鄉中正路二段6之8號,03-9322440*652,"<a href=""http://nchdb.boch.gov.tw/assets/advanceSearch/historicalBuilding/20020621000004"" target=""_blank"">http://nchdb.boch.gov.tw/assets/advanceSearch/historicalBuilding/20020621000004</a>","[{'classification': '指定/登錄', 'officialDocNo': '府文資字第0910003171號', 'registerDate': '2002-06-21 15:59:54.0'}]",其他設施,宜蘭縣
238,20020621000005,進士里天主教救主會,"{'code': 'A99', 'name': '其他設施', 'other': '建築物類'}",文化資產保存法第廿七條之一暨歷史建築登錄及補助辦法第七條,121.743357479665,24.7382435286797,"{'itemNo': 1, 'cityName': '宜蘭縣', 'distName': '宜蘭市', 'address': '進士里進士路39號'}",宜蘭縣政府文化局,文化資產科,宜蘭縣五結鄉中正路二段6之8號,03-9322440*652,"<a href=""http://nchdb.boch.gov.tw/assets/advanceSearch/historicalBuilding/20020621000005"" target=""_blank"">http://nchdb.boch.gov.tw/assets/advanceSearch/historicalBuilding/20020621000005</a>","[{'classification': '指定/登錄', 'officialDocNo': '府文資字第0910003171號', 'registerDate': '2002-06-21 15:58:10.0'}, {'classification': '變更/修正', 'officialDocNo': '府文資字第1050008772B號', 'registerDate': '2016-12-05 11:56:54.793', 'note': '更正定著土地之地號及面積'}]",其他設施,宜蘭縣
239,20020621000006,思源里飛機掩體1,"{'code': 'A99', 'name': '其他設施', 'other': '建築物類'}",文化資產保存法第廿七條之一暨歷史建築登錄及補助辦法第七條,121.73299864938,24.7526770646937,"{'itemNo': 1, 'cityName': '宜蘭縣', 'distName': '宜蘭市', 'address': '思源里永金二橋旁'}",宜蘭縣政府文化局,文化資產科,宜蘭縣五結鄉中正路二段6之8號,03-9322440*652,"<a href=""http://nchdb.boch.gov.tw/assets/advanceSearch/historicalBuilding/20020621000006"" target=""_blank"">http://nchdb.boch.gov.tw/assets/advanceSearch/historicalBuilding/20020621000006</a>","[{'classification': '指定/登錄', 'officialDocNo': '府文資字第0910003171號', 'registerDate': '2002-06-21 16:12:39.0'}]",其他設施,宜蘭縣
240,20020621000007,思源里飛機掩體2,"{'code': 'A99', 'name': '其他設施', 'other': '建築物類'}",文化資產保存法第廿七條之一暨歷史建築登錄及補助辦法第七條,121.733654,24.753247,"{'itemNo': 1, 'cityName': '宜蘭縣', 'distName': '宜蘭市', 'address': '思源里金六結軍區南面竹林內'}",宜蘭縣政府文化局,文化資產科,宜蘭縣五結鄉中正路二段6之8號,03-9322440*652,"<a href=""http://nchdb.boch.gov.tw/assets/advanceSearch/historicalBuilding/20020621000007"" target=""_blank"">http://nchdb.boch.gov.tw/assets/advanceSearch/historicalBuilding/20020621000007</a>","[{'classification': '指定/登錄', 'officialDocNo': '府文資字第0910003171號', 'registerDate': '2002-06-21 16:39:45.0'}]",其他設施,宜蘭縣
241,20020621000008,宜蘭測候所宜蘭飛行場出張所,"{'code': 'A99', 'name': '其他設施', 'other': '建築物類'}",文化資產保存法第廿七條之一暨歷史建築登錄及補助辦法第七條。,121.737667918715,24.7522717250745,"{'itemNo': 1, 'cityName': '宜蘭縣', 'distName': '宜蘭市', 'address': '建軍里建軍路25號'}",宜蘭縣政府文化局,文化資產科,宜蘭縣五結鄉中正路二段6之8號,03-9322440*652,"<a href=""http://nchdb.boch.gov.tw/assets/advanceSearch/historicalBuilding/20020621000008"" target=""_blank"">http://nchdb.boch.gov.tw/assets/advanceSearch/historicalBuilding/20020621000008</a>","[{'classification': '指定/登錄', 'officialDocNo': '府文資字第0910003171號', 'registerDate': '2002-06-21 15:53:07.0'}, {'classification': '變更/修正', 'officialDocNo': '府文資字第1050009576C號', 'registerDate': '2016-12-30 09:54:00.587', 'note': '變更定著土地之地號與面積'}]",其他設施,宜蘭縣
242,20021224000001,舊宜蘭縣議會,"{'code': 'A99', 'name': '其他設施', 'other': '建築物類'}",文化資產保存法第廿七條之一暨歷史建築登錄及補助辦法第七條,121.753605752945,24.7514770872472,"{'itemNo': 1, 'cityName': '宜蘭縣', 'distName': '宜蘭市', 'address': '中山路2段426號'}",宜蘭縣政府文化局,文化資產科,宜蘭縣五結鄉中正路二段6之8號,03-9322440*652,"<a href=""http://nchdb.boch.gov.tw/assets/advanceSearch/historicalBuilding/20021224000001"" target=""_blank"">http://nchdb.boch.gov.tw/assets/advanceSearch/historicalBuilding/20021224000001</a>","[{'classification': '指定/登錄', 'officialDocNo': '府文資字第0910006938號', 'registerDate': '2002-12-24 08:58:09.0'}]",其他設施,宜蘭縣
243,20010518000001,西鄉廳憲德政碑,"{'code': 'A99', 'name': '其他設施', 'other': '其他歷史遺蹟'}",文化資產保存法第廿七條之一暨歷史建築登錄及補助辦法第七條,121.74475095998,24.7577266797714,"{'itemNo': 1, 'cityName': '宜蘭縣', 'distName': '宜蘭市', 'address': '宜蘭河堤中山橋東側堤防上'}",宜蘭縣政府文化局,文化資產科,宜蘭縣五結鄉中正路二段6之8號,03-9322440*652,"<a href=""http://nchdb.boch.gov.tw/assets/advanceSearch/historicalBuilding/20010518000001"" target=""_blank"">http://nchdb.boch.gov.tw/assets/advanceSearch/historicalBuilding/20010518000001</a>","[{'classification': '指定/登錄', 'officialDocNo': '九十府宜文資產字第2990號', 'registerDate': '2001-06-29 00:00:00.0'}]",其他設施,宜蘭縣
244,20010629000001,宜蘭設治紀念館,"{'code': 'A99', 'name': '其他設施', 'other': '建築物類'}",文化資產保存法第27條之1暨歷史建築登錄及補助辦法第七條。,121.74961796307446,24.755365984993162,"{'itemNo': 1, 'cityName': '宜蘭縣', 'distName': '宜蘭市', 'address': '舊城南路力行三巷三號'}",宜蘭縣政府文化局,文化資產科,宜蘭縣五結鄉中正路二段6之8號,03-9322440*652,"<a href=""http://nchdb.boch.gov.tw/assets/advanceSearch/historicalBuilding/20010629000001"" target=""_blank"">http://nchdb.boch.gov.tw/assets/advanceSearch/historicalBuilding/20010629000001</a>","[{'classification': '指定/登錄', 'officialDocNo': '九十府宜文資產字第2990號', 'registerDate': '2001-06-29 16:17:45.0'}]",其他設施,宜蘭縣
245,20010629000002,舊主秘公館,"{'code': 'A99', 'name': '其他設施', 'other': '建築物類'}",文化資產保存法27條之1暨歷史建築登錄及輔助辦法第7條。,121.750013898126,24.7551853599042,"{'itemNo': 1, 'cityName': '宜蘭縣', 'distName': '宜蘭市', 'address': '舊城南路縣府一巷8號'}",宜蘭縣政府文化局,文化資產科,宜蘭縣五結鄉中正路二段6之8號,03-9322440*652,"<a href=""http://nchdb.boch.gov.tw/assets/advanceSearch/historicalBuilding/20010629000002"" target=""_blank"">http://nchdb.boch.gov.tw/assets/advanceSearch/historicalBuilding/20010629000002</a>","[{'classification': '指定/登錄', 'officialDocNo': '九十府宜文資產字第2990號', 'registerDate': '2001-06-29 15:23:17.0'}]",其他設施,宜蘭縣
246,20010629000003,舊農校校長宿舍,"{'code': 'A99', 'name': '其他設施', 'other': '建築物類'}",文化資產保存法第廿七條之一暨歷史建築登錄及補助辦法第七條,121.74934780580772,24.755027856166155,"{'itemNo': 1, 'cityName': '宜蘭縣', 'distName': '宜蘭市', 'address': '舊城南路縣府二巷19號'}",宜蘭縣政府文化局,文化資產科,宜蘭縣五結鄉中正路二段6之8號,03-9322440*652,"<a href=""http://nchdb.boch.gov.tw/assets/advanceSearch/historicalBuilding/20010629000003"" target=""_blank"">http://nchdb.boch.gov.tw/assets/advanceSearch/historicalBuilding/20010629000003</a>","[{'classification': '指定/登錄', 'officialDocNo': '九十府宜文資產字第2990號', 'registerDate': '2001-06-29 16:15:43.0'}]",其他設施,宜蘭縣
247,20010629000004,南門外石砌牆,"{'code': 'A99', 'name': '其他設施', 'other': '其他歷史遺蹟'}",文化資產保存法27條之1暨歷史建築登錄及輔助辦法第7條,121.750159032824,24.755274495157998,"{'itemNo': 1, 'cityName': '宜蘭縣', 'distName': '宜蘭市', 'address': '舊城南路南側'}",宜蘭縣政府文化局,文化資產科,宜蘭縣五結鄉中正路二段6之8號,03-9322440*652,"<a href=""http://nchdb.boch.gov.tw/assets/advanceSearch/historicalBuilding/20010629000004"" target=""_blank"">http://nchdb.boch.gov.tw/assets/advanceSearch/historicalBuilding/20010629000004</a>","[{'classification': '指定/登錄', 'officialDocNo': '九十府宜文資產字第2990號', 'registerDate': '2001-06-29 18:13:39.0'}]",其他設施,宜蘭縣
248,20010629000005,宜蘭設縣紀念碑,"{'code': 'A99', 'name': '其他設施', 'other': '其他歷史遺蹟'}",文化資產保存法第廿七條之一暨歷史建築登錄及補助辦法第七條,121.750929191105,24.7547809290859,"{'itemNo': 1, 'cityName': '宜蘭縣', 'distName': '宜蘭市', 'address': '舊城南路南側'}",宜蘭縣政府文化局,文化資產科,宜蘭縣五結鄉中正路二段6之8號,03-9322440*652,"<a href=""http://nchdb.boch.gov.tw/assets/advanceSearch/historicalBuilding/20010629000005"" target=""_blank"">http://nchdb.boch.gov.tw/assets/advanceSearch/historicalBuilding/20010629000005</a>","[{'classification': '指定/登錄', 'officialDocNo': '九十府宜文資產字第2990號', 'registerDate': '2001-06-29 16:14:07.0'}]",其他設施,宜蘭縣
249,20010629000006,南門外防空壕,"{'code': 'A99', 'name': '其他設施', 'other': '其他歷史遺蹟'}",文化資產保存法第廿七條之一暨歷史建築登錄及補助辦法第七條,121.750970626893,24.7547633156167,"{'itemNo': 1, 'cityName': '宜蘭縣', 'distName': '宜蘭市', 'address': '舊城南路南側'}",宜蘭縣政府文化局,文化資產科,宜蘭縣五結鄉中正路二段6之8號,03-9322440*652,"<a href=""http://nchdb.boch.gov.tw/assets/advanceSearch/historicalBuilding/20010629000006"" target=""_blank"">http://nchdb.boch.gov.tw/assets/advanceSearch/historicalBuilding/20010629000006</a>","[{'classification': '指定/登錄', 'officialDocNo': '九十府宜文資產字第2990號', 'registerDate': '2001-06-29 16:13:05.0'}]",其他設施,宜蘭縣
250,20010629000007,副總統陳公手植紀念圃,"{'code': 'A99', 'name': '其他設施', 'other': '其他歷史遺蹟'}",文化資產保存法第廿七條之一暨歷史建築登錄及補助辦法第七條,121.75101599872356,24.754736097653957,"{'itemNo': 1, 'cityName': '宜蘭縣', 'distName': '宜蘭市', 'address': '舊城南路南側'}",宜蘭縣政府文化局,文化資產科,宜蘭縣五結鄉中正路二段6之8號,03-9322440*652,"<a href=""http://nchdb.boch.gov.tw/assets/advanceSearch/historicalBuilding/20010629000007"" target=""_blank"">http://nchdb.boch.gov.tw/assets/advanceSearch/historicalBuilding/20010629000007</a>","[{'classification': '指定/登錄', 'officialDocNo': '九十府宜文資產字第2990號', 'registerDate': '2001-06-29 16:11:17.0'}]",其他設施,宜蘭縣
251,20010629000008,舊宜蘭監獄門廳,"{'code': 'A99', 'name': '其他設施', 'other': '建築物類'}",文化資產保存法27之1調暨歷史建築登錄及輔助辦法第7條,121.7514934914074,24.753832695094232,"{'itemNo': 1, 'cityName': '宜蘭縣', 'distName': '宜蘭市', 'address': '神農路二段117號'}",宜蘭縣政府文化局,文化資產科,宜蘭縣五結鄉中正路二段6之8號,03-9322440*652,"<a href=""http://nchdb.boch.gov.tw/assets/advanceSearch/historicalBuilding/20010629000008"" target=""_blank"">http://nchdb.boch.gov.tw/assets/advanceSearch/historicalBuilding/20010629000008</a>","[{'classification': '指定/登錄', 'officialDocNo': '九十府宜文資產字第2990號', 'registerDate': '2001-06-29 15:15:58.0'}]",其他設施,宜蘭縣
252,20010629000009,舊糧食局宜蘭辦公廳,"{'code': 'A99', 'name': '其他設施', 'other': '建築物類'}",文化資產保存法第27條之1暨歷史建築登錄及輔助辦法第7條,121.75693510262712,24.75474802755085,"{'itemNo': 1, 'cityName': '宜蘭縣', 'distName': '宜蘭市', 'address': '光復路13號'}",宜蘭縣政府文化局,文化資產科,宜蘭縣五結鄉中正路二段6之8號,03-9322440*652,"<a href=""http://nchdb.boch.gov.tw/assets/advanceSearch/historicalBuilding/20010629000009"" target=""_blank"">http://nchdb.boch.gov.tw/assets/advanceSearch/historicalBuilding/20010629000009</a>","[{'classification': '指定/登錄', 'officialDocNo': '九十府文資產字第2990號', 'registerDate': '2001-06-29 16:11:58.0'}]",其他設施,宜蘭縣
253,20020920000001,舊臺灣銀行宜蘭分行,"{'code': 'A99', 'name': '其他設施', 'other': '建築物類'}","文化資產保存法第廿七條之一暨歷史建築登錄及補助辦法第七條
文化資產保存法第15條暨「歷史建築登錄廢止審查及補助辦法」第2條第1項第1、2、3、4款。",121.75183265547282,24.755043601972453,"{'itemNo': 1, 'cityName': '宜蘭縣', 'distName': '宜蘭市', 'address': '中山路3段1號'}",宜蘭縣政府文化局,文化資產科,宜蘭縣五結鄉中正路二段6之8號,03-9322440*652,"<a href=""http://nchdb.boch.gov.tw/assets/advanceSearch/historicalBuilding/20020920000001"" target=""_blank"">http://nchdb.boch.gov.tw/assets/advanceSearch/historicalBuilding/20020920000001</a>","[{'classification': '指定/登錄', 'officialDocNo': '府文資字第0910005009號', 'registerDate': '2002-09-20 15:44:23.0'}, {'classification': '變更/修正', 'officialDocNo': '府文資字第0970004862號', 'registerDate': '2008-09-01 00:00:00.0', 'note': '修正定著土地面積'}, {'classification': '變更/修正', 'officialDocNo': '府文資字第1010002673C號', 'registerDate': '2012-04-23 17:22:25.445', 'note': '增列歷史建築範圍'}, {'classification': '變更/修正', 'officialDocNo': '府文資字第1100010518E號', 'registerDate': '2021-11-17 00:00:00.0', 'note': '修正登錄名稱'}]",其他設施,宜蘭縣
254,20030620000001,宜蘭火車站給水塔,"{'code': 'A99', 'name': '其他設施', 'other': '建築物類'}",文化資產保存法第廿七條之一暨歷史建築登錄及補助辦法第七條,121.75812201071,24.7530182488239,"{'itemNo': 1, 'cityName': '宜蘭縣', 'distName': '宜蘭市', 'address': '林森路（宜蘭火車站後站旁）'}",宜蘭縣政府文化局,文化資產科,宜蘭縣五結鄉中正路二段6之8號,03-9322440*652,"<a href=""http://nchdb.boch.gov.tw/assets/advanceSearch/historicalBuilding/20030620000001"" target=""_blank"">http://nchdb.boch.gov.tw/assets/advanceSearch/historicalBuilding/20030620000001</a>","[{'classification': '指定/登錄', 'officialDocNo': '府文資字第0920003132號', 'registerDate': '2003-06-20 14:25:36.0'}, {'classification': '變更/修正', 'officialDocNo': '府文資字第1110010856B號', 'registerDate': '2022-11-24 16:51:43.757', 'note': '修正登錄理由'}]",其他設施,宜蘭縣
255,20040312000002,忠靈塔,"{'code': 'A99', 'name': '其他設施', 'other': '其他歷史遺蹟'}",文化資產保存法第廿七條之一暨歷史建築登錄及補助辦法第七條,121.753325882646,24.7529986878681,"{'itemNo': 1, 'cityName': '宜蘭縣', 'distName': '宜蘭市', 'address': '中山公園內'}",宜蘭縣政府文化局,文化資產科,宜蘭縣五結鄉中正路二段6之8號,03-9322440*652,"<a href=""http://nchdb.boch.gov.tw/assets/advanceSearch/historicalBuilding/20040312000002"" target=""_blank"">http://nchdb.boch.gov.tw/assets/advanceSearch/historicalBuilding/20040312000002</a>","[{'classification': '指定/登錄', 'officialDocNo': '府文資字第0930001263號', 'registerDate': '2004-03-12 11:04:26.0'}]",其他設施,宜蘭縣
256,20040312000003,台鐵宜蘭工務段舊鐵匠房,"{'code': 'A99', 'name': '其他設施', 'other': '建築物類'}",文化資產保存法第廿七條之一暨歷史建築登錄及補助辦法第七條,121.757171582458,24.7534529253316,"{'itemNo': 1, 'cityName': '宜蘭縣', 'distName': '宜蘭市', 'address': '和睦里宜興路1段236號'}",宜蘭縣政府文化局,文化資產科,宜蘭縣五結鄉中正路二段6之8號,03-9322440*652,"<a href=""http://nchdb.boch.gov.tw/assets/advanceSearch/historicalBuilding/20040312000003"" target=""_blank"">http://nchdb.boch.gov.tw/assets/advanceSearch/historicalBuilding/20040312000003</a>","[{'classification': '指定/登錄', 'officialDocNo': '府文資字第0930001263號', 'registerDate': '2004-03-12 14:01:59.0'}]",其他設施,宜蘭縣
257,20040312000004,台鐵宜蘭工務段舊木工房,"{'code': 'A99', 'name': '其他設施', 'other': '建築物類'}",文化資產保存法第廿七條之一暨歷史建築登錄及補助辦法第七條,121.757221800719,24.7535673913468,"{'itemNo': 1, 'cityName': '宜蘭縣', 'distName': '宜蘭市', 'address': '和睦里宜興路1段236號'}",宜蘭縣政府文化局,文化資產科,宜蘭縣五結鄉中正路二段6之8號,03-9322440*652,"<a href=""http://nchdb.boch.gov.tw/assets/advanceSearch/historicalBuilding/20040312000004"" target=""_blank"">http://nchdb.boch.gov.tw/assets/advanceSearch/historicalBuilding/20040312000004</a>","[{'classification': '指定/登錄', 'officialDocNo': '府文資字第0930001263號', 'registerDate': '2004-03-12 14:12:43.0'}]",其他設施,宜蘭縣
258,20040312000005,台鐵宜蘭工務段舊檔案室,"{'code': 'A99', 'name': '其他設施', 'other': '建築物類'}",文化資產保存法第廿七條之一暨歷史建築登錄及補助辦法第七條,121.757281596418,24.7536658346128,"{'itemNo': 1, 'cityName': '宜蘭縣', 'distName': '宜蘭市', 'address': '和睦里宜興路1段236號'}",宜蘭縣政府文化局,文化資產科,宜蘭縣五結鄉中正路二段6之8號,03-9322440*652,"<a href=""http://nchdb.boch.gov.tw/assets/advanceSearch/historicalBuilding/20040312000005"" target=""_blank"">http://nchdb.boch.gov.tw/assets/advanceSearch/historicalBuilding/20040312000005</a>","[{'classification': '指定/登錄', 'officialDocNo': '府文資字第0930001263號', 'registerDate': '2004-03-12 14:11:12.0'}]",其他設施,宜蘭縣
259,20040312000006,台鐵宜蘭車站舊倉庫群,"{'code': 'A99', 'name': '其他設施', 'other': '建築物類'}",文化資產保存法第廿七條之一暨歷史建築登錄及補助辦法第七條,121.758334296741,24.7563200082531,"{'itemNo': 1, 'cityName': '宜蘭縣', 'distName': '宜蘭市', 'address': '宜蘭火車站北側倉庫群'}",宜蘭縣政府文化局,文化資產科,宜蘭縣五結鄉中正路二段6之8號,03-9322440*652,"<a href=""http://nchdb.boch.gov.tw/assets/advanceSearch/historicalBuilding/20040312000006"" target=""_blank"">http://nchdb.boch.gov.tw/assets/advanceSearch/historicalBuilding/20040312000006</a>","[{'classification': '指定/登錄', 'officialDocNo': '府文資字第0930001263號', 'registerDate': '2004-03-12 14:08:20.0'}]",其他設施,宜蘭縣
260,20120730000002,宜蘭市南橋里飛機掩體群,"{'code': 'A99', 'name': '其他設施', 'other': '軍事設施'}",文化資產保存法第15條及<<歷史建築登錄廢止審查及輔助辦法>>第2條第1項第1、3、4款,121.746856444703,24.725934512630563,"{'itemNo': 1, 'cityName': '宜蘭縣', 'distName': '宜蘭市', 'address': '建業路與清華一路交叉路口'}",宜蘭縣政府文化局,文化資產科,宜蘭縣五結鄉中正路二段6之8號,03-9322440*652,"<a href=""http://nchdb.boch.gov.tw/assets/advanceSearch/historicalBuilding/20120730000002"" target=""_blank"">http://nchdb.boch.gov.tw/assets/advanceSearch/historicalBuilding/20120730000002</a>","[{'classification': '指定/登錄', 'officialDocNo': '府文資字第1020005416B號', 'registerDate': '2013-07-30 00:00:00.0'}]",其他設施,宜蘭縣
260,20120730000002,宜蘭市南橋里飛機掩體群,"{'code': 'A99', 'name': '其他設施', 'other': '軍事設施'}",文化資產保存法第15條及<<歷史建築登錄廢止審查及輔助辦法>>第2條第1項第1、3、4款,121.746856444703,24.725934512630563,"{'itemNo': 2, 'cityName': '宜蘭縣', 'distName': '宜蘭市', 'address': '南橋路34-7號附近'}",宜蘭縣政府文化局,文化資產科,宜蘭縣五結鄉中正路二段6之8號,03-9322440*652,"<a href=""http://nchdb.boch.gov.tw/assets/advanceSearch/historicalBuilding/20120730000002"" target=""_blank"">http://nchdb.boch.gov.tw/assets/advanceSearch/historicalBuilding/20120730000002</a>","[{'classification': '指定/登錄', 'officialDocNo': '府文資字第1020005416B號', 'registerDate': '2013-07-30 00:00:00.0'}]",其他設施,宜蘭縣
261,20140128000001,宜蘭酒廠歷史建築群,"{'code': 'A16', 'name': '產業'}",<<歷史建築登錄廢止審查及輔助辦法>>第2條第1項第1、2、3、4款,121.7493884560376,24.756410934941442,"{'itemNo': 1, 'cityName': '宜蘭縣', 'distName': '宜蘭市', 'address': '舊城西路3號'}",宜蘭縣政府文化局,文化資產科,宜蘭縣五結鄉中正路二段6之8號,03-9322440*652,"<a href=""http://nchdb.boch.gov.tw/assets/advanceSearch/historicalBuilding/20140128000001"" target=""_blank"">http://nchdb.boch.gov.tw/assets/advanceSearch/historicalBuilding/20140128000001</a>","[{'classification': '指定/登錄', 'officialDocNo': '府文資字第1030000670C號', 'registerDate': '2014-01-28 13:48:53.0'}]",產業,宜蘭縣
262,20040514000001,台鐵宜蘭運務段舊辦公室,"{'code': 'A99', 'name': '其他設施', 'other': '建築物類'}",文化資產保存法第廿七條之一暨歷史建築登錄及補助辦法第七條,121.757446300915,24.7542111560457,"{'itemNo': 1, 'cityName': '宜蘭縣', 'distName': '宜蘭市', 'address': '和睦里宜興路200號'}",宜蘭縣政府文化局,文化資產科,宜蘭縣五結鄉中正路二段6之8號,03-9322440*652,"<a href=""http://nchdb.boch.gov.tw/assets/advanceSearch/historicalBuilding/20040514000001"" target=""_blank"">http://nchdb.boch.gov.tw/assets/advanceSearch/historicalBuilding/20040514000001</a>","[{'classification': '指定/登錄', 'officialDocNo': '府文資字第0930002556號', 'registerDate': '2004-05-14 13:57:10.0'}]",其他設施,宜蘭縣
263,20040514000002,台鐵宜蘭運務段防空洞,"{'code': 'A99', 'name': '其他設施', 'other': '建築物類'}",文化資產保存法第廿七條之一暨歷史建築登錄及補助辦法第七條,121.757539101433,24.7540645449686,"{'itemNo': 1, 'cityName': '宜蘭縣', 'distName': '宜蘭市', 'address': '宜蘭火車站宜蘭運務段舊辦公室後'}",宜蘭縣政府文化局,文化資產科,宜蘭縣五結鄉中正路二段6之8號,03-9322440*652,"<a href=""http://nchdb.boch.gov.tw/assets/advanceSearch/historicalBuilding/20040514000002"" target=""_blank"">http://nchdb.boch.gov.tw/assets/advanceSearch/historicalBuilding/20040514000002</a>","[{'classification': '指定/登錄', 'officialDocNo': '府文資字第0930002556號', 'registerDate': '2004-05-14 10:25:12.0'}]",其他設施,宜蘭縣
264,20050514000001,台鐵宜蘭車站舊警察派出所,"{'code': 'A99', 'name': '其他設施', 'other': '建築物類'}",文化資產保存法第27條之1暨歷史建築登錄及輔助辦法第7條,121.757769720338,24.754263533937,"{'itemNo': 1, 'cityName': '宜蘭縣', 'distName': '宜蘭市', 'address': '光復路3號'}",宜蘭縣政府文化局,文化資產科,宜蘭縣五結鄉中正路二段6之8號,03-9322440*652,"<a href=""http://nchdb.boch.gov.tw/assets/advanceSearch/historicalBuilding/20050514000001"" target=""_blank"">http://nchdb.boch.gov.tw/assets/advanceSearch/historicalBuilding/20050514000001</a>","[{'classification': '指定/登錄', 'officialDocNo': '府文資字第0930002556號', 'registerDate': '2004-05-14 00:00:00.0'}]",其他設施,宜蘭縣
265,20050627000001,台灣省政府糧食局宜蘭市神農路宿舍,"{'code': 'A99', 'name': '其他設施', 'other': '建築物類'}",文化資產保存法第廿七條之一暨歷史建築登錄及補助辦法第七條,121.7513202831006,24.75227710122028,"{'itemNo': 1, 'cityName': '宜蘭縣', 'distName': '宜蘭市', 'address': '神農路2段96號及90巷1號、1號2樓、3號、3號2樓、5號、5號2樓、7號、7號2樓、9號、9號2樓、11號、11號2樓'}",宜蘭縣政府文化局,文化資產科,宜蘭縣五結鄉中正路二段6之8號,03-9322440*652,"<a href=""http://nchdb.boch.gov.tw/assets/advanceSearch/historicalBuilding/20050627000001"" target=""_blank"">http://nchdb.boch.gov.tw/assets/advanceSearch/historicalBuilding/20050627000001</a>","[{'classification': '指定/登錄', 'officialDocNo': '府文資字第0940003224-1號', 'registerDate': '2005-06-27 13:12:04.0'}, {'classification': '變更/修正', 'officialDocNo': '府文資字第0960004544號', 'registerDate': '2007-08-23 14:58:12.636', 'note': '修正建物門牌及坐落地號面積'}]",其他設施,宜蘭縣
266,20050627000002,舊日軍通信中心,"{'code': 'A99', 'name': '其他設施', 'other': '建築物類'}",文化資產保存法第廿七條之一暨歷史建築登錄及補助辦法第七條,121.753328134427,24.7530576998135,"{'itemNo': 1, 'cityName': '宜蘭縣', 'distName': '宜蘭市', 'address': '中山公園內'}",宜蘭縣政府文化局,文化資產科,宜蘭縣五結鄉中正路二段6之8號,03-9322440*652,"<a href=""http://nchdb.boch.gov.tw/assets/advanceSearch/historicalBuilding/20050627000002"" target=""_blank"">http://nchdb.boch.gov.tw/assets/advanceSearch/historicalBuilding/20050627000002</a>","[{'classification': '指定/登錄', 'officialDocNo': '府文資字第0940003224-1號', 'registerDate': '2005-06-27 15:14:19.0'}]",其他設施,宜蘭縣
267,20050601000002,宜蘭市台鐵宿舍（1）,"{'code': 'A99', 'name': '其他設施', 'other': '建築物類'}",文化資產保存法第廿七條之一暨歷史建築登錄及補助辦法第七條,121.7567307988486,24.752259807922066,"{'itemNo': 1, 'cityName': '宜蘭縣', 'distName': '宜蘭市', 'address': '宜興路一段178號'}",宜蘭縣政府文化局,文化資產科,宜蘭縣五結鄉中正路二段6之8號,03-9322440*652,"<a href=""http://nchdb.boch.gov.tw/assets/advanceSearch/historicalBuilding/20050601000002"" target=""_blank"">http://nchdb.boch.gov.tw/assets/advanceSearch/historicalBuilding/20050601000002</a>","[{'classification': '指定/登錄', 'officialDocNo': '府文資字第0940002711號', 'registerDate': '2005-06-01 13:16:33.0'}]",其他設施,宜蘭縣
268,20051024000001,宜蘭市建業里舊軍事掩體（1）,"{'code': 'A99', 'name': '其他設施', 'other': '其他歷史遺蹟'}",文化資產保存法第廿七條之一暨歷史建築登錄及補助辦法第七條,121.751768592086,24.7291925629776,"{'itemNo': 1, 'cityName': '宜蘭縣', 'distName': '宜蘭市', 'address': '建業路22-92號北側'}",宜蘭縣政府文化局,文化資產科,宜蘭縣五結鄉中正路二段6之8號,03-9322440*652,"<a href=""http://nchdb.boch.gov.tw/assets/advanceSearch/historicalBuilding/20051024000001"" target=""_blank"">http://nchdb.boch.gov.tw/assets/advanceSearch/historicalBuilding/20051024000001</a>","[{'classification': '指定/登錄', 'officialDocNo': '府文資字第0940005498號', 'registerDate': '2005-10-24 18:02:48.0'}]",其他設施,宜蘭縣
269,20051024000002,台鐵宜蘭工務段辦公室,"{'code': 'A99', 'name': '其他設施', 'other': '建築物類'}",文化資產保存法第廿七條之一暨歷史建築登錄及補助辦法第七條,121.757663925691,24.7540223102773,"{'itemNo': 1, 'cityName': '宜蘭縣', 'distName': '宜蘭市', 'address': '宜興路一段236號'}",宜蘭縣政府文化局,文化資產科,宜蘭縣五結鄉中正路二段6之8號,03-9322440*652,"<a href=""http://nchdb.boch.gov.tw/assets/advanceSearch/historicalBuilding/20051024000002"" target=""_blank"">http://nchdb.boch.gov.tw/assets/advanceSearch/historicalBuilding/20051024000002</a>","[{'classification': '指定/登錄', 'officialDocNo': '府文資字第0940005498號', 'registerDate': '2005-10-24 15:43:25.0'}]",其他設施,宜蘭縣
270,20140630000002,宜蘭市建軍里飛機掩體群,"{'code': 'A99', 'name': '其他設施', 'other': '軍事設施'}",符合文化資產保存法第15條及「歷史建築登錄廢止審查及補助辦法」第2條第1項第1、3、4款登錄基準。,121.73712638902207,24.753394993307392,"{'itemNo': 1, 'cityName': '宜蘭縣', 'distName': '宜蘭市', 'address': '建軍路46號(金六結營區內)'}",宜蘭縣政府文化局,文化資產科,宜蘭縣五結鄉中正路二段6之8號,03-9322440*652,"<a href=""http://nchdb.boch.gov.tw/assets/advanceSearch/historicalBuilding/20140630000002"" target=""_blank"">http://nchdb.boch.gov.tw/assets/advanceSearch/historicalBuilding/20140630000002</a>","[{'classification': '指定/登錄', 'officialDocNo': '府文資字第1030004776C號', 'registerDate': '2014-06-30 13:14:21.0'}, {'classification': '變更/修正', 'officialDocNo': '府文資字第1130011464E號函', 'registerDate': '2024-11-01 16:11:51.448', 'note': '配合地籍重測調整定著土地之地號'}, {'classification': '變更/修正', 'officialDocNo': '府文資字第1130011464F號函', 'registerDate': '2024-11-01 16:34:50.318', 'note': '縮減定著土地範圍及面積之一部分'}]",其他設施,宜蘭縣
270,20140630000002,宜蘭市建軍里飛機掩體群,"{'code': 'A99', 'name': '其他設施', 'other': '軍事設施'}",符合文化資產保存法第15條及「歷史建築登錄廢止審查及補助辦法」第2條第1項第1、3、4款登錄基準。,121.73712638902207,24.753394993307392,"{'itemNo': 2, 'cityName': '宜蘭縣', 'distName': '宜蘭市', 'address': '環河路501巷內(221號旁)'}",宜蘭縣政府文化局,文化資產科,宜蘭縣五結鄉中正路二段6之8號,03-9322440*652,"<a href=""http://nchdb.boch.gov.tw/assets/advanceSearch/historicalBuilding/20140630000002"" target=""_blank"">http://nchdb.boch.gov.tw/assets/advanceSearch/historicalBuilding/20140630000002</a>","[{'classification': '指定/登錄', 'officialDocNo': '府文資字第1030004776C號', 'registerDate': '2014-06-30 13:14:21.0'}, {'classification': '變更/修正', 'officialDocNo': '府文資字第1130011464E號函', 'registerDate': '2024-11-01 16:11:51.448', 'note': '配合地籍重測調整定著土地之地號'}, {'classification': '變更/修正', 'officialDocNo': '府文資字第1130011464F號函', 'registerDate': '2024-11-01 16:34:50.318', 'note': '縮減定著土地範圍及面積之一部分'}]",其他設施,宜蘭縣
270,20140630000002,宜蘭市建軍里飛機掩體群,"{'code': 'A99', 'name': '其他設施', 'other': '軍事設施'}",符合文化資產保存法第15條及「歷史建築登錄廢止審查及補助辦法」第2條第1項第1、3、4款登錄基準。,121.73712638902207,24.753394993307392,"{'itemNo': 3, 'cityName': '宜蘭縣', 'distName': '宜蘭市', 'address': '環河路501巷110號'}",宜蘭縣政府文化局,文化資產科,宜蘭縣五結鄉中正路二段6之8號,03-9322440*652,"<a href=""http://nchdb.boch.gov.tw/assets/advanceSearch/historicalBuilding/20140630000002"" target=""_blank"">http://nchdb.boch.gov.tw/assets/advanceSearch/historicalBuilding/20140630000002</a>","[{'classification': '指定/登錄', 'officialDocNo': '府文資字第1030004776C號', 'registerDate': '2014-06-30 13:14:21.0'}, {'classification': '變更/修正', 'officialDocNo': '府文資字第1130011464E號函', 'registerDate': '2024-11-01 16:11:51.448', 'note': '配合地籍重測調整定著土地之地號'}, {'classification': '變更/修正', 'officialDocNo': '府文資字第1130011464F號函', 'registerDate': '2024-11-01 16:34:50.318', 'note': '縮減定著土地範圍及面積之一部分'}]",其他設施,宜蘭縣
271,20071009000004,宜蘭大學民權日式眷舍,"{'code': 'A3', 'name': '宅第'}",符合「歷史建築登錄廢止審查及輔助辦法」第2條第1、3、4款規定,121.752717830928,24.7505592878973,"{'itemNo': 1, 'cityName': '宜蘭縣', 'distName': '宜蘭市', 'address': '中華路200號'}",宜蘭縣政府文化局,文化資產科,宜蘭縣五結鄉中正路二段6之8號,03-9322440*652,"<a href=""http://nchdb.boch.gov.tw/assets/advanceSearch/historicalBuilding/20071009000004"" target=""_blank"">http://nchdb.boch.gov.tw/assets/advanceSearch/historicalBuilding/20071009000004</a>","[{'classification': '指定/登錄', 'officialDocNo': '府文資字第0960005500號', 'registerDate': '2007-10-09 16:38:38.0'}, {'classification': '變更/修正', 'officialDocNo': '府文資字第0960007147號', 'registerDate': '2007-12-27 09:51:05.786', 'note': '更正定著土地面積'}]",宅第,宜蘭縣
271,20071009000004,宜蘭大學民權日式眷舍,"{'code': 'A3', 'name': '宅第'}",符合「歷史建築登錄廢止審查及輔助辦法」第2條第1、3、4款規定,121.752717830928,24.7505592878973,"{'itemNo': 2, 'cityName': '宜蘭縣', 'distName': '宜蘭市', 'address': '中華路192巷5號'}",宜蘭縣政府文化局,文化資產科,宜蘭縣五結鄉中正路二段6之8號,03-9322440*652,"<a href=""http://nchdb.boch.gov.tw/assets/advanceSearch/historicalBuilding/20071009000004"" target=""_blank"">http://nchdb.boch.gov.tw/assets/advanceSearch/historicalBuilding/20071009000004</a>","[{'classification': '指定/登錄', 'officialDocNo': '府文資字第0960005500號', 'registerDate': '2007-10-09 16:38:38.0'}, {'classification': '變更/修正', 'officialDocNo': '府文資字第0960007147號', 'registerDate': '2007-12-27 09:51:05.786', 'note': '更正定著土地面積'}]",宅第,宜蘭縣
272,20051024000003,台鐵頭城車站舊站長宿舍,"{'code': 'A99', 'name': '其他設施', 'other': '建築物類'}",文化資產保存法第27條之1暨歷史建築登錄及補助辦法第7條,121.822517271325,24.8581637388563,"{'itemNo': 1, 'cityName': '宜蘭縣', 'distName': '頭城鎮', 'address': '站舍巷1號'}",宜蘭縣政府文化局,文化資產科,宜蘭縣五結鄉中正路二段6之8號,03-9322440*652,"<a href=""http://nchdb.boch.gov.tw/assets/advanceSearch/historicalBuilding/20051024000003"" target=""_blank"">http://nchdb.boch.gov.tw/assets/advanceSearch/historicalBuilding/20051024000003</a>","[{'classification': '指定/登錄', 'officialDocNo': '府文資字第0940005498號', 'registerDate': '2005-10-24 17:06:06.0'}]",其他設施,宜蘭縣
273,20051024000004,台鐵頭城車站員工宿舍,"{'code': 'A99', 'name': '其他設施', 'other': '建築物類'}",文化資產保存法第廿七條之一暨歷史建築登錄及補助辦法第七條,121.8223522785184,24.857890130046346,"{'itemNo': 1, 'cityName': '宜蘭縣', 'distName': '頭城鎮', 'address': '站舍巷5、7、9號'}",宜蘭縣政府文化局,文化資產科,宜蘭縣五結鄉中正路二段6之8號,03-9322440*652,"<a href=""http://nchdb.boch.gov.tw/assets/advanceSearch/historicalBuilding/20051024000004"" target=""_blank"">http://nchdb.boch.gov.tw/assets/advanceSearch/historicalBuilding/20051024000004</a>","[{'classification': '指定/登錄', 'officialDocNo': '府文資字第0940005498號', 'registerDate': '2005-10-24 16:54:48.0'}]",其他設施,宜蘭縣
274,20140128000002,頭城梗枋福神碑,"{'code': 'A9', 'name': '碑碣'}",符合文化資產保存法第15條及「歷史建築登錄廢止審查及輔助辦法」第2條第1項第1、2、3、4款登錄基準。,121.86157693028971,24.89703226381381,"{'itemNo': 1, 'cityName': '宜蘭縣', 'distName': '頭城鎮', 'address': '台二線濱海公路129.6公里海岸邊（梗枋段石塔海邊）'}",宜蘭縣政府文化局,文化資產科,宜蘭縣五結鄉中正路二段6之8號,03-9322440*652,"<a href=""http://nchdb.boch.gov.tw/assets/advanceSearch/historicalBuilding/20140128000002"" target=""_blank"">http://nchdb.boch.gov.tw/assets/advanceSearch/historicalBuilding/20140128000002</a>","[{'classification': '指定/登錄', 'officialDocNo': '府文資字第1030000670D號', 'registerDate': '2014-01-28 00:00:00.0'}]",碑碣,宜蘭縣
275,20020920000002,頭城鎮頭城國小校長宿舍,"{'code': 'A99', 'name': '其他設施', 'other': '建築物類'}",文化資產保存法第廿七條之一暨歷史建築登錄及補助辦法第七條,121.82477291692868,24.859226991679353,"{'itemNo': 1, 'cityName': '宜蘭縣', 'distName': '頭城鎮', 'address': '城東里開蘭舊路4號'}",宜蘭縣政府文化局頭城鎮公所,文化資產科,宜蘭縣五結鄉中正路二段6之8號,03-9322440*652,"<a href=""http://nchdb.boch.gov.tw/assets/advanceSearch/historicalBuilding/20020920000002"" target=""_blank"">http://nchdb.boch.gov.tw/assets/advanceSearch/historicalBuilding/20020920000002</a>","[{'classification': '指定/登錄', 'officialDocNo': '府文資字第0910005009號', 'registerDate': '2002-09-20 15:45:08.0'}, {'classification': '指定/登錄', 'officialDocNo': '府文資字第0920006331號', 'registerDate': '2003-12-02 13:30:29.702'}]",其他設施,宜蘭縣
276,20021224000002,臺灣銀行礁溪訓練中心,"{'code': 'A99', 'name': '其他設施', 'other': '建築物類'}",文化資產保存法第廿七條之一暨歷史建築登錄及補助辦法第七條,121.77341999854795,24.825878135609887,"{'itemNo': 1, 'cityName': '宜蘭縣', 'distName': '礁溪鄉', 'address': '中山路2段140號'}",宜蘭縣政府文化局,文化資產科,宜蘭縣五結鄉中正路二段6之8號,03-9322440*652,"<a href=""http://nchdb.boch.gov.tw/assets/advanceSearch/historicalBuilding/20021224000002"" target=""_blank"">http://nchdb.boch.gov.tw/assets/advanceSearch/historicalBuilding/20021224000002</a>","[{'classification': '指定/登錄', 'officialDocNo': '府文資字第0910006938號', 'registerDate': '2002-12-24 14:25:17.0'}]",其他設施,宜蘭縣
277,20021224000003,礁溪鄉公所舊辦公廳,"{'code': 'A99', 'name': '其他設施', 'other': '建築物類'}",文化資產保存法第廿七條之一暨歷史建築登錄及補助辦法第七條,121.77126630623644,24.823690292160823,"{'itemNo': 1, 'cityName': '宜蘭縣', 'distName': '礁溪鄉', 'address': '六結村中山路2段3號'}",宜蘭縣政府文化局,文化資產科,宜蘭縣五結鄉中正路二段6之8號,03-9322440*652,"<a href=""http://nchdb.boch.gov.tw/assets/advanceSearch/historicalBuilding/20021224000003"" target=""_blank"">http://nchdb.boch.gov.tw/assets/advanceSearch/historicalBuilding/20021224000003</a>","[{'classification': '指定/登錄', 'officialDocNo': '府文資字第0910006938號', 'registerDate': '2002-12-24 11:17:35.0'}]",其他設施,宜蘭縣
278,20050627000003,羅東林區管理處礁溪工作站宿舍區,"{'code': 'A99', 'name': '其他設施', 'other': '建築物類'}",文化資產保存法第廿七條之一暨歷史建築登錄及補助辦法第七條,121.774413349438,24.8325510835356,"{'itemNo': 1, 'cityName': '宜蘭縣', 'distName': '礁溪鄉', 'address': '忠孝路129巷1、2、3、4、6、8、10、12號'}",宜蘭縣政府文化局,文化資產科,宜蘭縣五結鄉中正路二段6之8號,03-9322440*652,"<a href=""http://nchdb.boch.gov.tw/assets/advanceSearch/historicalBuilding/20050627000003"" target=""_blank"">http://nchdb.boch.gov.tw/assets/advanceSearch/historicalBuilding/20050627000003</a>","[{'classification': '指定/登錄', 'officialDocNo': '府文資字第0940003224-1號', 'registerDate': '2005-06-27 15:09:23.0'}]",其他設施,宜蘭縣
279,20041007000004,開蘭吳宅公廳,"{'code': 'A1', 'name': '祠堂'}",文化資產保存法第廿七條之一暨歷史建築登錄及補助辦法第七條,121.75926762792452,24.78814655908159,"{'itemNo': 1, 'cityName': '宜蘭縣', 'distName': '礁溪鄉', 'address': '吳沙村北門巷38號'}",宜蘭縣政府文化局,文化資產科,宜蘭縣五結鄉中正路二段6之8號,03-9322440*652,"<a href=""http://nchdb.boch.gov.tw/assets/advanceSearch/historicalBuilding/20041007000004"" target=""_blank"">http://nchdb.boch.gov.tw/assets/advanceSearch/historicalBuilding/20041007000004</a>","[{'classification': '指定/登錄', 'officialDocNo': '府文資字第0930005150號', 'registerDate': '2004-10-07 13:30:27.0'}]",祠堂,宜蘭縣
280,20150121000002,大福兵器試驗場觀測站群,"{'code': 'A99', 'name': '其他設施', 'other': '其他具有歷史、文化、藝術價值之建造物（軍事設施）'}",符合「歷史建築登錄廢止審查及補助辦法」第2條第1項第1、3、4款登錄基準。,121.829572,24.721747,"{'itemNo': 1, 'cityName': '宜蘭縣', 'distName': '壯圍鄉', 'address': '分佈於壯圍濱海自行車道約12.5k至15k間的保安林地中'}",宜蘭縣政府文化局,文化資產科,宜蘭縣五結鄉中正路二段6之8號,03-9322440*652,"<a href=""http://nchdb.boch.gov.tw/assets/advanceSearch/historicalBuilding/20150121000002"" target=""_blank"">http://nchdb.boch.gov.tw/assets/advanceSearch/historicalBuilding/20150121000002</a>","[{'classification': '指定/登錄', 'officialDocNo': '府文資字第10400000467A號', 'registerDate': '2015-01-21 16:11:28.0'}, {'classification': '變更/修正', 'officialDocNo': '府文資字第1050000537E號', 'registerDate': '2016-01-21 16:14:31.808', 'note': '更正定著土地地號'}]",其他設施,宜蘭縣
281,20140321000001,戒嚴時期蘭陽海岸線軍事營舍,"{'code': 'A5', 'name': '關塞'}",文化資產保存法第15條暨「歷史建築登錄廢止審查及輔助辦法」第2條第1項第1、2、3、4款規定。,121.8173087126359,24.786286395043447,"{'itemNo': 1, 'cityName': '宜蘭縣', 'distName': '壯圍鄉', 'address': '壯濱路5段220巷51號'}",宜蘭縣政府文化局,文化資產科,宜蘭縣五結鄉中正路二段6之8號,03-9322440*652,"<a href=""http://nchdb.boch.gov.tw/assets/advanceSearch/historicalBuilding/20140321000001"" target=""_blank"">http://nchdb.boch.gov.tw/assets/advanceSearch/historicalBuilding/20140321000001</a>","[{'classification': '指定/登錄', 'officialDocNo': '府文資字第1030001175B號', 'registerDate': '2014-03-21 16:16:06.0'}, {'classification': '變更/修正', 'officialDocNo': '府文資字第1050000537C號', 'registerDate': '2016-01-21 15:56:14.57', 'note': '增列建物'}]",關塞,宜蘭縣
281,20140321000001,戒嚴時期蘭陽海岸線軍事營舍,"{'code': 'A5', 'name': '關塞'}",文化資產保存法第15條暨「歷史建築登錄廢止審查及輔助辦法」第2條第1項第1、2、3、4款規定。,121.8173087126359,24.786286395043447,"{'itemNo': 2, 'cityName': '宜蘭縣', 'distName': '壯圍鄉', 'address': '壯濱路2段115巷內'}",宜蘭縣政府文化局,文化資產科,宜蘭縣五結鄉中正路二段6之8號,03-9322440*652,"<a href=""http://nchdb.boch.gov.tw/assets/advanceSearch/historicalBuilding/20140321000001"" target=""_blank"">http://nchdb.boch.gov.tw/assets/advanceSearch/historicalBuilding/20140321000001</a>","[{'classification': '指定/登錄', 'officialDocNo': '府文資字第1030001175B號', 'registerDate': '2014-03-21 16:16:06.0'}, {'classification': '變更/修正', 'officialDocNo': '府文資字第1050000537C號', 'registerDate': '2016-01-21 15:56:14.57', 'note': '增列建物'}]",關塞,宜蘭縣
281,20140321000001,戒嚴時期蘭陽海岸線軍事營舍,"{'code': 'A5', 'name': '關塞'}",文化資產保存法第15條暨「歷史建築登錄廢止審查及輔助辦法」第2條第1項第1、2、3、4款規定。,121.8173087126359,24.786286395043447,"{'itemNo': 3, 'cityName': '宜蘭縣', 'distName': '壯圍鄉', 'address': '壯濱路1段110巷內壯圍鄉廍後路1號旁道路內'}",宜蘭縣政府文化局,文化資產科,宜蘭縣五結鄉中正路二段6之8號,03-9322440*652,"<a href=""http://nchdb.boch.gov.tw/assets/advanceSearch/historicalBuilding/20140321000001"" target=""_blank"">http://nchdb.boch.gov.tw/assets/advanceSearch/historicalBuilding/20140321000001</a>","[{'classification': '指定/登錄', 'officialDocNo': '府文資字第1030001175B號', 'registerDate': '2014-03-21 16:16:06.0'}, {'classification': '變更/修正', 'officialDocNo': '府文資字第1050000537C號', 'registerDate': '2016-01-21 15:56:14.57', 'note': '增列建物'}]",關塞,宜蘭縣
281,20140321000001,戒嚴時期蘭陽海岸線軍事營舍,"{'code': 'A5', 'name': '關塞'}",文化資產保存法第15條暨「歷史建築登錄廢止審查及輔助辦法」第2條第1項第1、2、3、4款規定。,121.8173087126359,24.786286395043447,"{'itemNo': 4, 'cityName': '宜蘭縣', 'distName': '壯圍鄉', 'address': '廍後路1號旁道路內'}",宜蘭縣政府文化局,文化資產科,宜蘭縣五結鄉中正路二段6之8號,03-9322440*652,"<a href=""http://nchdb.boch.gov.tw/assets/advanceSearch/historicalBuilding/20140321000001"" target=""_blank"">http://nchdb.boch.gov.tw/assets/advanceSearch/historicalBuilding/20140321000001</a>","[{'classification': '指定/登錄', 'officialDocNo': '府文資字第1030001175B號', 'registerDate': '2014-03-21 16:16:06.0'}, {'classification': '變更/修正', 'officialDocNo': '府文資字第1050000537C號', 'registerDate': '2016-01-21 15:56:14.57', 'note': '增列建物'}]",關塞,宜蘭縣
282,20010629000010,大三鬮林宅,"{'code': 'A99', 'name': '其他設施', 'other': '建築物類'}",文化資產保存法第廿七條之一暨歷史建築登錄及輔助辦法第七條,121.72038192498118,24.735981418368073,"{'itemNo': 1, 'cityName': '宜蘭縣', 'distName': '員山鄉', 'address': '尚德村三鬮路61號'}",宜蘭縣政府文化局,文化資產科,宜蘭縣五結鄉中正路二段6之8號,03-9322440*652,"<a href=""http://nchdb.boch.gov.tw/assets/advanceSearch/historicalBuilding/20010629000010"" target=""_blank"">http://nchdb.boch.gov.tw/assets/advanceSearch/historicalBuilding/20010629000010</a>","[{'classification': '指定/登錄', 'officialDocNo': '九十府宜文資產字第2990 號', 'registerDate': '2001-06-29 16:34:34.0'}]",其他設施,宜蘭縣
283,20031029000001,羅東鎮成功國小舊禮堂,"{'code': 'A99', 'name': '其他設施', 'other': '建築物類'}",文化資產保存法第廿七條之一暨歷史建築登錄及補助辦法第七條,121.76993293057643,24.671513402079412,"{'itemNo': 1, 'cityName': '宜蘭縣', 'distName': '羅東鎮', 'address': '文化街45號'}",宜蘭縣政府文化局,文化資產科,宜蘭縣五結鄉中正路二段6之8號,03-9322440*652,"<a href=""http://nchdb.boch.gov.tw/assets/advanceSearch/historicalBuilding/20031029000001"" target=""_blank"">http://nchdb.boch.gov.tw/assets/advanceSearch/historicalBuilding/20031029000001</a>","[{'classification': '指定/登錄', 'officialDocNo': '府文資字第0920005613號', 'registerDate': '2003-10-29 14:19:12.0'}]",其他設施,宜蘭縣
284,20031029000002,羅東鎮成功國小校長宿舍,"{'code': 'A99', 'name': '其他設施', 'other': '建築物類'}",文化資產保存法第廿七條之一暨歷史建築登錄及補助辦法第七條,121.77009867367947,24.671789587884238,"{'itemNo': 1, 'cityName': '宜蘭縣', 'distName': '羅東鎮', 'address': '文化街53、55號'}",宜蘭縣政府文化局,文化資產科,宜蘭縣五結鄉中正路二段6之8號,03-9322440*652,"<a href=""http://nchdb.boch.gov.tw/assets/advanceSearch/historicalBuilding/20031029000002"" target=""_blank"">http://nchdb.boch.gov.tw/assets/advanceSearch/historicalBuilding/20031029000002</a>","[{'classification': '指定/登錄', 'officialDocNo': '府文資字第0920005613號', 'registerDate': '2003-10-29 16:53:41.0'}]",其他設施,宜蘭縣
285,20031029000003,羅東鎮東光國中舊校門,"{'code': 'A99', 'name': '其他設施', 'other': '建築物類'}",文化資產保存法第廿七條之一暨歷史建築登錄及補助辦法第七條,121.765935350401,24.6726239233295,"{'itemNo': 1, 'cityName': '宜蘭縣', 'distName': '羅東鎮', 'address': '興東南路201號'}",宜蘭縣政府文化局,文化資產科,宜蘭縣五結鄉中正路二段6之8號,03-9322440*652,"<a href=""http://nchdb.boch.gov.tw/assets/advanceSearch/historicalBuilding/20031029000003"" target=""_blank"">http://nchdb.boch.gov.tw/assets/advanceSearch/historicalBuilding/20031029000003</a>","[{'classification': '指定/登錄', 'officialDocNo': '府文資字第0920005613號', 'registerDate': '2003-10-29 14:22:19.0'}]",其他設施,宜蘭縣
286,20031029000004,羅東鎮國華國中九年國教校舍,"{'code': 'A24', 'name': '學校'}",文化資產保存法第廿七條之一暨歷史建築登錄及補助辦法第七條,121.76105064461,24.6782860510634,"{'itemNo': 1, 'cityName': '宜蘭縣', 'distName': '羅東鎮', 'address': '國華路101號'}",宜蘭縣政府文化局,文化資產科,宜蘭縣五結鄉中正路二段6之8號,03-9322440*652,"<a href=""http://nchdb.boch.gov.tw/assets/advanceSearch/historicalBuilding/20031029000004"" target=""_blank"">http://nchdb.boch.gov.tw/assets/advanceSearch/historicalBuilding/20031029000004</a>","[{'classification': '指定/登錄', 'officialDocNo': '府文資字第0920005613號', 'registerDate': '2003-10-29 14:24:49.0'}]",學校,宜蘭縣
287,20050627000004,羅東鎮中山路北側公有宿舍區,"{'code': 'A99', 'name': '其他設施', 'other': '建築物類'}",文化資產保存法第廿七條之一暨歷史建築登錄及補助辦法第七條,121.760970070919,24.6737978392347,"{'itemNo': 1, 'cityName': '宜蘭縣', 'distName': '羅東鎮', 'address': '中山西路4段公有宿舍區'}",宜蘭縣政府文化局,文化資產科,宜蘭縣五結鄉中正路二段6之8號,03-9322440*652,"<a href=""http://nchdb.boch.gov.tw/assets/advanceSearch/historicalBuilding/20050627000004"" target=""_blank"">http://nchdb.boch.gov.tw/assets/advanceSearch/historicalBuilding/20050627000004</a>","[{'classification': '指定/登錄', 'officialDocNo': '府文資字第0940003224-1號', 'registerDate': '2005-06-27 15:11:05.0'}]",其他設施,宜蘭縣
288,20040514000003,羅東林區管理處舊辦公室,"{'code': 'A99', 'name': '其他設施', 'other': '建築物類'}",文化資產保存法第廿七條之一暨歷史建築登錄及補助辦法第七條,121.771754826209,24.6838478975708,"{'itemNo': 1, 'cityName': '宜蘭縣', 'distName': '羅東鎮', 'address': '中正北路118號'}",宜蘭縣政府文化局,文化資產科,宜蘭縣五結鄉中正路二段6之8號,03-9322440*652,"<a href=""http://nchdb.boch.gov.tw/assets/advanceSearch/historicalBuilding/20040514000003"" target=""_blank"">http://nchdb.boch.gov.tw/assets/advanceSearch/historicalBuilding/20040514000003</a>","[{'classification': '指定/登錄', 'officialDocNo': '府文資字第0930002556號', 'registerDate': '2004-05-14 17:45:49.0'}]",其他設施,宜蘭縣
289,20040514000004,羅東林區管理處舊檢車庫,"{'code': 'A99', 'name': '其他設施', 'other': '建築物類'}",文化資產保存法第廿七條之一暨歷史建築登錄及補助辦法第七條,121.772301842289,24.6849863223757,"{'itemNo': 1, 'cityName': '宜蘭縣', 'distName': '羅東鎮', 'address': '中正北路118號'}",宜蘭縣政府文化局,文化資產科,宜蘭縣五結鄉中正路二段6之8號,03-9322440*652,"<a href=""http://nchdb.boch.gov.tw/assets/advanceSearch/historicalBuilding/20040514000004"" target=""_blank"">http://nchdb.boch.gov.tw/assets/advanceSearch/historicalBuilding/20040514000004</a>","[{'classification': '指定/登錄', 'officialDocNo': '府文資字第0930002556號', 'registerDate': '2004-05-14 00:00:00.0'}]",其他設施,宜蘭縣
290,20040514000005,羅東林區管理處碉堡(1),"{'code': 'A99', 'name': '其他設施', 'other': '建築物類'}",文化資產保存法第廿七條之一暨歷史建築登錄及補助辦法第七條,121.772310341947,24.6854273694977,"{'itemNo': 1, 'cityName': '宜蘭縣', 'distName': '羅東鎮', 'address': '鄰近中正北路120巷19號'}",宜蘭縣政府文化局,文化資產科,宜蘭縣五結鄉中正路二段6之8號,03-9322440*652,"<a href=""http://nchdb.boch.gov.tw/assets/advanceSearch/historicalBuilding/20040514000005"" target=""_blank"">http://nchdb.boch.gov.tw/assets/advanceSearch/historicalBuilding/20040514000005</a>","[{'classification': '指定/登錄', 'officialDocNo': '府文資字第0930002556號', 'registerDate': '2004-05-14 18:12:56.0'}]",其他設施,宜蘭縣
291,20040514000006,羅東林區管理處碉堡(2),"{'code': 'A99', 'name': '其他設施', 'other': '建築物類'}",文化資產保存法第廿七條之一暨歷史建築登錄及補助辦法第七條,121.771724308551,24.6820912774772,"{'itemNo': 1, 'cityName': '宜蘭縣', 'distName': '羅東鎮', 'address': '鄰近中正北路88號'}",宜蘭縣政府文化局,文化資產科,宜蘭縣五結鄉中正路二段6之8號,03-9322440*652,"<a href=""http://nchdb.boch.gov.tw/assets/advanceSearch/historicalBuilding/20040514000006"" target=""_blank"">http://nchdb.boch.gov.tw/assets/advanceSearch/historicalBuilding/20040514000006</a>","[{'classification': '指定/登錄', 'officialDocNo': '府文資字第0930002556號', 'registerDate': '2004-05-14 13:47:52.0'}]",其他設施,宜蘭縣
292,20040514000007,羅東林區管理處貯木池區,"{'code': 'A99', 'name': '其他設施', 'other': '其他歷史遺跡'}",文化資產保存法第廿七條之一暨歷史建築登錄及補助辦法第七條,121.77273812731,24.6843131217744,"{'itemNo': 1, 'cityName': '宜蘭縣', 'distName': '羅東鎮', 'address': '中正北路118號貯木池區'}",宜蘭縣政府文化局,文化資產科,宜蘭縣五結鄉中正路二段6之8號,03-9322440*652,"<a href=""http://nchdb.boch.gov.tw/assets/advanceSearch/historicalBuilding/20040514000007"" target=""_blank"">http://nchdb.boch.gov.tw/assets/advanceSearch/historicalBuilding/20040514000007</a>","[{'classification': '指定/登錄', 'officialDocNo': '府文資字第0930002556號', 'registerDate': '2004-05-14 13:34:27.0'}]",其他設施,宜蘭縣
293,20040514000008,羅東林區管理處舊勞工俱樂部,"{'code': 'A99', 'name': '其他設施', 'other': '建築物類'}",文化資產保存法第廿七條之一暨歷史建築登錄及補助辦法第七條,121.771936294411,24.6831030746679,"{'itemNo': 1, 'cityName': '宜蘭縣', 'distName': '羅東鎮', 'address': '中正北路118號'}",宜蘭縣政府文化局,文化資產科,宜蘭縣五結鄉中正路二段6之8號,03-9322440*652,"<a href=""http://nchdb.boch.gov.tw/assets/advanceSearch/historicalBuilding/20040514000008"" target=""_blank"">http://nchdb.boch.gov.tw/assets/advanceSearch/historicalBuilding/20040514000008</a>","[{'classification': '指定/登錄', 'officialDocNo': '府文資字第0930002556號', 'registerDate': '2004-05-14 15:42:50.0'}]",其他設施,宜蘭縣
294,20120207000001,羅東林區管理處處長宿舍,"{'code': 'A3', 'name': '宅第'}",符合文化資產保存法第15條暨「歷史建築登錄廢止審查及輔助辦法」第2條第1、2、3、4項登錄基準。,121.771340976645,24.6843672435511,"{'itemNo': 1, 'cityName': '宜蘭縣', 'distName': '羅東鎮', 'address': '中正北路120巷1號'}",宜蘭縣政府文化局,文化資產科,宜蘭縣五結鄉中正路二段6之8號,03-9322440*652,"<a href=""http://nchdb.boch.gov.tw/assets/advanceSearch/historicalBuilding/20120207000001"" target=""_blank"">http://nchdb.boch.gov.tw/assets/advanceSearch/historicalBuilding/20120207000001</a>","[{'classification': '指定/登錄', 'officialDocNo': '府文資字第1010000794C號', 'registerDate': '2012-02-07 12:02:39.0'}]",宅第,宜蘭縣
295,20041007000005,宜蘭叭哩沙支廳廳舍,"{'code': 'A99', 'name': '其他設施', 'other': '建築物類'}",文化資產保存法第廿七條之一暨歷史建築登錄及補助辦法第七條,121.651977842467,24.6664490522785,"{'itemNo': 1, 'cityName': '宜蘭縣', 'distName': '三星鄉', 'address': '三星路五段六號'}",宜蘭縣政府文化局,文化資產科,宜蘭縣五結鄉中正路二段6之8號,03-9322440*652,"<a href=""http://nchdb.boch.gov.tw/assets/advanceSearch/historicalBuilding/20041007000005"" target=""_blank"">http://nchdb.boch.gov.tw/assets/advanceSearch/historicalBuilding/20041007000005</a>","[{'classification': '指定/登錄', 'officialDocNo': '府文資字第0930005150號', 'registerDate': '2004-10-07 13:28:05.0'}, {'classification': '變更/修正', 'officialDocNo': '府文資字第1110010856C號', 'registerDate': '2022-11-24 00:00:00.0', 'note': '修正名稱及登錄理由'}]",其他設施,宜蘭縣
296,20040514000009,太平山林鐵舊天送埤車站,"{'code': 'A99', 'name': '其他設施', 'other': '建築物類'}",文化資產保存法第廿七條之一暨歷史建築登錄及補助辦法第七條。,121.61969775830678,24.6624848559585,"{'itemNo': 1, 'cityName': '宜蘭縣', 'distName': '三星鄉', 'address': '天福村(天送埤舊市街北側)'}",宜蘭縣政府文化局,文化資產科,宜蘭縣五結鄉中正路二段6之8號,03-9322440*652,"<a href=""http://nchdb.boch.gov.tw/assets/advanceSearch/historicalBuilding/20040514000009"" target=""_blank"">http://nchdb.boch.gov.tw/assets/advanceSearch/historicalBuilding/20040514000009</a>","[{'classification': '指定/登錄', 'officialDocNo': '府文資字第0930002556號', 'registerDate': '2004-05-14 13:33:10.0'}]",其他設施,宜蘭縣
297,20120723000002,羅東林鐵八號隧道,"{'code': 'A16', 'name': '產業'}",文化資產保存法第15條暨「歷史建築登錄廢止審查及輔助辦法」相關規定。,121.51465611064786,24.58833692354601,"{'itemNo': 1, 'cityName': '宜蘭縣', 'distName': '大同鄉', 'address': '樂水村智腦部落西南方約350公尺處之蘭陽溪堤防旁'}",宜蘭縣政府文化局,文化資產科,宜蘭縣五結鄉中正路二段6之8號,03-9322440*652,"<a href=""http://nchdb.boch.gov.tw/assets/advanceSearch/historicalBuilding/20120723000002"" target=""_blank"">http://nchdb.boch.gov.tw/assets/advanceSearch/historicalBuilding/20120723000002</a>","[{'classification': '指定/登錄', 'officialDocNo': '府文資字第1010005146B號', 'registerDate': '2012-07-23 17:41:19.0'}]",產業,宜蘭縣
298,20060921000002,蘭陽溪舊鐵路橋,"{'code': 'A15', 'name': '橋樑'}",「歷史建築登錄廢止審查及輔助辦法」第2條。,121.772831198466,24.712034933421,"{'itemNo': 1, 'cityName': '宜蘭縣', 'distName': '宜蘭市', 'address': '宜蘭市與五結鄉交界，跨越蘭陽溪'}",宜蘭縣政府文化局,文化資產科,宜蘭縣五結鄉中正路二段6之8號,03-9322440*652,"<a href=""http://nchdb.boch.gov.tw/assets/advanceSearch/historicalBuilding/20060921000002"" target=""_blank"">http://nchdb.boch.gov.tw/assets/advanceSearch/historicalBuilding/20060921000002</a>","[{'classification': '指定/登錄', 'officialDocNo': '府文資字第0950005021號', 'registerDate': '2006-09-21 17:54:57.0'}]",橋樑,宜蘭縣
299,20020621000009,四結基督長老教會,"{'code': 'A99', 'name': '其他設施', 'other': '建築物類'}",文化資產保存法第廿七條之一暨歷史建築登錄及補助辦法第七條,121.76976848621524,24.6966068703207,"{'itemNo': 1, 'cityName': '宜蘭縣', 'distName': '五結鄉', 'address': '中正路2段72號'}",宜蘭縣政府文化局,文化資產科,宜蘭縣五結鄉中正路二段6之8號,03-9322440*652,"<a href=""http://nchdb.boch.gov.tw/assets/advanceSearch/historicalBuilding/20020621000009"" target=""_blank"">http://nchdb.boch.gov.tw/assets/advanceSearch/historicalBuilding/20020621000009</a>","[{'classification': '指定/登錄', 'officialDocNo': '府文資字第0910003171號', 'registerDate': '2002-06-21 16:15:55.0'}]",其他設施,宜蘭縣
300,20020621000010,二結王公廟,"{'code': 'A99', 'name': '其他設施', 'other': '建築物類'}",文化資產保存法第廿七條之一暨歷史建築登錄及補助辦法第七條,121.76882258761401,24.70820531942245,"{'itemNo': 1, 'cityName': '宜蘭縣', 'distName': '五結鄉', 'address': '舊街一路98號'}",宜蘭縣政府文化局,文化資產科,宜蘭縣五結鄉中正路二段6之8號,03-9322440*652,"<a href=""http://nchdb.boch.gov.tw/assets/advanceSearch/historicalBuilding/20020621000010"" target=""_blank"">http://nchdb.boch.gov.tw/assets/advanceSearch/historicalBuilding/20020621000010</a>","[{'classification': '指定/登錄', 'officialDocNo': '府文資字第0910003171號', 'registerDate': '2002-06-21 15:48:13.0'}]",其他設施,宜蘭縣
301,20020521000001,冬瓜山橋,"{'code': 'A99', 'name': '其他設施', 'other': '建築物類'}",文化資產保存法第廿七條之一暨歷史建築登錄及補助辦法第七條。,121.788170045941,24.6351293253159,"{'itemNo': 1, 'cityName': '宜蘭縣', 'distName': '冬山鄉', 'address': '義成路1段與冬山路交接處'}",宜蘭縣政府文化局,文化資產科,宜蘭縣五結鄉中正路二段6之8號,03-9322440*652,"<a href=""http://nchdb.boch.gov.tw/assets/advanceSearch/historicalBuilding/20020521000001"" target=""_blank"">http://nchdb.boch.gov.tw/assets/advanceSearch/historicalBuilding/20020521000001</a>","[{'classification': '指定/登錄', 'officialDocNo': '府文資字第0910003171號', 'registerDate': '2002-06-21 00:00:00.0'}]",其他設施,宜蘭縣
302,20031029000005,冬山鄉順安國小舊禮堂,"{'code': 'A99', 'name': '其他設施', 'other': '建築物類'}",文化資產保存法第廿七條之一暨歷史建築登錄及補助辦法第七條,121.76344582328,24.653908375736002,"{'itemNo': 1, 'cityName': '宜蘭縣', 'distName': '冬山鄉', 'address': '永興路2段17號'}",宜蘭縣政府文化局,文化資產科,宜蘭縣五結鄉中正路二段6之8號,03-9322440*652,"<a href=""http://nchdb.boch.gov.tw/assets/advanceSearch/historicalBuilding/20031029000005"" target=""_blank"">http://nchdb.boch.gov.tw/assets/advanceSearch/historicalBuilding/20031029000005</a>","[{'classification': '指定/登錄', 'officialDocNo': '府文資字第0920005613號', 'registerDate': '2003-10-29 00:00:00.0'}]",其他設施,宜蘭縣
303,20031029000006,蘇澳鎮舊垃圾焚化場,"{'code': 'A99', 'name': '其他設施', 'other': '建築物類'}",文化資產保存法第廿七條之一暨歷史建築登錄及補助辦法第七條,121.81560788201,24.6063386537559,"{'itemNo': 1, 'cityName': '宜蘭縣', 'distName': '蘇澳鎮', 'address': '中山路211巷95號'}",宜蘭縣政府文化局,文化資產科,宜蘭縣五結鄉中正路二段6之8號,03-9322440*652,"<a href=""http://nchdb.boch.gov.tw/assets/advanceSearch/historicalBuilding/20031029000006"" target=""_blank"">http://nchdb.boch.gov.tw/assets/advanceSearch/historicalBuilding/20031029000006</a>","[{'classification': '指定/登錄', 'officialDocNo': '府文資字第0920005613號', 'registerDate': '2003-10-29 17:08:16.0'}]",其他設施,宜蘭縣
304,20050627000005,蘇澳鎮金字山清兵古墓區,"{'code': 'A99', 'name': '其他設施', 'other': '其他歷史遺蹟'}",文化資產保存法第廿七條之一暨歷史建築登錄及補助辦法第七條,121.850784100684,24.5917950818278,"{'itemNo': 1, 'cityName': '宜蘭縣', 'distName': '蘇澳鎮', 'address': '金字山日月宮忠靈塔附近及前方相思林內'}",宜蘭縣政府文化局,文化資產科,宜蘭縣五結鄉中正路二段6之8號,03-9322440*652,"<a href=""http://nchdb.boch.gov.tw/assets/advanceSearch/historicalBuilding/20050627000005"" target=""_blank"">http://nchdb.boch.gov.tw/assets/advanceSearch/historicalBuilding/20050627000005</a>","[{'classification': '指定/登錄', 'officialDocNo': '府文資字第0940003224-1號', 'registerDate': '2005-06-27 15:10:56.0'}]",其他設施,宜蘭縣
305,20161228000001,中壢警察局日式宿舍群,"{'code': 'A3', 'name': '宅第'}",<<歷史建築登錄廢止審查及輔助辦法>>第2條第1項第1、2、3款,121.22219,24.953845,"{'itemNo': 1, 'cityName': '桃園市', 'distName': '中壢區', 'address': '中和路287號'}",桃園市政府文化局,文化資產科,桃園市桃園區縣府路21號,03-3322592分機8611,"<a href=""http://nchdb.boch.gov.tw/assets/advanceSearch/historicalBuilding/20161228000001"" target=""_blank"">http://nchdb.boch.gov.tw/assets/advanceSearch/historicalBuilding/20161228000001</a>","[{'classification': '指定/登錄', 'officialDocNo': '府文資字第10110616821號', 'registerDate': '2012-08-27 00:00:00.0'}, {'classification': '變更/修正', 'officialDocNo': '府文資字第1030057500號', 'registerDate': '2014-03-26 00:00:00.0', 'note': '新增登錄範圍'}, {'classification': '變更/修正', 'officialDocNo': '府文資字第1030157180號', 'registerDate': '2014-07-08 00:00:00.0', 'note': '補充登錄範圍地號'}, {'classification': '變更/修正', 'officialDocNo': '府文資字第10303236382號', 'registerDate': '2015-01-13 00:00:00.0', 'note': '行政改制'}, {'classification': '變更/修正', 'officialDocNo': '府文資字第10503178571號', 'registerDate': '2016-12-28 00:00:00.0', 'note': '補充建物本體面積'}, {'classification': '變更/修正', 'officialDocNo': '府文資字第10800742911號', 'registerDate': '2019-04-08 00:00:00.0', 'note': '廢止部分之登錄土地範圍'}]",宅第,桃園市
305,20161228000001,中壢警察局日式宿舍群,"{'code': 'A3', 'name': '宅第'}",<<歷史建築登錄廢止審查及輔助辦法>>第2條第1項第1、2、3款,121.22219,24.953845,"{'itemNo': 2, 'cityName': '桃園市', 'distName': '中壢區', 'address': '延平路627號'}",桃園市政府文化局,文化資產科,桃園市桃園區縣府路21號,03-3322592分機8611,"<a href=""http://nchdb.boch.gov.tw/assets/advanceSearch/historicalBuilding/20161228000001"" target=""_blank"">http://nchdb.boch.gov.tw/assets/advanceSearch/historicalBuilding/20161228000001</a>","[{'classification': '指定/登錄', 'officialDocNo': '府文資字第10110616821號', 'registerDate': '2012-08-27 00:00:00.0'}, {'classification': '變更/修正', 'officialDocNo': '府文資字第1030057500號', 'registerDate': '2014-03-26 00:00:00.0', 'note': '新增登錄範圍'}, {'classification': '變更/修正', 'officialDocNo': '府文資字第1030157180號', 'registerDate': '2014-07-08 00:00:00.0', 'note': '補充登錄範圍地號'}, {'classification': '變更/修正', 'officialDocNo': '府文資字第10303236382號', 'registerDate': '2015-01-13 00:00:00.0', 'note': '行政改制'}, {'classification': '變更/修正', 'officialDocNo': '府文資字第10503178571號', 'registerDate': '2016-12-28 00:00:00.0', 'note': '補充建物本體面積'}, {'classification': '變更/修正', 'officialDocNo': '府文資字第10800742911號', 'registerDate': '2019-04-08 00:00:00.0', 'note': '廢止部分之登錄土地範圍'}]",宅第,桃園市
305,20161228000001,中壢警察局日式宿舍群,"{'code': 'A3', 'name': '宅第'}",<<歷史建築登錄廢止審查及輔助辦法>>第2條第1項第1、2、3款,121.22219,24.953845,"{'itemNo': 3, 'cityName': '桃園市', 'distName': '中壢區', 'address': '中和路291號'}",桃園市政府文化局,文化資產科,桃園市桃園區縣府路21號,03-3322592分機8611,"<a href=""http://nchdb.boch.gov.tw/assets/advanceSearch/historicalBuilding/20161228000001"" target=""_blank"">http://nchdb.boch.gov.tw/assets/advanceSearch/historicalBuilding/20161228000001</a>","[{'classification': '指定/登錄', 'officialDocNo': '府文資字第10110616821號', 'registerDate': '2012-08-27 00:00:00.0'}, {'classification': '變更/修正', 'officialDocNo': '府文資字第1030057500號', 'registerDate': '2014-03-26 00:00:00.0', 'note': '新增登錄範圍'}, {'classification': '變更/修正', 'officialDocNo': '府文資字第1030157180號', 'registerDate': '2014-07-08 00:00:00.0', 'note': '補充登錄範圍地號'}, {'classification': '變更/修正', 'officialDocNo': '府文資字第10303236382號', 'registerDate': '2015-01-13 00:00:00.0', 'note': '行政改制'}, {'classification': '變更/修正', 'officialDocNo': '府文資字第10503178571號', 'registerDate': '2016-12-28 00:00:00.0', 'note': '補充建物本體面積'}, {'classification': '變更/修正', 'officialDocNo': '府文資字第10800742911號', 'registerDate': '2019-04-08 00:00:00.0', 'note': '廢止部分之登錄土地範圍'}]",宅第,桃園市
305,20161228000001,中壢警察局日式宿舍群,"{'code': 'A3', 'name': '宅第'}",<<歷史建築登錄廢止審查及輔助辦法>>第2條第1項第1、2、3款,121.22219,24.953845,"{'itemNo': 4, 'cityName': '桃園市', 'distName': '中壢區', 'address': '中和路293號'}",桃園市政府文化局,文化資產科,桃園市桃園區縣府路21號,03-3322592分機8611,"<a href=""http://nchdb.boch.gov.tw/assets/advanceSearch/historicalBuilding/20161228000001"" target=""_blank"">http://nchdb.boch.gov.tw/assets/advanceSearch/historicalBuilding/20161228000001</a>","[{'classification': '指定/登錄', 'officialDocNo': '府文資字第10110616821號', 'registerDate': '2012-08-27 00:00:00.0'}, {'classification': '變更/修正', 'officialDocNo': '府文資字第1030057500號', 'registerDate': '2014-03-26 00:00:00.0', 'note': '新增登錄範圍'}, {'classification': '變更/修正', 'officialDocNo': '府文資字第1030157180號', 'registerDate': '2014-07-08 00:00:00.0', 'note': '補充登錄範圍地號'}, {'classification': '變更/修正', 'officialDocNo': '府文資字第10303236382號', 'registerDate': '2015-01-13 00:00:00.0', 'note': '行政改制'}, {'classification': '變更/修正', 'officialDocNo': '府文資字第10503178571號', 'registerDate': '2016-12-28 00:00:00.0', 'note': '補充建物本體面積'}, {'classification': '變更/修正', 'officialDocNo': '府文資字第10800742911號', 'registerDate': '2019-04-08 00:00:00.0', 'note': '廢止部分之登錄土地範圍'}]",宅第,桃園市
306,20100713000001,中壢中平路縣府日式宿舍,"{'code': 'A3', 'name': '宅第'}",<<歷史建築登錄廢止審查及輔助辦法>>第2條第1項第1、2款,121.224351739119,24.9553790429886,"{'itemNo': 1, 'cityName': '桃園市', 'distName': '中壢區', 'address': '建國路48巷15號'}",桃園市政府文化局,文化資產科,桃園市桃園區縣府路21號,03-3322592分機8611,"<a href=""http://nchdb.boch.gov.tw/assets/advanceSearch/historicalBuilding/20100713000001"" target=""_blank"">http://nchdb.boch.gov.tw/assets/advanceSearch/historicalBuilding/20100713000001</a>","[{'classification': '指定/登錄', 'officialDocNo': '府文資字第0991061284號', 'registerDate': '2010-07-13 16:48:40.0'}, {'classification': '變更/修正', 'officialDocNo': '府文資字第1030159589號', 'registerDate': '2014-07-08 00:00:00.0', 'note': '變更登錄範圍'}, {'classification': '變更/修正', 'officialDocNo': '府文資字第10303236382號', 'registerDate': '2015-01-13 00:00:00.0', 'note': '行政改制'}, {'classification': '變更/修正', 'officialDocNo': '府文資字第10503021881號', 'registerDate': '2016-12-13 00:00:00.0', 'note': '變更建物本體面積、登錄理由之法令依據'}]",宅第,桃園市
307,20040303000003,中壢馬祖新村,"{'code': 'A99', 'name': '其他設施', 'other': '其他'}",文化資產保存法第二十七條之一、歷史建築登錄輔助辦法第七條，暨桃園縣九十二年十一月二十日及九十二年十二月九日召開歷史建築登錄審查會議決議辦理。,121.237076851695,24.9360083845411,"{'itemNo': 1, 'cityName': '桃園市', 'distName': '中壢區', 'address': '桃園市中壢區龍清街50巷以南、龍吉二街以東、龍清街以西、龍岡路三段281巷以北'}",桃園市政府文化局,文化資產科,桃園市桃園區縣府路21號,03-3322592分機8611,"<a href=""http://nchdb.boch.gov.tw/assets/advanceSearch/historicalBuilding/20040303000003"" target=""_blank"">http://nchdb.boch.gov.tw/assets/advanceSearch/historicalBuilding/20040303000003</a>","[{'classification': '指定/登錄', 'officialDocNo': '府文資字第0930534269號', 'registerDate': '2004-03-03 00:00:00.0'}, {'classification': '變更/修正', 'officialDocNo': '府文資字第0941060640號', 'registerDate': '2005-04-22 00:00:00.0', 'note': '補充登錄理由'}, {'classification': '變更/修正', 'officialDocNo': '府文資字第10303236382號', 'registerDate': '2015-01-13 00:00:00.0', 'note': '行政改制'}, {'classification': '變更/修正', 'officialDocNo': '府文資字第10901831801號', 'registerDate': '2020-07-28 00:00:00.0', 'note': '變更登錄範圍'}]",其他設施,桃園市
308,20140704000001,中壢聖蹟亭及東伯公,"{'code': 'A2', 'name': '寺廟'}",文化資產保存法第15條暨歷史建築登錄廢止審查及輔助辦法第2、3、4條。,121.228676205162,24.9627562837421,"{'itemNo': 1, 'cityName': '桃園市', 'distName': '中壢區', 'address': '延平路新街國小旁'}",桃園市政府文化局,文化資產科,桃園市桃園區縣府路21號,03-3322592分機8611,"<a href=""http://nchdb.boch.gov.tw/assets/advanceSearch/historicalBuilding/20140704000001"" target=""_blank"">http://nchdb.boch.gov.tw/assets/advanceSearch/historicalBuilding/20140704000001</a>","[{'classification': '指定/登錄', 'officialDocNo': '府文資字第0930534211號', 'registerDate': '2004-01-05 00:00:00.0'}, {'classification': '變更/修正', 'officialDocNo': '府文資字第1030158032號', 'registerDate': '2014-07-04 13:07:06.0', 'note': '變更名稱及範圍'}, {'classification': '變更/修正', 'officialDocNo': '府文資字第10303236382號', 'registerDate': '2015-01-13 00:00:00.0', 'note': '行政改制'}, {'classification': '變更/修正', 'officialDocNo': '府文資字第10502985581號', 'registerDate': '2016-12-08 00:00:00.0', 'note': '變更地號及面積'}]",寺廟,桃園市
309,20040429000001,中壢新街國小日式宿舍,"{'code': 'A99', 'name': '其他設施', 'other': '宿舍'}",文化資產保存法第27條之1、歷史建築登錄輔導辦法第7條，暨桃園縣93年4月21日歷史建築登錄審查會議決議辦理。,121.228222501346,24.9642713471207,"{'itemNo': 1, 'cityName': '桃園市', 'distName': '中壢區', 'address': '延平路176號'}",桃園市政府文化局,文化資產科,桃園市桃園區縣府路21號,03-3322592分機8611,"<a href=""http://nchdb.boch.gov.tw/assets/advanceSearch/historicalBuilding/20040429000001"" target=""_blank"">http://nchdb.boch.gov.tw/assets/advanceSearch/historicalBuilding/20040429000001</a>","[{'classification': '指定/登錄', 'officialDocNo': '府文資字第0930534315號', 'registerDate': '2004-04-29 10:48:57.0'}, {'classification': '變更/修正', 'officialDocNo': '府文資字第10303236382號', 'registerDate': '2015-01-13 00:00:00.0', 'note': '行政改制'}]",其他設施,桃園市
310,20031015000001,龍潭烏樹林翁宅祖堂六桂傳香,"{'code': 'A3', 'name': '宅第'}",文化資產保存法第二十七條之一及歷史建築登錄輔助辦法第七條，桃園縣政府九十二年七月三十一日召開「歷史建築登錄審查會議」決議辦理。,121.219895003606,24.8842151288546,"{'itemNo': 1, 'cityName': '桃園市', 'distName': '龍潭區', 'address': '烏樹林里12鄰24號'}",桃園市政府文化局,文化資產科,桃園市桃園區縣府路21號,03-3322592分機8617,"<a href=""http://nchdb.boch.gov.tw/assets/advanceSearch/historicalBuilding/20031015000001"" target=""_blank"">http://nchdb.boch.gov.tw/assets/advanceSearch/historicalBuilding/20031015000001</a>","[{'classification': '指定/登錄', 'officialDocNo': '府文資字第0920478077號', 'registerDate': '2003-10-15 00:00:00.0'}, {'classification': '變更/修正', 'officialDocNo': '府文資字第10303236382號', 'registerDate': '2015-01-13 00:00:00.0', 'note': '行政改制'}]",宅第,桃園市
311,20031015000002,龍潭三和江夏科文祖堂,"{'code': 'A3', 'name': '宅第'}",文化資產保存法第二十七條之一及歷史建築登錄輔助辦法第七條，桃園縣政府九十二年七月三十一日召開「歷史建築登錄審查會議」決議辦理。,121.193507570195,24.8468660416513,"{'itemNo': 1, 'cityName': '桃園市', 'distName': '龍潭區', 'address': '5鄰泥橋子11號'}",桃園市政府文化局,文化資產科,桃園市桃園區縣府路21號,03-3322592分機8617,"<a href=""http://nchdb.boch.gov.tw/assets/advanceSearch/historicalBuilding/20031015000002"" target=""_blank"">http://nchdb.boch.gov.tw/assets/advanceSearch/historicalBuilding/20031015000002</a>","[{'classification': '指定/登錄', 'officialDocNo': '府文資字第0920478077號', 'registerDate': '2003-10-15 11:08:28.0'}, {'classification': '變更/修正', 'officialDocNo': '府文資字第10303236382號', 'registerDate': '2015-01-13 00:00:00.0', 'note': '行政改制'}]",宅第,桃園市
312,20031015000003,龍潭三坑川盛信記商店,"{'code': 'A3', 'name': '宅第'}",文化資產保存法第二十七條之一及歷史建築登錄輔助辦法第七條，桃園縣政府九十二年七月三十一日召開「歷史建築登錄審查會議」決議辦理。,121.247971223487,24.8438945863149,"{'itemNo': 1, 'cityName': '桃園市', 'distName': '龍潭區', 'address': '三坑老街49號'}",桃園市政府文化局,文化資產科,桃園市桃園區 縣府路21號,03-3322592分機8617,"<a href=""http://nchdb.boch.gov.tw/assets/advanceSearch/historicalBuilding/20031015000003"" target=""_blank"">http://nchdb.boch.gov.tw/assets/advanceSearch/historicalBuilding/20031015000003</a>","[{'classification': '指定/登錄', 'officialDocNo': '府文資字第0920478077號', 'registerDate': '2003-10-15 11:08:50.0'}, {'classification': '變更/修正', 'officialDocNo': '府文資字第1011062057號', 'registerDate': '2012-10-08 00:00:00.0', 'note': '更名'}, {'classification': '變更/修正', 'officialDocNo': '府文資字第10303236382號', 'registerDate': '2015-01-13 00:00:00.0', 'note': '\t行政改制'}]",宅第,桃園市
313,20031015000004,大平橋,"{'code': 'A15', 'name': '橋樑'}",文化資產保存法第二十七條之一及歷史建築登錄輔助辦法第七條，桃園縣政府九十二年七月三十一日召開「歷史建築登錄審查會議」決議辦理。,121.245537304178,24.8312714266385,"{'itemNo': 1, 'cityName': '桃園市', 'distName': '龍潭區', 'address': '大平里打鐵坑溪'}",桃園縣政府,文化局文化資產科,桃園市桃園區縣府路21號,03-3322592分機8617,"<a href=""http://nchdb.boch.gov.tw/assets/advanceSearch/historicalBuilding/20031015000004"" target=""_blank"">http://nchdb.boch.gov.tw/assets/advanceSearch/historicalBuilding/20031015000004</a>","[{'classification': '指定/登錄', 'officialDocNo': '府文資字第0920478077號', 'registerDate': '2003-10-15 15:26:45.0'}, {'classification': '變更/修正', 'officialDocNo': '府文資字第10303236382號', 'registerDate': '2015-01-13 00:00:00.0', 'note': '行政改制'}]",橋樑,桃園市
314,20120420000001,龍潭國小日式宿舍,"{'code': 'A3', 'name': '宅第'}",文化資產保存法暨歷史建築登錄廢止審查及輔助辦法。,121.213831,24.863387,"{'itemNo': 1, 'cityName': '桃園市', 'distName': '龍潭區', 'address': '南龍路3號'}",桃園市政府文化局,文化資產科,桃園市桃園區縣府路21號,03-3322592分機8617,"<a href=""http://nchdb.boch.gov.tw/assets/advanceSearch/historicalBuilding/20120420000001"" target=""_blank"">http://nchdb.boch.gov.tw/assets/advanceSearch/historicalBuilding/20120420000001</a>","[{'classification': '指定/登錄', 'officialDocNo': '府文資字第1011060046號', 'registerDate': '2012-01-13 00:00:00.0'}, {'classification': '變更/修正', 'officialDocNo': '府文資字第1011002082號', 'registerDate': '2012-04-20 00:00:00.0', 'note': '補充登錄本體範圍及行政救濟'}, {'classification': '變更/修正', 'officialDocNo': '府文資字第10303236382號', 'registerDate': '2015-01-13 00:00:00.0', 'note': '行政改制'}]",宅第,桃園市
314,20120420000001,龍潭國小日式宿舍,"{'code': 'A3', 'name': '宅第'}",文化資產保存法暨歷史建築登錄廢止審查及輔助辦法。,121.213831,24.863387,"{'itemNo': 2, 'cityName': '桃園市', 'distName': '龍潭區', 'address': '南龍路5號'}",桃園市政府文化局,文化資產科,桃園市桃園區縣府路21號,03-3322592分機8617,"<a href=""http://nchdb.boch.gov.tw/assets/advanceSearch/historicalBuilding/20120420000001"" target=""_blank"">http://nchdb.boch.gov.tw/assets/advanceSearch/historicalBuilding/20120420000001</a>","[{'classification': '指定/登錄', 'officialDocNo': '府文資字第1011060046號', 'registerDate': '2012-01-13 00:00:00.0'}, {'classification': '變更/修正', 'officialDocNo': '府文資字第1011002082號', 'registerDate': '2012-04-20 00:00:00.0', 'note': '補充登錄本體範圍及行政救濟'}, {'classification': '變更/修正', 'officialDocNo': '府文資字第10303236382號', 'registerDate': '2015-01-13 00:00:00.0', 'note': '行政改制'}]",宅第,桃園市
314,20120420000001,龍潭國小日式宿舍,"{'code': 'A3', 'name': '宅第'}",文化資產保存法暨歷史建築登錄廢止審查及輔助辦法。,121.213831,24.863387,"{'itemNo': 3, 'cityName': '桃園市', 'distName': '龍潭區', 'address': '南龍路7號'}",桃園市政府文化局,文化資產科,桃園市桃園區縣府路21號,03-3322592分機8617,"<a href=""http://nchdb.boch.gov.tw/assets/advanceSearch/historicalBuilding/20120420000001"" target=""_blank"">http://nchdb.boch.gov.tw/assets/advanceSearch/historicalBuilding/20120420000001</a>","[{'classification': '指定/登錄', 'officialDocNo': '府文資字第1011060046號', 'registerDate': '2012-01-13 00:00:00.0'}, {'classification': '變更/修正', 'officialDocNo': '府文資字第1011002082號', 'registerDate': '2012-04-20 00:00:00.0', 'note': '補充登錄本體範圍及行政救濟'}, {'classification': '變更/修正', 'officialDocNo': '府文資字第10303236382號', 'registerDate': '2015-01-13 00:00:00.0', 'note': '行政改制'}]",宅第,桃園市
314,20120420000001,龍潭國小日式宿舍,"{'code': 'A3', 'name': '宅第'}",文化資產保存法暨歷史建築登錄廢止審查及輔助辦法。,121.213831,24.863387,"{'itemNo': 4, 'cityName': '桃園市', 'distName': '龍潭區', 'address': '南龍路9號'}",桃園市政府文化局,文化資產科,桃園市桃園區縣府路21號,03-3322592分機8617,"<a href=""http://nchdb.boch.gov.tw/assets/advanceSearch/historicalBuilding/20120420000001"" target=""_blank"">http://nchdb.boch.gov.tw/assets/advanceSearch/historicalBuilding/20120420000001</a>","[{'classification': '指定/登錄', 'officialDocNo': '府文資字第1011060046號', 'registerDate': '2012-01-13 00:00:00.0'}, {'classification': '變更/修正', 'officialDocNo': '府文資字第1011002082號', 'registerDate': '2012-04-20 00:00:00.0', 'note': '補充登錄本體範圍及行政救濟'}, {'classification': '變更/修正', 'officialDocNo': '府文資字第10303236382號', 'registerDate': '2015-01-13 00:00:00.0', 'note': '行政改制'}]",宅第,桃園市
314,20120420000001,龍潭國小日式宿舍,"{'code': 'A3', 'name': '宅第'}",文化資產保存法暨歷史建築登錄廢止審查及輔助辦法。,121.213831,24.863387,"{'itemNo': 5, 'cityName': '桃園市', 'distName': '龍潭區', 'address': '南龍路11號'}",桃園市政府文化局,文化資產科,桃園市桃園區縣府路21號,03-3322592分機8617,"<a href=""http://nchdb.boch.gov.tw/assets/advanceSearch/historicalBuilding/20120420000001"" target=""_blank"">http://nchdb.boch.gov.tw/assets/advanceSearch/historicalBuilding/20120420000001</a>","[{'classification': '指定/登錄', 'officialDocNo': '府文資字第1011060046號', 'registerDate': '2012-01-13 00:00:00.0'}, {'classification': '變更/修正', 'officialDocNo': '府文資字第1011002082號', 'registerDate': '2012-04-20 00:00:00.0', 'note': '補充登錄本體範圍及行政救濟'}, {'classification': '變更/修正', 'officialDocNo': '府文資字第10303236382號', 'registerDate': '2015-01-13 00:00:00.0', 'note': '行政改制'}]",宅第,桃園市
314,20120420000001,龍潭國小日式宿舍,"{'code': 'A3', 'name': '宅第'}",文化資產保存法暨歷史建築登錄廢止審查及輔助辦法。,121.213831,24.863387,"{'itemNo': 6, 'cityName': '桃園市', 'distName': '龍潭區', 'address': '南龍路15號'}",桃園市政府文化局,文化資產科,桃園市桃園區縣府路21號,03-3322592分機8617,"<a href=""http://nchdb.boch.gov.tw/assets/advanceSearch/historicalBuilding/20120420000001"" target=""_blank"">http://nchdb.boch.gov.tw/assets/advanceSearch/historicalBuilding/20120420000001</a>","[{'classification': '指定/登錄', 'officialDocNo': '府文資字第1011060046號', 'registerDate': '2012-01-13 00:00:00.0'}, {'classification': '變更/修正', 'officialDocNo': '府文資字第1011002082號', 'registerDate': '2012-04-20 00:00:00.0', 'note': '補充登錄本體範圍及行政救濟'}, {'classification': '變更/修正', 'officialDocNo': '府文資字第10303236382號', 'registerDate': '2015-01-13 00:00:00.0', 'note': '行政改制'}]",宅第,桃園市
314,20120420000001,龍潭國小日式宿舍,"{'code': 'A3', 'name': '宅第'}",文化資產保存法暨歷史建築登錄廢止審查及輔助辦法。,121.213831,24.863387,"{'itemNo': 7, 'cityName': '桃園市', 'distName': '龍潭區', 'address': '南龍路17號'}",桃園市政府文化局,文化資產科,桃園市桃園區縣府路21號,03-3322592分機8617,"<a href=""http://nchdb.boch.gov.tw/assets/advanceSearch/historicalBuilding/20120420000001"" target=""_blank"">http://nchdb.boch.gov.tw/assets/advanceSearch/historicalBuilding/20120420000001</a>","[{'classification': '指定/登錄', 'officialDocNo': '府文資字第1011060046號', 'registerDate': '2012-01-13 00:00:00.0'}, {'classification': '變更/修正', 'officialDocNo': '府文資字第1011002082號', 'registerDate': '2012-04-20 00:00:00.0', 'note': '補充登錄本體範圍及行政救濟'}, {'classification': '變更/修正', 'officialDocNo': '府文資字第10303236382號', 'registerDate': '2015-01-13 00:00:00.0', 'note': '行政改制'}]",宅第,桃園市
315,20080201000001,龍潭武德殿,"{'code': 'A6', 'name': '衙署'}",<<歷史建築登錄廢止審查及輔助辦法>>第2條第1項第1、2、3款,121.214893887315,24.8640818567435,"{'itemNo': 1, 'cityName': '桃園市', 'distName': '龍潭區', 'address': '東龍路196號'}",桃園市政府文化局,文化資產科,桃園市桃園區縣府路21號,03-3322592分機8617,"<a href=""http://nchdb.boch.gov.tw/assets/advanceSearch/historicalBuilding/20080201000001"" target=""_blank"">http://nchdb.boch.gov.tw/assets/advanceSearch/historicalBuilding/20080201000001</a>","[{'classification': '指定/登錄', 'officialDocNo': '府文資字第0971060187號', 'registerDate': '2008-02-01 00:00:00.0'}, {'classification': '變更/修正', 'officialDocNo': '府文資字第1030173704號', 'registerDate': '2014-09-09 00:00:00.0', 'note': '變更登錄範圍'}, {'classification': '變更/修正', 'officialDocNo': '府文資字第10303236382號', 'registerDate': '2015-01-13 00:00:00.0', 'note': '行政改制'}, {'classification': '變更/修正', 'officialDocNo': '府文資字第1070227221號', 'registerDate': '2018-09-13 00:00:00.0', 'note': '變更地號'}]",衙署,桃園市
316,20100310000001,楊梅江夏堂,"{'code': 'A1', 'name': '祠堂'}",依據「文化資產保存法」、「歷史建築登錄廢止審查及輔助辦法」及「桃園縣99年度第1次文化資產審議委員會」決議事項辦理。,121.148884449805,24.8977807983817,"{'itemNo': 1, 'cityName': '桃園市', 'distName': '楊梅區', 'address': '校前路428巷32弄10號'}",桃園市政府文化局,文化資產科,桃園市桃園區縣府路21號,03-3322592分機8627,"<a href=""http://nchdb.boch.gov.tw/assets/advanceSearch/historicalBuilding/20100310000001"" target=""_blank"">http://nchdb.boch.gov.tw/assets/advanceSearch/historicalBuilding/20100310000001</a>","[{'classification': '指定/登錄', 'officialDocNo': '府文資字第0991060315號', 'registerDate': '2010-03-10 10:01:14.0'}, {'classification': '變更/修正', 'officialDocNo': '府文資字第10303236382號', 'registerDate': '2015-01-13 00:00:00.0', 'note': '行政改制'}]",祠堂,桃園市
317,20121017000001,楊梅國中校長及教職員宿舍群,"{'code': 'A3', 'name': '宅第'}",「歷史建築登錄廢止審查及輔助辦法」第2條第1項第1、2、3款。,121.145735,24.905034,"{'itemNo': 1, 'cityName': '桃園市', 'distName': '楊梅區', 'address': '校前路49號'}",桃園市政府文化局,文化資產科,桃園市桃園區縣府路21號,03-3322592分機8627,"<a href=""http://nchdb.boch.gov.tw/assets/advanceSearch/historicalBuilding/20121017000001"" target=""_blank"">http://nchdb.boch.gov.tw/assets/advanceSearch/historicalBuilding/20121017000001</a>","[{'classification': '指定/登錄', 'officialDocNo': '府文資字第1011062133號', 'registerDate': '2012-10-17 00:00:00.0'}, {'classification': '變更/修正', 'officialDocNo': '府文資字第1030228202號', 'registerDate': '2014-10-07 00:00:00.0', 'note': '變更名稱及範圍'}, {'classification': '變更/修正', 'officialDocNo': '府文資字第10303236382號', 'registerDate': '2015-01-13 00:00:00.0', 'note': '行政改制'}, {'classification': '指定/登錄', 'officialDocNo': '府文資字第1040110448號', 'registerDate': '2015-05-05 00:00:00.0', 'note': '變更地號、地址'}]",宅第,桃園市
317,20121017000001,楊梅國中校長及教職員宿舍群,"{'code': 'A3', 'name': '宅第'}",「歷史建築登錄廢止審查及輔助辦法」第2條第1項第1、2、3款。,121.145735,24.905034,"{'itemNo': 2, 'cityName': '桃園市', 'distName': '楊梅區', 'address': '中山路125巷12號'}",桃園市政府文化局,文化資產科,桃園市桃園區縣府路21號,03-3322592分機8627,"<a href=""http://nchdb.boch.gov.tw/assets/advanceSearch/historicalBuilding/20121017000001"" target=""_blank"">http://nchdb.boch.gov.tw/assets/advanceSearch/historicalBuilding/20121017000001</a>","[{'classification': '指定/登錄', 'officialDocNo': '府文資字第1011062133號', 'registerDate': '2012-10-17 00:00:00.0'}, {'classification': '變更/修正', 'officialDocNo': '府文資字第1030228202號', 'registerDate': '2014-10-07 00:00:00.0', 'note': '變更名稱及範圍'}, {'classification': '變更/修正', 'officialDocNo': '府文資字第10303236382號', 'registerDate': '2015-01-13 00:00:00.0', 'note': '行政改制'}, {'classification': '指定/登錄', 'officialDocNo': '府文資字第1040110448號', 'registerDate': '2015-05-05 00:00:00.0', 'note': '變更地號、地址'}]",宅第,桃園市
317,20121017000001,楊梅國中校長及教職員宿舍群,"{'code': 'A3', 'name': '宅第'}",「歷史建築登錄廢止審查及輔助辦法」第2條第1項第1、2、3款。,121.145735,24.905034,"{'itemNo': 3, 'cityName': '桃園市', 'distName': '楊梅區', 'address': '中山路125巷14號'}",桃園市政府文化局,文化資產科,桃園市桃園區縣府路21號,03-3322592分機8627,"<a href=""http://nchdb.boch.gov.tw/assets/advanceSearch/historicalBuilding/20121017000001"" target=""_blank"">http://nchdb.boch.gov.tw/assets/advanceSearch/historicalBuilding/20121017000001</a>","[{'classification': '指定/登錄', 'officialDocNo': '府文資字第1011062133號', 'registerDate': '2012-10-17 00:00:00.0'}, {'classification': '變更/修正', 'officialDocNo': '府文資字第1030228202號', 'registerDate': '2014-10-07 00:00:00.0', 'note': '變更名稱及範圍'}, {'classification': '變更/修正', 'officialDocNo': '府文資字第10303236382號', 'registerDate': '2015-01-13 00:00:00.0', 'note': '行政改制'}, {'classification': '指定/登錄', 'officialDocNo': '府文資字第1040110448號', 'registerDate': '2015-05-05 00:00:00.0', 'note': '變更地號、地址'}]",宅第,桃園市
317,20121017000001,楊梅國中校長及教職員宿舍群,"{'code': 'A3', 'name': '宅第'}",「歷史建築登錄廢止審查及輔助辦法」第2條第1項第1、2、3款。,121.145735,24.905034,"{'itemNo': 4, 'cityName': '桃園市', 'distName': '楊梅區', 'address': '中山路125巷16號'}",桃園市政府文化局,文化資產科,桃園市桃園區縣府路21號,03-3322592分機8627,"<a href=""http://nchdb.boch.gov.tw/assets/advanceSearch/historicalBuilding/20121017000001"" target=""_blank"">http://nchdb.boch.gov.tw/assets/advanceSearch/historicalBuilding/20121017000001</a>","[{'classification': '指定/登錄', 'officialDocNo': '府文資字第1011062133號', 'registerDate': '2012-10-17 00:00:00.0'}, {'classification': '變更/修正', 'officialDocNo': '府文資字第1030228202號', 'registerDate': '2014-10-07 00:00:00.0', 'note': '變更名稱及範圍'}, {'classification': '變更/修正', 'officialDocNo': '府文資字第10303236382號', 'registerDate': '2015-01-13 00:00:00.0', 'note': '行政改制'}, {'classification': '指定/登錄', 'officialDocNo': '府文資字第1040110448號', 'registerDate': '2015-05-05 00:00:00.0', 'note': '變更地號、地址'}]",宅第,桃園市
317,20121017000001,楊梅國中校長及教職員宿舍群,"{'code': 'A3', 'name': '宅第'}",「歷史建築登錄廢止審查及輔助辦法」第2條第1項第1、2、3款。,121.145735,24.905034,"{'itemNo': 5, 'cityName': '桃園市', 'distName': '楊梅區', 'address': '中山路125巷18號'}",桃園市政府文化局,文化資產科,桃園市桃園區縣府路21號,03-3322592分機8627,"<a href=""http://nchdb.boch.gov.tw/assets/advanceSearch/historicalBuilding/20121017000001"" target=""_blank"">http://nchdb.boch.gov.tw/assets/advanceSearch/historicalBuilding/20121017000001</a>","[{'classification': '指定/登錄', 'officialDocNo': '府文資字第1011062133號', 'registerDate': '2012-10-17 00:00:00.0'}, {'classification': '變更/修正', 'officialDocNo': '府文資字第1030228202號', 'registerDate': '2014-10-07 00:00:00.0', 'note': '變更名稱及範圍'}, {'classification': '變更/修正', 'officialDocNo': '府文資字第10303236382號', 'registerDate': '2015-01-13 00:00:00.0', 'note': '行政改制'}, {'classification': '指定/登錄', 'officialDocNo': '府文資字第1040110448號', 'registerDate': '2015-05-05 00:00:00.0', 'note': '變更地號、地址'}]",宅第,桃園市
317,20121017000001,楊梅國中校長及教職員宿舍群,"{'code': 'A3', 'name': '宅第'}",「歷史建築登錄廢止審查及輔助辦法」第2條第1項第1、2、3款。,121.145735,24.905034,"{'itemNo': 6, 'cityName': '桃園市', 'distName': '楊梅區', 'address': '中山路125巷20號'}",桃園市政府文化局,文化資產科,桃園市桃園區縣府路21號,03-3322592分機8627,"<a href=""http://nchdb.boch.gov.tw/assets/advanceSearch/historicalBuilding/20121017000001"" target=""_blank"">http://nchdb.boch.gov.tw/assets/advanceSearch/historicalBuilding/20121017000001</a>","[{'classification': '指定/登錄', 'officialDocNo': '府文資字第1011062133號', 'registerDate': '2012-10-17 00:00:00.0'}, {'classification': '變更/修正', 'officialDocNo': '府文資字第1030228202號', 'registerDate': '2014-10-07 00:00:00.0', 'note': '變更名稱及範圍'}, {'classification': '變更/修正', 'officialDocNo': '府文資字第10303236382號', 'registerDate': '2015-01-13 00:00:00.0', 'note': '行政改制'}, {'classification': '指定/登錄', 'officialDocNo': '府文資字第1040110448號', 'registerDate': '2015-05-05 00:00:00.0', 'note': '變更地號、地址'}]",宅第,桃園市
317,20121017000001,楊梅國中校長及教職員宿舍群,"{'code': 'A3', 'name': '宅第'}",「歷史建築登錄廢止審查及輔助辦法」第2條第1項第1、2、3款。,121.145735,24.905034,"{'itemNo': 7, 'cityName': '桃園市', 'distName': '楊梅區', 'address': '中山路125巷22號'}",桃園市政府文化局,文化資產科,桃園市桃園區縣府路21號,03-3322592分機8627,"<a href=""http://nchdb.boch.gov.tw/assets/advanceSearch/historicalBuilding/20121017000001"" target=""_blank"">http://nchdb.boch.gov.tw/assets/advanceSearch/historicalBuilding/20121017000001</a>","[{'classification': '指定/登錄', 'officialDocNo': '府文資字第1011062133號', 'registerDate': '2012-10-17 00:00:00.0'}, {'classification': '變更/修正', 'officialDocNo': '府文資字第1030228202號', 'registerDate': '2014-10-07 00:00:00.0', 'note': '變更名稱及範圍'}, {'classification': '變更/修正', 'officialDocNo': '府文資字第10303236382號', 'registerDate': '2015-01-13 00:00:00.0', 'note': '行政改制'}, {'classification': '指定/登錄', 'officialDocNo': '府文資字第1040110448號', 'registerDate': '2015-05-05 00:00:00.0', 'note': '變更地號、地址'}]",宅第,桃園市
317,20121017000001,楊梅國中校長及教職員宿舍群,"{'code': 'A3', 'name': '宅第'}",「歷史建築登錄廢止審查及輔助辦法」第2條第1項第1、2、3款。,121.145735,24.905034,"{'itemNo': 8, 'cityName': '桃園市', 'distName': '楊梅區', 'address': '中山路125巷24號'}",桃園市政府文化局,文化資產科,桃園市桃園區縣府路21號,03-3322592分機8627,"<a href=""http://nchdb.boch.gov.tw/assets/advanceSearch/historicalBuilding/20121017000001"" target=""_blank"">http://nchdb.boch.gov.tw/assets/advanceSearch/historicalBuilding/20121017000001</a>","[{'classification': '指定/登錄', 'officialDocNo': '府文資字第1011062133號', 'registerDate': '2012-10-17 00:00:00.0'}, {'classification': '變更/修正', 'officialDocNo': '府文資字第1030228202號', 'registerDate': '2014-10-07 00:00:00.0', 'note': '變更名稱及範圍'}, {'classification': '變更/修正', 'officialDocNo': '府文資字第10303236382號', 'registerDate': '2015-01-13 00:00:00.0', 'note': '行政改制'}, {'classification': '指定/登錄', 'officialDocNo': '府文資字第1040110448號', 'registerDate': '2015-05-05 00:00:00.0', 'note': '變更地號、地址'}]",宅第,桃園市
318,20140408000002,楊梅茶業改良場宿舍,"{'code': 'A3', 'name': '宅第'}",文化資產保存法第15條暨歷史建築登錄廢止審查及輔助辦法第2、3、4條,121.185418,24.916289,"{'itemNo': 1, 'cityName': '桃園市', 'distName': '楊梅區', 'address': '金龍里中興路136號'}",桃園市政府文化局,文化資產科,桃園市桃園區縣府路21號,03-3322592分機8627,"<a href=""http://nchdb.boch.gov.tw/assets/advanceSearch/historicalBuilding/20140408000002"" target=""_blank"">http://nchdb.boch.gov.tw/assets/advanceSearch/historicalBuilding/20140408000002</a>","[{'classification': '指定/登錄', 'officialDocNo': '府文資字第10300689501號', 'registerDate': '2014-04-08 09:49:13.0'}, {'classification': '變更/修正', 'officialDocNo': '府文資字第10303236382號', 'registerDate': '2015-01-13 00:00:00.0', 'note': '行政改制'}, {'classification': '變更/修正', 'officialDocNo': '府文資字第1060179005號', 'registerDate': '2017-08-14 00:00:00.0', 'note': '變更地號及地址'}]",宅第,桃園市
319,20041013000001,新屋農會倉庫,"{'code': 'A16', 'name': '產業'}","文化資產保存法第27條之1
歷史建築登錄輔助辦法第7條
93年度「桃園縣歷史建築登錄審查會議」決議

變更公告依據
文化資產保存法第18條、歷史建築紀念建築登錄廢止審查及輔助辦法第4條、第5條、行政程序法第122條。",121.108009629555,24.9721799828843,"{'itemNo': 1, 'cityName': '桃園市', 'distName': '新屋區', 'address': '中華路242號'}",桃園市政府文化局,文化資產科,桃園市桃園區縣府路21號,03-3322592分機8607,"<a href=""http://nchdb.boch.gov.tw/assets/advanceSearch/historicalBuilding/20041013000001"" target=""_blank"">http://nchdb.boch.gov.tw/assets/advanceSearch/historicalBuilding/20041013000001</a>","[{'classification': '指定/登錄', 'officialDocNo': '府文資字第0930534476號', 'registerDate': '2004-10-13 11:11:25.0'}, {'classification': '變更/修正', 'officialDocNo': '府文資字第10303236382號', 'registerDate': '2015-01-13 00:00:00.0', 'note': '行政改制'}, {'classification': '變更/修正', 'officialDocNo': '府文資字第11102633211號', 'registerDate': '2022-09-28 11:59:03.164'}, {'classification': '變更/修正', 'officialDocNo': '府文資字第11103184081號', 'registerDate': '2022-11-18 00:00:00.0'}]",產業,桃園市
319,20041013000001,新屋農會倉庫,"{'code': 'A16', 'name': '產業'}","文化資產保存法第27條之1
歷史建築登錄輔助辦法第7條
93年度「桃園縣歷史建築登錄審查會議」決議

變更公告依據
文化資產保存法第18條、歷史建築紀念建築登錄廢止審查及輔助辦法第4條、第5條、行政程序法第122條。",121.108009629555,24.9721799828843,"{'itemNo': 2, 'cityName': '桃園市', 'distName': '新屋區', 'address': '福德街13-4號'}",桃園市政府文化局,文化資產科,桃園市桃園區縣府路21號,03-3322592分機8607,"<a href=""http://nchdb.boch.gov.tw/assets/advanceSearch/historicalBuilding/20041013000001"" target=""_blank"">http://nchdb.boch.gov.tw/assets/advanceSearch/historicalBuilding/20041013000001</a>","[{'classification': '指定/登錄', 'officialDocNo': '府文資字第0930534476號', 'registerDate': '2004-10-13 11:11:25.0'}, {'classification': '變更/修正', 'officialDocNo': '府文資字第10303236382號', 'registerDate': '2015-01-13 00:00:00.0', 'note': '行政改制'}, {'classification': '變更/修正', 'officialDocNo': '府文資字第11102633211號', 'registerDate': '2022-09-28 11:59:03.164'}, {'classification': '變更/修正', 'officialDocNo': '府文資字第11103184081號', 'registerDate': '2022-11-18 00:00:00.0'}]",產業,桃園市
320,20120827000001,桃園警察局日式宿舍群,"{'code': 'A3', 'name': '宅第'}",文化資產保存法條、歷史建築登錄廢止審查與輔助辦法暨桃園縣101年度第2次文化資產審議委員會決議,121.31175152627515,24.991747201682266,"{'itemNo': 1, 'cityName': '桃園市', 'distName': '桃園區', 'address': '中正路77巷5號'}",桃園市政府文化局,文化資產科,桃園市桃園區縣府路21號,(03)3322592 分機8618,"<a href=""http://nchdb.boch.gov.tw/assets/advanceSearch/historicalBuilding/20120827000001"" target=""_blank"">http://nchdb.boch.gov.tw/assets/advanceSearch/historicalBuilding/20120827000001</a>","[{'classification': '指定/登錄', 'officialDocNo': '府文資字第1011061682號', 'registerDate': '2012-08-27 09:47:47.0'}, {'classification': '變更/修正', 'officialDocNo': '府文資字第10303236382號 ', 'registerDate': '2015-01-13 13:08:13.943', 'note': '行政改制'}, {'classification': '變更/修正', 'officialDocNo': '府文資字第1040080506號 ', 'registerDate': '2015-04-10 00:00:00.0', 'note': '更正登錄範圍'}]",宅第,桃園市
320,20120827000001,桃園警察局日式宿舍群,"{'code': 'A3', 'name': '宅第'}",文化資產保存法條、歷史建築登錄廢止審查與輔助辦法暨桃園縣101年度第2次文化資產審議委員會決議,121.31175152627515,24.991747201682266,"{'itemNo': 2, 'cityName': '桃園市', 'distName': '桃園區', 'address': '中正路77巷7號'}",桃園市政府文化局,文化資產科,桃園市桃園區縣府路21號,(03)3322592 分機8618,"<a href=""http://nchdb.boch.gov.tw/assets/advanceSearch/historicalBuilding/20120827000001"" target=""_blank"">http://nchdb.boch.gov.tw/assets/advanceSearch/historicalBuilding/20120827000001</a>","[{'classification': '指定/登錄', 'officialDocNo': '府文資字第1011061682號', 'registerDate': '2012-08-27 09:47:47.0'}, {'classification': '變更/修正', 'officialDocNo': '府文資字第10303236382號 ', 'registerDate': '2015-01-13 13:08:13.943', 'note': '行政改制'}, {'classification': '變更/修正', 'officialDocNo': '府文資字第1040080506號 ', 'registerDate': '2015-04-10 00:00:00.0', 'note': '更正登錄範圍'}]",宅第,桃園市
320,20120827000001,桃園警察局日式宿舍群,"{'code': 'A3', 'name': '宅第'}",文化資產保存法條、歷史建築登錄廢止審查與輔助辦法暨桃園縣101年度第2次文化資產審議委員會決議,121.31175152627515,24.991747201682266,"{'itemNo': 3, 'cityName': '桃園市', 'distName': '桃園區', 'address': '中正路77巷9號'}",桃園市政府文化局,文化資產科,桃園市桃園區縣府路21號,(03)3322592 分機8618,"<a href=""http://nchdb.boch.gov.tw/assets/advanceSearch/historicalBuilding/20120827000001"" target=""_blank"">http://nchdb.boch.gov.tw/assets/advanceSearch/historicalBuilding/20120827000001</a>","[{'classification': '指定/登錄', 'officialDocNo': '府文資字第1011061682號', 'registerDate': '2012-08-27 09:47:47.0'}, {'classification': '變更/修正', 'officialDocNo': '府文資字第10303236382號 ', 'registerDate': '2015-01-13 13:08:13.943', 'note': '行政改制'}, {'classification': '變更/修正', 'officialDocNo': '府文資字第1040080506號 ', 'registerDate': '2015-04-10 00:00:00.0', 'note': '更正登錄範圍'}]",宅第,桃園市
320,20120827000001,桃園警察局日式宿舍群,"{'code': 'A3', 'name': '宅第'}",文化資產保存法條、歷史建築登錄廢止審查與輔助辦法暨桃園縣101年度第2次文化資產審議委員會決議,121.31175152627515,24.991747201682266,"{'itemNo': 4, 'cityName': '桃園市', 'distName': '桃園區', 'address': '中正路77巷11號'}",桃園市政府文化局,文化資產科,桃園市桃園區縣府路21號,(03)3322592 分機8618,"<a href=""http://nchdb.boch.gov.tw/assets/advanceSearch/historicalBuilding/20120827000001"" target=""_blank"">http://nchdb.boch.gov.tw/assets/advanceSearch/historicalBuilding/20120827000001</a>","[{'classification': '指定/登錄', 'officialDocNo': '府文資字第1011061682號', 'registerDate': '2012-08-27 09:47:47.0'}, {'classification': '變更/修正', 'officialDocNo': '府文資字第10303236382號 ', 'registerDate': '2015-01-13 13:08:13.943', 'note': '行政改制'}, {'classification': '變更/修正', 'officialDocNo': '府文資字第1040080506號 ', 'registerDate': '2015-04-10 00:00:00.0', 'note': '更正登錄範圍'}]",宅第,桃園市
320,20120827000001,桃園警察局日式宿舍群,"{'code': 'A3', 'name': '宅第'}",文化資產保存法條、歷史建築登錄廢止審查與輔助辦法暨桃園縣101年度第2次文化資產審議委員會決議,121.31175152627515,24.991747201682266,"{'itemNo': 5, 'cityName': '桃園市', 'distName': '桃園區', 'address': '中正路77巷12號'}",桃園市政府文化局,文化資產科,桃園市桃園區縣府路21號,(03)3322592 分機8618,"<a href=""http://nchdb.boch.gov.tw/assets/advanceSearch/historicalBuilding/20120827000001"" target=""_blank"">http://nchdb.boch.gov.tw/assets/advanceSearch/historicalBuilding/20120827000001</a>","[{'classification': '指定/登錄', 'officialDocNo': '府文資字第1011061682號', 'registerDate': '2012-08-27 09:47:47.0'}, {'classification': '變更/修正', 'officialDocNo': '府文資字第10303236382號 ', 'registerDate': '2015-01-13 13:08:13.943', 'note': '行政改制'}, {'classification': '變更/修正', 'officialDocNo': '府文資字第1040080506號 ', 'registerDate': '2015-04-10 00:00:00.0', 'note': '更正登錄範圍'}]",宅第,桃園市
320,20120827000001,桃園警察局日式宿舍群,"{'code': 'A3', 'name': '宅第'}",文化資產保存法條、歷史建築登錄廢止審查與輔助辦法暨桃園縣101年度第2次文化資產審議委員會決議,121.31175152627515,24.991747201682266,"{'itemNo': 6, 'cityName': '桃園市', 'distName': '桃園區', 'address': '中正路77巷14號'}",桃園市政府文化局,文化資產科,桃園市桃園區縣府路21號,(03)3322592 分機8618,"<a href=""http://nchdb.boch.gov.tw/assets/advanceSearch/historicalBuilding/20120827000001"" target=""_blank"">http://nchdb.boch.gov.tw/assets/advanceSearch/historicalBuilding/20120827000001</a>","[{'classification': '指定/登錄', 'officialDocNo': '府文資字第1011061682號', 'registerDate': '2012-08-27 09:47:47.0'}, {'classification': '變更/修正', 'officialDocNo': '府文資字第10303236382號 ', 'registerDate': '2015-01-13 13:08:13.943', 'note': '行政改制'}, {'classification': '變更/修正', 'officialDocNo': '府文資字第1040080506號 ', 'registerDate': '2015-04-10 00:00:00.0', 'note': '更正登錄範圍'}]",宅第,桃園市
320,20120827000001,桃園警察局日式宿舍群,"{'code': 'A3', 'name': '宅第'}",文化資產保存法條、歷史建築登錄廢止審查與輔助辦法暨桃園縣101年度第2次文化資產審議委員會決議,121.31175152627515,24.991747201682266,"{'itemNo': 7, 'cityName': '桃園市', 'distName': '桃園區', 'address': '中正路77巷20號'}",桃園市政府文化局,文化資產科,桃園市桃園區縣府路21號,(03)3322592 分機8618,"<a href=""http://nchdb.boch.gov.tw/assets/advanceSearch/historicalBuilding/20120827000001"" target=""_blank"">http://nchdb.boch.gov.tw/assets/advanceSearch/historicalBuilding/20120827000001</a>","[{'classification': '指定/登錄', 'officialDocNo': '府文資字第1011061682號', 'registerDate': '2012-08-27 09:47:47.0'}, {'classification': '變更/修正', 'officialDocNo': '府文資字第10303236382號 ', 'registerDate': '2015-01-13 13:08:13.943', 'note': '行政改制'}, {'classification': '變更/修正', 'officialDocNo': '府文資字第1040080506號 ', 'registerDate': '2015-04-10 00:00:00.0', 'note': '更正登錄範圍'}]",宅第,桃園市
320,20120827000001,桃園警察局日式宿舍群,"{'code': 'A3', 'name': '宅第'}",文化資產保存法條、歷史建築登錄廢止審查與輔助辦法暨桃園縣101年度第2次文化資產審議委員會決議,121.31175152627515,24.991747201682266,"{'itemNo': 8, 'cityName': '桃園市', 'distName': '桃園區', 'address': '中正路77巷22號'}",桃園市政府文化局,文化資產科,桃園市桃園區縣府路21號,(03)3322592 分機8618,"<a href=""http://nchdb.boch.gov.tw/assets/advanceSearch/historicalBuilding/20120827000001"" target=""_blank"">http://nchdb.boch.gov.tw/assets/advanceSearch/historicalBuilding/20120827000001</a>","[{'classification': '指定/登錄', 'officialDocNo': '府文資字第1011061682號', 'registerDate': '2012-08-27 09:47:47.0'}, {'classification': '變更/修正', 'officialDocNo': '府文資字第10303236382號 ', 'registerDate': '2015-01-13 13:08:13.943', 'note': '行政改制'}, {'classification': '變更/修正', 'officialDocNo': '府文資字第1040080506號 ', 'registerDate': '2015-04-10 00:00:00.0', 'note': '更正登錄範圍'}]",宅第,桃園市
321,20070424000001,桃園大樹林橋,"{'code': 'A15', 'name': '橋樑'}",<<歷史建築登錄廢止審查及輔助辦法>>第2條第1項第1款,121.317387764786,24.9880619003994,"{'itemNo': 1, 'cityName': '桃園市', 'distName': '桃園區', 'address': '桃園市長安街30巷口'}",桃園市政府文化局,文化資產科,桃園市桃園區縣府路21號,(03)3322592#8607,"<a href=""http://nchdb.boch.gov.tw/assets/advanceSearch/historicalBuilding/20070424000001"" target=""_blank"">http://nchdb.boch.gov.tw/assets/advanceSearch/historicalBuilding/20070424000001</a>","[{'classification': '指定/登錄', 'officialDocNo': '府文資字第0961060607號', 'registerDate': '2007-04-24 10:48:11.0'}, {'classification': '變更/修正', 'officialDocNo': '府文資字第10303236382號', 'registerDate': '2015-01-13 13:02:45.991', 'note': '行政改制'}, {'classification': '變更/修正', 'officialDocNo': '府文資字第11001386501號', 'registerDate': '2021-06-09 13:03:08.004', 'note': '地籍重測'}]",橋樑,桃園市
322,20140326000001,龜山憲光二村,"{'code': 'A3', 'name': '宅第'}",<<歷史建築紀念建築登錄廢止審查及輔助辦法>>第2條第1項第1、2款,121.342249231385,24.9921018512811,"{'itemNo': 1, 'cityName': '桃園市', 'distName': '龜山區', 'address': '明德路203巷44號'}",桃園市政府文化局,文化資產科,桃園市桃園區縣府路21號,03-3322592#8625,"<a href=""http://nchdb.boch.gov.tw/assets/advanceSearch/historicalBuilding/20140326000001"" target=""_blank"">http://nchdb.boch.gov.tw/assets/advanceSearch/historicalBuilding/20140326000001</a>","[{'classification': '指定/登錄', 'officialDocNo': '府文資字第0951061741號', 'registerDate': '2006-10-26 00:00:00.0'}, {'classification': '變更/修正', 'officialDocNo': '府文資字第10300575002號', 'registerDate': '2014-03-26 00:00:00.0'}, {'classification': '變更/修正', 'officialDocNo': '府文資字第10303236382號', 'registerDate': '2015-01-13 00:00:00.0', 'note': '行政改制'}, {'classification': '變更/修正', 'officialDocNo': '府文資字1070260951號', 'registerDate': '2018-11-02 00:00:00.0', 'note': '變更範圍、補充登錄理由'}]",宅第,桃園市
322,20140326000001,龜山憲光二村,"{'code': 'A3', 'name': '宅第'}",<<歷史建築紀念建築登錄廢止審查及輔助辦法>>第2條第1項第1、2款,121.342249231385,24.9921018512811,"{'itemNo': 2, 'cityName': '桃園市', 'distName': '龜山區', 'address': '明德路203巷45號'}",桃園市政府文化局,文化資產科,桃園市桃園區縣府路21號,03-3322592#8625,"<a href=""http://nchdb.boch.gov.tw/assets/advanceSearch/historicalBuilding/20140326000001"" target=""_blank"">http://nchdb.boch.gov.tw/assets/advanceSearch/historicalBuilding/20140326000001</a>","[{'classification': '指定/登錄', 'officialDocNo': '府文資字第0951061741號', 'registerDate': '2006-10-26 00:00:00.0'}, {'classification': '變更/修正', 'officialDocNo': '府文資字第10300575002號', 'registerDate': '2014-03-26 00:00:00.0'}, {'classification': '變更/修正', 'officialDocNo': '府文資字第10303236382號', 'registerDate': '2015-01-13 00:00:00.0', 'note': '行政改制'}, {'classification': '變更/修正', 'officialDocNo': '府文資字1070260951號', 'registerDate': '2018-11-02 00:00:00.0', 'note': '變更範圍、補充登錄理由'}]",宅第,桃園市
323,20040303000004,前龜山陸光三村活動中心,"{'code': 'A22', 'name': '集會堂'}",<<歷史建築登錄廢止審查及輔助辦法>>第2條第1項第3款,121.340499050108,24.9984780756338,"{'itemNo': 1, 'cityName': '桃園市', 'distName': '龜山區', 'address': '光峰路43號'}",桃園市政府文化局,文化資產科,桃園市桃園區縣府路21號,03-3322592#8625,"<a href=""http://nchdb.boch.gov.tw/assets/advanceSearch/historicalBuilding/20040303000004"" target=""_blank"">http://nchdb.boch.gov.tw/assets/advanceSearch/historicalBuilding/20040303000004</a>","[{'classification': '指定/登錄', 'officialDocNo': '府文資字第0930534269號', 'registerDate': '2004-03-03 00:00:00.0'}, {'classification': '變更/修正', 'officialDocNo': '府文資字第10303236382號', 'registerDate': '2015-01-13 00:00:00.0', 'note': '行政改制'}, {'classification': '指定/登錄', 'officialDocNo': '府文資字第1070266180號', 'registerDate': '2018-11-01 00:00:00.0', 'note': '新增公告範圍、補充登錄理由'}]",集會堂,桃園市
324,20080516000001,黃繼烔公墓園,"{'code': 'A12', 'name': '墓葬'}",文化資產保存法、歷史建築登錄廢止審查及輔助辦法，暨桃園縣政府97年度第2次文化資產審議委員會決議辦理。,121.378540300853,25.0614666264747,"{'itemNo': 1, 'cityName': '桃園市', 'distName': '龜山區', 'address': '文明路29號附近'}",桃園縣政府文化局,文化資產科,桃園市桃園區縣府路21號,03-3322592#8625,"<a href=""http://nchdb.boch.gov.tw/assets/advanceSearch/historicalBuilding/20080516000001"" target=""_blank"">http://nchdb.boch.gov.tw/assets/advanceSearch/historicalBuilding/20080516000001</a>","[{'classification': '指定/登錄', 'officialDocNo': '府文資字第0971060815號', 'registerDate': '2008-05-16 15:08:37.0'}, {'classification': '變更/修正', 'officialDocNo': '府文資字第10303236382號', 'registerDate': '2015-01-13 00:00:00.0', 'note': '行政改制'}]",墓葬,桃園市
325,20090327000001,八德呂達川祠堂,"{'code': 'A1', 'name': '祠堂'}",<<歷史建築登錄廢止審查及輔助辦法>>第2條第1項第1、2款,121.28344,24.9351,"{'itemNo': 1, 'cityName': '桃園市', 'distName': '八德區', 'address': '廣興5街25號'}",桃園市政府文化局,文化資產科,桃園市桃園區縣府路21號,03-3322592分機8619,"<a href=""http://nchdb.boch.gov.tw/assets/advanceSearch/historicalBuilding/20090327000001"" target=""_blank"">http://nchdb.boch.gov.tw/assets/advanceSearch/historicalBuilding/20090327000001</a>","[{'classification': '指定/登錄', 'officialDocNo': '府文資字第0981060609號', 'registerDate': '2009-03-27 20:15:32.0'}, {'classification': '變更/修正', 'officialDocNo': '府文資字第10303236382號 ', 'registerDate': '2015-01-13 14:02:16.367', 'note': '行政改制'}]",祠堂,桃園市
326,20070929000001,八德喻竹居,"{'code': 'A3', 'name': '宅第'}",文化資產保存法、歷史建築登錄廢止審查及輔助辦法，暨桃園縣96年度第三次文化資產審議委員會決議辦理。,121.260247830165,24.9272481325163,"{'itemNo': 1, 'cityName': '桃園市', 'distName': '八德區', 'address': '霄裡路468-1號'}",桃園市政府文化局,文化局文化資產科,桃園市桃園區縣府路21號,03-3322592分機8619,"<a href=""http://nchdb.boch.gov.tw/assets/advanceSearch/historicalBuilding/20070929000001"" target=""_blank"">http://nchdb.boch.gov.tw/assets/advanceSearch/historicalBuilding/20070929000001</a>","[{'classification': '變更/修正', 'officialDocNo': '府文資字第0961061523號', 'registerDate': '2007-09-29 10:46:48.0', 'note': ''}, {'classification': '變更/修正', 'officialDocNo': '府文資字第10303236382號', 'registerDate': '2015-01-13 00:00:00.0', 'note': '行政改制'}]",宅第,桃園市
327,20090327000002,八德林奇珍古墓,"{'code': 'A12', 'name': '墓葬'}",文化資產保存法、歷史建築登錄廢止審查及輔助辦法，暨桃園縣98年度第一次文化資產審議委員會決議辦理。,121.288073633442,24.9319797660388,"{'itemNo': 1, 'cityName': '桃園市', 'distName': '八德區', 'address': '建興街92巷'}",桃園市政府文化局,文化資產科,桃園市桃園區縣府路21號,03-3322592分機8619,"<a href=""http://nchdb.boch.gov.tw/assets/advanceSearch/historicalBuilding/20090327000002"" target=""_blank"">http://nchdb.boch.gov.tw/assets/advanceSearch/historicalBuilding/20090327000002</a>","[{'classification': '指定/登錄', 'officialDocNo': '府文資字第0981060615號', 'registerDate': '2009-03-27 16:55:23.0'}, {'classification': '變更/修正', 'officialDocNo': '府文資字第10303236382號 ', 'registerDate': '2015-01-13 14:07:31.186', 'note': '行政改制'}]",墓葬,桃園市
328,20100525000001,八德廣福宮,"{'code': 'A2', 'name': '寺廟'}",文化資產保存法、歷史建築登錄廢止審查與輔助辦法，暨桃園縣98年度第2次文化資產審議委員會決議辦理。,121.288282861093,24.9307053913371,"{'itemNo': 1, 'cityName': '桃園市', 'distName': '八德區', 'address': '建興街42巷'}",桃園市政府,文化局,桃園市桃園區 縣府路21號,033322592,"<a href=""http://nchdb.boch.gov.tw/assets/advanceSearch/historicalBuilding/20100525000001"" target=""_blank"">http://nchdb.boch.gov.tw/assets/advanceSearch/historicalBuilding/20100525000001</a>","[{'classification': '指定/登錄', 'officialDocNo': '府文資字第0991060966號', 'registerDate': '2010-05-25 00:00:00.0'}, {'classification': '變更/修正', 'officialDocNo': '府文資字第0991061251號', 'registerDate': '2010-06-30 00:00:00.0', 'note': '更正本體範圍'}, {'classification': '變更/修正', 'officialDocNo': '府文資字第10303236382號 ', 'registerDate': '2015-01-13 14:09:58.269', 'note': '行政改制'}]",寺廟,桃園市
329,20070929000002,八德中正堂,"{'code': 'A3', 'name': '宅第'}",<<歷史建築登錄廢止審查及輔助辦法>>第2條第1項第1、3、4款,121.301869383093,24.9569282113008,"{'itemNo': 1, 'cityName': '桃園市', 'distName': '八德區', 'address': '重慶街53巷2號'}",桃園市政府文化局,文化資產科,桃園市桃園區 縣府路21號,03-3322592分機8619,"<a href=""http://nchdb.boch.gov.tw/assets/advanceSearch/historicalBuilding/20070929000002"" target=""_blank"">http://nchdb.boch.gov.tw/assets/advanceSearch/historicalBuilding/20070929000002</a>","[{'classification': '指定/登錄', 'officialDocNo': '府文資字第0961061521號', 'registerDate': '2007-09-29 10:47:19.0'}, {'classification': '變更/修正', 'officialDocNo': '府文資字第0971061611號', 'registerDate': '2008-09-01 00:00:00.0', 'note': '更正面積'}, {'classification': '變更/修正', 'officialDocNo': '府文資字第1001001545號', 'registerDate': '2011-02-22 00:00:00.0', 'note': '更正面積及地號'}, {'classification': '變更/修正', 'officialDocNo': '府文資字第1011061824號', 'registerDate': '2012-09-13 00:00:00.0', 'note': '補充登錄理由'}, {'classification': '變更/修正', 'officialDocNo': '府文資字第10303236382號', 'registerDate': '2015-01-13 00:00:00.0', 'note': '行政改制'}]",宅第,桃園市
330,20071224000001,大溪國小日式宿舍,"{'code': 'A3', 'name': '宅第'}",<<歷史建築登錄廢止審查及輔助辦法>>第2條第1項第1、3、4款,121.285456092335,24.8832719656667,"{'itemNo': 1, 'cityName': '桃園市', 'distName': '大溪區', 'address': '中正路68號'}",桃園市政府文化局,文化資產科,桃園市桃園區縣府路21號,03-3322592#8624,"<a href=""http://nchdb.boch.gov.tw/assets/advanceSearch/historicalBuilding/20071224000001"" target=""_blank"">http://nchdb.boch.gov.tw/assets/advanceSearch/historicalBuilding/20071224000001</a>","[{'classification': '指定/登錄', 'officialDocNo': '府文資字第0961061988號', 'registerDate': '2007-12-24 00:00:00.0'}, {'classification': '變更/修正', 'officialDocNo': '府文資字第10303236382號 ', 'registerDate': '2015-01-13 00:00:00.0', 'note': '行政改制'}, {'classification': '變更/修正', 'officialDocNo': '府文資字第1050136266號', 'registerDate': '2016-06-22 10:01:06.116'}, {'classification': '變更/修正', 'officialDocNo': '府文資字第1100104722號', 'registerDate': '2021-05-07 10:01:36.797'}]",宅第,桃園市
330,20071224000001,大溪國小日式宿舍,"{'code': 'A3', 'name': '宅第'}",<<歷史建築登錄廢止審查及輔助辦法>>第2條第1項第1、3、4款,121.285456092335,24.8832719656667,"{'itemNo': 2, 'cityName': '桃園市', 'distName': '大溪區', 'address': '普濟路84巷3號'}",桃園市政府文化局,文化資產科,桃園市桃園區縣府路21號,03-3322592#8624,"<a href=""http://nchdb.boch.gov.tw/assets/advanceSearch/historicalBuilding/20071224000001"" target=""_blank"">http://nchdb.boch.gov.tw/assets/advanceSearch/historicalBuilding/20071224000001</a>","[{'classification': '指定/登錄', 'officialDocNo': '府文資字第0961061988號', 'registerDate': '2007-12-24 00:00:00.0'}, {'classification': '變更/修正', 'officialDocNo': '府文資字第10303236382號 ', 'registerDate': '2015-01-13 00:00:00.0', 'note': '行政改制'}, {'classification': '變更/修正', 'officialDocNo': '府文資字第1050136266號', 'registerDate': '2016-06-22 10:01:06.116'}, {'classification': '變更/修正', 'officialDocNo': '府文資字第1100104722號', 'registerDate': '2021-05-07 10:01:36.797'}]",宅第,桃園市
330,20071224000001,大溪國小日式宿舍,"{'code': 'A3', 'name': '宅第'}",<<歷史建築登錄廢止審查及輔助辦法>>第2條第1項第1、3、4款,121.285456092335,24.8832719656667,"{'itemNo': 3, 'cityName': '桃園市', 'distName': '大溪區', 'address': '普濟路84巷4號'}",桃園市政府文化局,文化資產科,桃園市桃園區縣府路21號,03-3322592#8624,"<a href=""http://nchdb.boch.gov.tw/assets/advanceSearch/historicalBuilding/20071224000001"" target=""_blank"">http://nchdb.boch.gov.tw/assets/advanceSearch/historicalBuilding/20071224000001</a>","[{'classification': '指定/登錄', 'officialDocNo': '府文資字第0961061988號', 'registerDate': '2007-12-24 00:00:00.0'}, {'classification': '變更/修正', 'officialDocNo': '府文資字第10303236382號 ', 'registerDate': '2015-01-13 00:00:00.0', 'note': '行政改制'}, {'classification': '變更/修正', 'officialDocNo': '府文資字第1050136266號', 'registerDate': '2016-06-22 10:01:06.116'}, {'classification': '變更/修正', 'officialDocNo': '府文資字第1100104722號', 'registerDate': '2021-05-07 10:01:36.797'}]",宅第,桃園市
331,20040113000001,大溪和平路金記同興,"{'code': 'A99', 'name': '其他設施', 'other': '古市街類'}","文化資產保存法第二十七條之一、歷史建築登錄輔助辦法第七條
桃園縣九十二年九月十五日召開之歷史建築登錄審查會議決議",121.287445079619,24.8851191206856,"{'itemNo': 1, 'cityName': '桃園市', 'distName': '大溪區', 'address': '和平路61號'}",桃園市政府文化局,文化資產科,桃園市桃園區縣府路21號,03-3322592分機8624,"<a href=""http://nchdb.boch.gov.tw/assets/advanceSearch/historicalBuilding/20040113000001"" target=""_blank"">http://nchdb.boch.gov.tw/assets/advanceSearch/historicalBuilding/20040113000001</a>","[{'classification': '指定/登錄', 'officialDocNo': '府文資字第0930534224號', 'registerDate': '2004-01-13 11:13:22.0'}, {'classification': '變更/修正', 'officialDocNo': '府文資字第10303236382號', 'registerDate': '2015-01-13 00:00:00.0', 'note': '行政改制'}]",其他設施,桃園市
332,20040113000003,慈湖陵寢,"{'code': 'A99', 'name': '其他設施', 'other': '陵寢'}","文化資產保存法第二十七條之一、歷史建築登錄輔助辦法第七條
桃園縣九十二年九月十五日召開之歷史建築登錄審查會議決議",121.299227953267,24.8419717424554,"{'itemNo': 1, 'cityName': '桃園市', 'distName': '大溪區', 'address': '福安里4鄰埤尾3號'}",桃園市政府文化局,文化資產科,桃園市桃園區縣府路21號,03-3322592分機8618,"<a href=""http://nchdb.boch.gov.tw/assets/advanceSearch/historicalBuilding/20040113000003"" target=""_blank"">http://nchdb.boch.gov.tw/assets/advanceSearch/historicalBuilding/20040113000003</a>","[{'classification': '指定/登錄', 'officialDocNo': '府文資字第0930534224號', 'registerDate': '2004-01-13 09:40:50.0'}, {'classification': '變更/修正', 'officialDocNo': '府文資字第10303236382號 ', 'registerDate': '2015-01-13 14:30:03.295', 'note': '行政改制'}]",其他設施,桃園市
333,20040113000004,大溪陵寢,"{'code': 'A99', 'name': '其他設施', 'other': '陵寢'}","文化資產保存法第二十七條之一、歷史建築登錄輔助辦法第七條
桃園縣九十二年九月十五日召開之歷史建築登錄審查會議決議",121.286032774735,24.8484460484034,"{'itemNo': 1, 'cityName': '桃園市', 'distName': '大溪區', 'address': '福安里12鄰猴洞坑19-1號'}",桃園市政府文化局,文化資產科,桃園市桃園區縣府路21號,03-3322592分機8618,"<a href=""http://nchdb.boch.gov.tw/assets/advanceSearch/historicalBuilding/20040113000004"" target=""_blank"">http://nchdb.boch.gov.tw/assets/advanceSearch/historicalBuilding/20040113000004</a>","[{'classification': '指定/登錄', 'officialDocNo': '府文資字第0930534224號', 'registerDate': '2004-01-13 11:06:34.0'}, {'classification': '變更/修正', 'officialDocNo': '府文資字第10303236382號 ', 'registerDate': '2015-01-13 14:37:39.342', 'note': '行政改制'}]",其他設施,桃園市
334,20040113000005,大溪和平路玉寶堂,"{'code': 'A99', 'name': '其他設施', 'other': '古市街類'}","文化資產保存法第二十七條之一、歷史建築登錄輔助辦法第七條
桃園縣九十二年九月十五日召開之歷史建築登錄審查會議決議",121.288620703466,24.8846198071354,"{'itemNo': 1, 'cityName': '桃園市', 'distName': '大溪區', 'address': '和平路15-1號'}",桃園市政府文化局,文化資產科,桃園市桃園區縣府路21號,03-3322592分機8624,"<a href=""http://nchdb.boch.gov.tw/assets/advanceSearch/historicalBuilding/20040113000005"" target=""_blank"">http://nchdb.boch.gov.tw/assets/advanceSearch/historicalBuilding/20040113000005</a>","[{'classification': '指定/登錄', 'officialDocNo': '府文資字第0930534224號', 'registerDate': '2004-01-13 11:12:13.0'}, {'classification': '變更/修正', 'officialDocNo': '府文資字第10303236382號', 'registerDate': '2015-01-13 00:00:00.0', 'note': '行政改制'}]",其他設施,桃園市
335,20040113000006,大溪和平路Kenko,"{'code': 'A99', 'name': '其他設施', 'other': '古市街類'}","文化資產保存法第二十七條之一、歷史建築登錄輔助辦法第七條
桃園縣九十二年九月十五日召開之歷史建築登錄審查會議決議",121.2885915651,24.8847245473573,"{'itemNo': 1, 'cityName': '桃園市', 'distName': '大溪區', 'address': '和平路20號'}",桃園市政府文化局,文化資產科,桃園市桃園區縣府路21號,03-3322592分機8624,"<a href=""http://nchdb.boch.gov.tw/assets/advanceSearch/historicalBuilding/20040113000006"" target=""_blank"">http://nchdb.boch.gov.tw/assets/advanceSearch/historicalBuilding/20040113000006</a>","[{'classification': '指定/登錄', 'officialDocNo': '府文資字第0930534224號', 'registerDate': '2004-01-13 10:50:49.0'}, {'classification': '變更/修正', 'officialDocNo': '府文資字第10303236382號', 'registerDate': '2015-01-13 00:00:00.0', 'note': '行政改制'}]",其他設施,桃園市
336,20040113000008,大溪和平路永發,"{'code': 'A99', 'name': '其他設施', 'other': '古市街類'}","文化資產保存法第二十七條之一、歷史建築登錄輔助辦法第七條
桃園縣九十二年九月十五日召開之歷史建築登錄審查會議決議",121.288497596578,24.88474849466,"{'itemNo': 1, 'cityName': '桃園市', 'distName': '大溪區', 'address': '和平路24號'}",桃園市政府文化局,文化資產科,桃園市桃園區縣府路21號,03-3322592分機8624,"<a href=""http://nchdb.boch.gov.tw/assets/advanceSearch/historicalBuilding/20040113000008"" target=""_blank"">http://nchdb.boch.gov.tw/assets/advanceSearch/historicalBuilding/20040113000008</a>","[{'classification': '指定/登錄', 'officialDocNo': '府文資字第0930534224號', 'registerDate': '2004-01-13 11:11:46.0'}, {'classification': '變更/修正', 'officialDocNo': '府文資字第10303236382號', 'registerDate': '2015-01-13 00:00:00.0', 'note': '行政改制'}]",其他設施,桃園市
337,20040113000009,大溪和平路廣大,"{'code': 'A99', 'name': '其他設施', 'other': '古市街類'}","文化資產保存法第二十七條之一、歷史建築登錄輔助辦法第七條
桃園縣九十二年九月十五日召開之歷史建築登錄審查會議決議",121.288445525984,24.8847640958753,"{'itemNo': 1, 'cityName': '桃園市', 'distName': '大溪區', 'address': '和平路26號'}",桃園市政府文化局,文化資產科,桃園市桃園區縣府路21號,03-3322592分機8624,"<a href=""http://nchdb.boch.gov.tw/assets/advanceSearch/historicalBuilding/20040113000009"" target=""_blank"">http://nchdb.boch.gov.tw/assets/advanceSearch/historicalBuilding/20040113000009</a>","[{'classification': '指定/登錄', 'officialDocNo': '府文資字第0930534224號', 'registerDate': '2004-01-13 11:01:56.0'}, {'classification': '變更/修正', 'officialDocNo': '府文資字第10303236382號', 'registerDate': '2015-01-13 00:00:00.0', 'note': '行政改制'}]",其他設施,桃園市
338,20040113000010,大溪和平路茂發,"{'code': 'A99', 'name': '其他設施', 'other': '古市街類'}","文化資產保存法第二十七條之一、歷史建築登錄輔助辦法第七條
桃園縣九十二年九月十五日召開之歷史建築登錄審查會議決議",121.288400251751,24.8847807162061,"{'itemNo': 1, 'cityName': '桃園市', 'distName': '大溪區', 'address': '和平路28號'}",桃園市政府文化局,文化資產科,桃園市桃園區縣府路21號,03-3322592分機8624,"<a href=""http://nchdb.boch.gov.tw/assets/advanceSearch/historicalBuilding/20040113000010"" target=""_blank"">http://nchdb.boch.gov.tw/assets/advanceSearch/historicalBuilding/20040113000010</a>","[{'classification': '指定/登錄', 'officialDocNo': '府文資字第0930534224號', 'registerDate': '2004-01-13 10:58:32.0'}, {'classification': '變更/修正', 'officialDocNo': '府文資字第10303236382號', 'registerDate': '2015-01-13 00:00:00.0', 'note': '行政改制'}]",其他設施,桃園市
339,20040113000011,月眉通路,"{'code': 'A99', 'name': '其他設施', 'other': '古市街類'}","文化資產保存法第二十七條之一、歷史建築登錄輔助辦法第七條
桃園縣九十二年九月十五日召開之歷史建築登錄審查會議決議",121.287980643748,24.8849365691184,"{'itemNo': 1, 'cityName': '桃園市', 'distName': '大溪區', 'address': '和平路38號旁巷道'}",桃園市政府園市政府文化局,文化資產科,桃園市桃園區縣府路21號,03-3322592分機8624,"<a href=""http://nchdb.boch.gov.tw/assets/advanceSearch/historicalBuilding/20040113000011"" target=""_blank"">http://nchdb.boch.gov.tw/assets/advanceSearch/historicalBuilding/20040113000011</a>","[{'classification': '指定/登錄', 'officialDocNo': '府文資字第0930534224號', 'registerDate': '2004-01-13 13:59:42.0'}, {'classification': '變更/修正', 'officialDocNo': '府文資字第10303236382號 ', 'registerDate': '2015-01-13 17:12:59.378', 'note': '行政改制'}]",其他設施,桃園市
340,20040113000012,大溪和平路李記興源,"{'code': 'A99', 'name': '其他設施', 'other': '古市街類'}","文化資產保存法第二十七條之一、歷史建築登錄輔助辦法第七條
桃園縣九十二年九月十五日召開之歷史建築登錄審查會議決議",121.287567356771,24.8850398487828,"{'itemNo': 1, 'cityName': '桃園市', 'distName': '大溪區', 'address': '和平路55號'}",桃園市政府文化局,文化資產科,桃園市桃園區縣府路21號,03-3322592分機8624,"<a href=""http://nchdb.boch.gov.tw/assets/advanceSearch/historicalBuilding/20040113000012"" target=""_blank"">http://nchdb.boch.gov.tw/assets/advanceSearch/historicalBuilding/20040113000012</a>","[{'classification': '指定/登錄', 'officialDocNo': '府文資字第0930534224號', 'registerDate': '2004-01-13 10:55:23.0'}, {'classification': '變更/修正', 'officialDocNo': '府文資字第10303236382號', 'registerDate': '2015-01-13 00:00:00.0', 'note': '行政改制'}]",其他設施,桃園市
341,20040113000013,大溪和平路錦發,"{'code': 'A99', 'name': '其他設施', 'other': '古市街類'}","文化資產保存法第二十七條之一、歷史建築登錄輔助辦法第七條
桃園縣九十二年九月十五日召開之歷史建築登錄審查會議決議",121.286997474734,24.8853817172863,"{'itemNo': 1, 'cityName': '桃園市', 'distName': '大溪區', 'address': '和平路77號'}",桃園市政府文化局,文化資產科,桃園市桃園區縣府路21號,03-3322592分機8624,"<a href=""http://nchdb.boch.gov.tw/assets/advanceSearch/historicalBuilding/20040113000013"" target=""_blank"">http://nchdb.boch.gov.tw/assets/advanceSearch/historicalBuilding/20040113000013</a>","[{'classification': '指定/登錄', 'officialDocNo': '府文資字第0930534224號', 'registerDate': '2004-01-13 11:12:26.0'}, {'classification': '變更/修正', 'officialDocNo': '府文資字第10303236382號', 'registerDate': '2015-01-13 00:00:00.0', 'note': '行政改制'}]",其他設施,桃園市
342,20040113000014,大溪和平路金源,"{'code': 'A99', 'name': '其他設施', 'other': '古市街類'}","文化資產保存法第二十七條之一、歷史建築登錄輔助辦法第七條
桃園縣九十二年九月十五日召開之歷史建築登錄審查會議決議",121.286956852285,24.8853950700302,"{'itemNo': 1, 'cityName': '桃園市', 'distName': '大溪區', 'address': '和平路79號'}",桃園市政府文化局,文化資產科,桃園市桃園區縣府路21號,03-3322592分機8624,"<a href=""http://nchdb.boch.gov.tw/assets/advanceSearch/historicalBuilding/20040113000014"" target=""_blank"">http://nchdb.boch.gov.tw/assets/advanceSearch/historicalBuilding/20040113000014</a>","[{'classification': '指定/登錄', 'officialDocNo': '府文資字第0930534224號', 'registerDate': '2004-01-13 11:02:36.0'}, {'classification': '變更/修正', 'officialDocNo': '府文資字第10303236382號', 'registerDate': '2015-01-13 00:00:00.0', 'note': '行政改制'}]",其他設施,桃園市
343,20040113000016,大溪中央路赤龍,"{'code': 'A3', 'name': '宅第'}","一、民國93年：歷史建築登錄輔助辦法第7條
二、民國104年：歷史建築登錄廢止審查及輔助辦法第2條第1項第1、2、3款
三、民國110年：歷史建築紀念建築登錄廢止審查及輔助辦法第2條第1項第3款",121.28779759398,24.8806746154478,"{'itemNo': 1, 'cityName': '桃園市', 'distName': '大溪區', 'address': '中央路86號'}",桃園市政府文化局,文化資產科,桃園市桃園區縣府路21號,03-3322592分機8624,"<a href=""http://nchdb.boch.gov.tw/assets/advanceSearch/historicalBuilding/20040113000016"" target=""_blank"">http://nchdb.boch.gov.tw/assets/advanceSearch/historicalBuilding/20040113000016</a>","[{'classification': '指定/登錄', 'officialDocNo': '府文資字第0930534224號', 'registerDate': '2004-01-13 11:35:08.0'}, {'classification': '變更/修正', 'officialDocNo': '府文資字第10303236382號', 'registerDate': '2015-01-13 00:00:00.0', 'note': '行政改制'}, {'classification': '變更/修正', 'officialDocNo': '府文資字第10401699711號', 'registerDate': '2015-07-06 00:00:00.0', 'note': '變更登錄範圍'}, {'classification': '變更/修正', 'officialDocNo': '府文資字第1100016194號', 'registerDate': '2021-02-02 00:00:00.0', 'note': '變更登錄種類'}]",宅第,桃園市
344,20040113000017,大溪中央路廖宅,"{'code': 'A3', 'name': '宅第'}","一、民國93年：歷史建築登錄輔助辦法第7條
二、民國104年：歷史建築登錄廢止審查及輔助辦法第2條第1項第1、2、3款
三、民國110年：歷史建築紀念建築登錄廢止審查及輔助辦法第2條第1項第3款",121.28778685544,24.8807234947001,"{'itemNo': 1, 'cityName': '桃園市', 'distName': '大溪區', 'address': '中央路88號'}",桃園市政府文化局,文化資產科,桃園市桃園區縣府路21號,03-3322592分機8624,"<a href=""http://nchdb.boch.gov.tw/assets/advanceSearch/historicalBuilding/20040113000017"" target=""_blank"">http://nchdb.boch.gov.tw/assets/advanceSearch/historicalBuilding/20040113000017</a>","[{'classification': '指定/登錄', 'officialDocNo': '府文資字第0930534224號', 'registerDate': '2004-01-13 11:33:44.0'}, {'classification': '變更/修正', 'officialDocNo': '府文資字第10303236382號', 'registerDate': '2015-01-13 00:00:00.0', 'note': '行政改制'}, {'classification': '變更/修正', 'officialDocNo': '府文資字第10401699712號', 'registerDate': '2015-07-06 00:00:00.0', 'note': '變更登錄範圍'}, {'classification': '變更/修正', 'officialDocNo': '府文資字第1100016230號', 'registerDate': '2021-02-02 00:00:00.0', 'note': '擴大登錄範圍、變更登錄種類'}]",宅第,桃園市
345,20040113000018,大溪中央路翠鳳,"{'code': 'A3', 'name': '宅第'}","一、民國93年：歷史建築登錄輔助辦法第7條
二、民國104年：歷史建築登錄廢止審查及輔助辦法第2條第1項第1、2、3款
三、民國110年：歷史建築紀念建築登錄廢止審查及輔助辦法第2條第1項第3款",121.287785194891,24.8807720294438,"{'itemNo': 1, 'cityName': '桃園市', 'distName': '大溪區', 'address': '中央路90號'}",桃園市政府文化局,文化資產科,桃園市桃園區縣府路21號,03-3322592分機8624,"<a href=""http://nchdb.boch.gov.tw/assets/advanceSearch/historicalBuilding/20040113000018"" target=""_blank"">http://nchdb.boch.gov.tw/assets/advanceSearch/historicalBuilding/20040113000018</a>","[{'classification': '指定/登錄', 'officialDocNo': '府文資字第0930534224號', 'registerDate': '2004-01-13 11:36:19.0'}, {'classification': '變更/修正', 'officialDocNo': '府文資字第10303236382號', 'registerDate': '2015-01-13 00:00:00.0', 'note': '行政改制'}, {'classification': '變更/修正', 'officialDocNo': '府文資字第10401699713號', 'registerDate': '2015-07-06 00:00:00.0', 'note': '變更登錄範圍'}, {'classification': '變更/修正', 'officialDocNo': '府文資字第1100016252號', 'registerDate': '2021-02-02 00:00:00.0', 'note': '擴大登錄範圍、變更登錄種類'}]",宅第,桃園市
346,20040113000019,大溪公會堂,"{'code': 'A22', 'name': '集會堂'}",<<歷史建築登錄廢止審查及輔助辦法>>第2條第1項第2、3款,121.285151057323,24.8818707117718,"{'itemNo': 1, 'cityName': '桃園市', 'distName': '大溪區', 'address': '普濟路21-3號（大溪公會堂及蔣公行館）'}",桃園市政府文化局,文化資產科,桃園市桃園區縣府路21號,03-3322592分機8624,"<a href=""http://nchdb.boch.gov.tw/assets/advanceSearch/historicalBuilding/20040113000019"" target=""_blank"">http://nchdb.boch.gov.tw/assets/advanceSearch/historicalBuilding/20040113000019</a>","[{'classification': '指定/登錄', 'officialDocNo': '府文資字第0930534224號', 'registerDate': '2004-01-13 11:41:19.0'}, {'classification': '變更/修正', 'officialDocNo': '府文資字第10303236382號 ', 'registerDate': '2015-01-13 17:43:02.84', 'note': '行政改制'}, {'classification': '變更/修正', 'officialDocNo': '府文資字第1080019135號\t', 'registerDate': '2019-02-12 17:43:46.167', 'note': '變更登錄範圍'}]",集會堂,桃園市
346,20040113000019,大溪公會堂,"{'code': 'A22', 'name': '集會堂'}",<<歷史建築登錄廢止審查及輔助辦法>>第2條第1項第2、3款,121.285151057323,24.8818707117718,"{'itemNo': 2, 'cityName': '桃園市', 'distName': '大溪區', 'address': '普濟路37號（管理室）'}",桃園市政府文化局,文化資產科,桃園市桃園區縣府路21號,03-3322592分機8624,"<a href=""http://nchdb.boch.gov.tw/assets/advanceSearch/historicalBuilding/20040113000019"" target=""_blank"">http://nchdb.boch.gov.tw/assets/advanceSearch/historicalBuilding/20040113000019</a>","[{'classification': '指定/登錄', 'officialDocNo': '府文資字第0930534224號', 'registerDate': '2004-01-13 11:41:19.0'}, {'classification': '變更/修正', 'officialDocNo': '府文資字第10303236382號 ', 'registerDate': '2015-01-13 17:43:02.84', 'note': '行政改制'}, {'classification': '變更/修正', 'officialDocNo': '府文資字第1080019135號\t', 'registerDate': '2019-02-12 17:43:46.167', 'note': '變更登錄範圍'}]",集會堂,桃園市
347,20040113000020,大溪武德殿,"{'code': 'A99', 'name': '其他設施', 'other': '建築物類'}",<<歷史建築登錄廢止審查及輔助辦法>>第2條第1項第1、3、4款,121.2862223672052,24.881058157778277,"{'itemNo': 1, 'cityName': '桃園市', 'distName': '大溪區', 'address': '普濟路29號'}",桃園市政府文化局,文化資產科,桃園市桃園區縣府路21號,03-3322592分機8624,"<a href=""http://nchdb.boch.gov.tw/assets/advanceSearch/historicalBuilding/20040113000020"" target=""_blank"">http://nchdb.boch.gov.tw/assets/advanceSearch/historicalBuilding/20040113000020</a>","[{'classification': '指定/登錄', 'officialDocNo': '府文資字第0930534224號', 'registerDate': '2004-01-13 11:24:59.0'}, {'classification': '變更/修正', 'officialDocNo': '府文資字第10303236382號 ', 'registerDate': '2015-01-13 09:49:34.144', 'note': '行政改制'}, {'classification': '變更/修正', 'officialDocNo': '府文資字第1040325899號\t', 'registerDate': '2015-12-23 00:00:00.0', 'note': '變更登錄範圍'}]",其他設施,桃園市
347,20040113000020,大溪武德殿,"{'code': 'A99', 'name': '其他設施', 'other': '建築物類'}",<<歷史建築登錄廢止審查及輔助辦法>>第2條第1項第1、3、4款,121.2862223672052,24.881058157778277,"{'itemNo': 2, 'cityName': '桃園市', 'distName': '大溪區', 'address': '普濟路31號'}",桃園市政府文化局,文化資產科,桃園市桃園區縣府路21號,03-3322592分機8624,"<a href=""http://nchdb.boch.gov.tw/assets/advanceSearch/historicalBuilding/20040113000020"" target=""_blank"">http://nchdb.boch.gov.tw/assets/advanceSearch/historicalBuilding/20040113000020</a>","[{'classification': '指定/登錄', 'officialDocNo': '府文資字第0930534224號', 'registerDate': '2004-01-13 11:24:59.0'}, {'classification': '變更/修正', 'officialDocNo': '府文資字第10303236382號 ', 'registerDate': '2015-01-13 09:49:34.144', 'note': '行政改制'}, {'classification': '變更/修正', 'officialDocNo': '府文資字第1040325899號\t', 'registerDate': '2015-12-23 00:00:00.0', 'note': '變更登錄範圍'}]",其他設施,桃園市
347,20040113000020,大溪武德殿,"{'code': 'A99', 'name': '其他設施', 'other': '建築物類'}",<<歷史建築登錄廢止審查及輔助辦法>>第2條第1項第1、3、4款,121.2862223672052,24.881058157778277,"{'itemNo': 3, 'cityName': '桃園市', 'distName': '大溪區', 'address': '普濟路33-1號'}",桃園市政府文化局,文化資產科,桃園市桃園區縣府路21號,03-3322592分機8624,"<a href=""http://nchdb.boch.gov.tw/assets/advanceSearch/historicalBuilding/20040113000020"" target=""_blank"">http://nchdb.boch.gov.tw/assets/advanceSearch/historicalBuilding/20040113000020</a>","[{'classification': '指定/登錄', 'officialDocNo': '府文資字第0930534224號', 'registerDate': '2004-01-13 11:24:59.0'}, {'classification': '變更/修正', 'officialDocNo': '府文資字第10303236382號 ', 'registerDate': '2015-01-13 09:49:34.144', 'note': '行政改制'}, {'classification': '變更/修正', 'officialDocNo': '府文資字第1040325899號\t', 'registerDate': '2015-12-23 00:00:00.0', 'note': '變更登錄範圍'}]",其他設施,桃園市
347,20040113000020,大溪武德殿,"{'code': 'A99', 'name': '其他設施', 'other': '建築物類'}",<<歷史建築登錄廢止審查及輔助辦法>>第2條第1項第1、3、4款,121.2862223672052,24.881058157778277,"{'itemNo': 4, 'cityName': '桃園市', 'distName': '大溪區', 'address': '普濟路33-2號'}",桃園市政府文化局,文化資產科,桃園市桃園區縣府路21號,03-3322592分機8624,"<a href=""http://nchdb.boch.gov.tw/assets/advanceSearch/historicalBuilding/20040113000020"" target=""_blank"">http://nchdb.boch.gov.tw/assets/advanceSearch/historicalBuilding/20040113000020</a>","[{'classification': '指定/登錄', 'officialDocNo': '府文資字第0930534224號', 'registerDate': '2004-01-13 11:24:59.0'}, {'classification': '變更/修正', 'officialDocNo': '府文資字第10303236382號 ', 'registerDate': '2015-01-13 09:49:34.144', 'note': '行政改制'}, {'classification': '變更/修正', 'officialDocNo': '府文資字第1040325899號\t', 'registerDate': '2015-12-23 00:00:00.0', 'note': '變更登錄範圍'}]",其他設施,桃園市
347,20040113000020,大溪武德殿,"{'code': 'A99', 'name': '其他設施', 'other': '建築物類'}",<<歷史建築登錄廢止審查及輔助辦法>>第2條第1項第1、3、4款,121.2862223672052,24.881058157778277,"{'itemNo': 5, 'cityName': '桃園市', 'distName': '大溪區', 'address': '普濟路33-3(武德殿建築本體)'}",桃園市政府文化局,文化資產科,桃園市桃園區縣府路21號,03-3322592分機8624,"<a href=""http://nchdb.boch.gov.tw/assets/advanceSearch/historicalBuilding/20040113000020"" target=""_blank"">http://nchdb.boch.gov.tw/assets/advanceSearch/historicalBuilding/20040113000020</a>","[{'classification': '指定/登錄', 'officialDocNo': '府文資字第0930534224號', 'registerDate': '2004-01-13 11:24:59.0'}, {'classification': '變更/修正', 'officialDocNo': '府文資字第10303236382號 ', 'registerDate': '2015-01-13 09:49:34.144', 'note': '行政改制'}, {'classification': '變更/修正', 'officialDocNo': '府文資字第1040325899號\t', 'registerDate': '2015-12-23 00:00:00.0', 'note': '變更登錄範圍'}]",其他設施,桃園市
347,20040113000020,大溪武德殿,"{'code': 'A99', 'name': '其他設施', 'other': '建築物類'}",<<歷史建築登錄廢止審查及輔助辦法>>第2條第1項第1、3、4款,121.2862223672052,24.881058157778277,"{'itemNo': 6, 'cityName': '桃園市', 'distName': '大溪區', 'address': '普濟路35號'}",桃園市政府文化局,文化資產科,桃園市桃園區縣府路21號,03-3322592分機8624,"<a href=""http://nchdb.boch.gov.tw/assets/advanceSearch/historicalBuilding/20040113000020"" target=""_blank"">http://nchdb.boch.gov.tw/assets/advanceSearch/historicalBuilding/20040113000020</a>","[{'classification': '指定/登錄', 'officialDocNo': '府文資字第0930534224號', 'registerDate': '2004-01-13 11:24:59.0'}, {'classification': '變更/修正', 'officialDocNo': '府文資字第10303236382號 ', 'registerDate': '2015-01-13 09:49:34.144', 'note': '行政改制'}, {'classification': '變更/修正', 'officialDocNo': '府文資字第1040325899號\t', 'registerDate': '2015-12-23 00:00:00.0', 'note': '變更登錄範圍'}]",其他設施,桃園市
348,20040113000021,大溪石板古道,"{'code': 'A99', 'name': '其他設施', 'other': '歷史遺跡'}",文化資產保存法第27條之一、歷史建築登錄輔助辦法第7條、桃園縣政府92年9月15日桃園縣歷史建築登錄審查會議決議。,121.285611,24.886333,"{'itemNo': 1, 'cityName': '桃園市', 'distName': '大溪區', 'address': '普濟路41巷'}",桃園市政府文化局,文化資產科,桃園市桃園區縣府路21號,03-3322592#8624,"<a href=""http://nchdb.boch.gov.tw/assets/advanceSearch/historicalBuilding/20040113000021"" target=""_blank"">http://nchdb.boch.gov.tw/assets/advanceSearch/historicalBuilding/20040113000021</a>","[{'classification': '指定/登錄', 'officialDocNo': '府文資字第0930534224號', 'registerDate': '2004-01-13 10:50:05.0'}, {'classification': '變更/修正', 'officialDocNo': '府文資字第10303236382號 ', 'registerDate': '2015-01-13 09:55:30.18', 'note': '行政改制'}, {'classification': '變更/修正', 'officialDocNo': '府文資字第1100138209號\t', 'registerDate': '2021-06-07 09:56:06.468', 'note': '變更地號及面積'}]",其他設施,桃園市
349,20100415000001,大溪簡氏古厝,"{'code': 'A3', 'name': '宅第'}",文化資產保存法、歷史建築登錄廢止審查及輔助辦法、桃園縣99年度第2次文化資產審議委員會,121.275844799716,24.8454443835972,"{'itemNo': 1, 'cityName': '桃園市', 'distName': '大溪區', 'address': '康莊路3段583巷117號'}",桃園市政府文化局,文化資產科,桃園市桃園區縣府路21號,033322592#8610,"<a href=""http://nchdb.boch.gov.tw/assets/advanceSearch/historicalBuilding/20100415000001"" target=""_blank"">http://nchdb.boch.gov.tw/assets/advanceSearch/historicalBuilding/20100415000001</a>","[{'classification': '指定/登錄', 'officialDocNo': '府文資字第0991060603號', 'registerDate': '2010-04-15 16:44:42.0'}, {'classification': '變更/修正', 'officialDocNo': '府文資字第0991061251號', 'registerDate': '2010-06-30 00:00:00.0', 'note': '更正建築本體範圍'}, {'classification': '變更/修正', 'officialDocNo': '府文資字第10303236382號 ', 'registerDate': '2015-01-13 10:19:03.05', 'note': '行政改制'}]",宅第,桃園市
350,20090819000001,大溪和平路48、48-1號,"{'code': 'A3', 'name': '宅第'}",文化資產保存法、歷史建築登錄廢止審查及輔助辦法、桃園縣98年度第4次文化資產審議委員會,121.28778489810986,24.885053207766767,"{'itemNo': 1, 'cityName': '桃園市', 'distName': '大溪區', 'address': '和平路48號'}",桃園市政府文化局,文化局文化資產科,桃園市桃園區縣府路21號,03-3322592*8624,"<a href=""http://nchdb.boch.gov.tw/assets/advanceSearch/historicalBuilding/20090819000001"" target=""_blank"">http://nchdb.boch.gov.tw/assets/advanceSearch/historicalBuilding/20090819000001</a>","[{'classification': '指定/登錄', 'officialDocNo': '府文資字0981061967號', 'registerDate': '2009-08-26 00:00:00.0'}, {'classification': '變更/修正', 'officialDocNo': '府文資字10303236382號', 'registerDate': '2015-01-13 00:00:00.0', 'note': '行政改制'}]",宅第,桃園市
350,20090819000001,大溪和平路48、48-1號,"{'code': 'A3', 'name': '宅第'}",文化資產保存法、歷史建築登錄廢止審查及輔助辦法、桃園縣98年度第4次文化資產審議委員會,121.28778489810986,24.885053207766767,"{'itemNo': 2, 'cityName': '桃園市', 'distName': '大溪區', 'address': '和平路48-1號'}",桃園市政府文化局,文化局文化資產科,桃園市桃園區縣府路21號,03-3322592*8624,"<a href=""http://nchdb.boch.gov.tw/assets/advanceSearch/historicalBuilding/20090819000001"" target=""_blank"">http://nchdb.boch.gov.tw/assets/advanceSearch/historicalBuilding/20090819000001</a>","[{'classification': '指定/登錄', 'officialDocNo': '府文資字0981061967號', 'registerDate': '2009-08-26 00:00:00.0'}, {'classification': '變更/修正', 'officialDocNo': '府文資字10303236382號', 'registerDate': '2015-01-13 00:00:00.0', 'note': '行政改制'}]",宅第,桃園市
351,20090819000002,大溪和平路54號,"{'code': 'A3', 'name': '宅第'}",文化資產保存法、歷史建築登錄廢止審查及輔助辦法、桃園縣98年度第4次文化資產審議委員會,121.287602957778,24.8851602285116,"{'itemNo': 1, 'cityName': '桃園市', 'distName': '大溪區', 'address': '和平路54號'}",桃園市政府文化局,文化資產科,桃園市桃園區縣府路21號,03-3322592*8624,"<a href=""http://nchdb.boch.gov.tw/assets/advanceSearch/historicalBuilding/20090819000002"" target=""_blank"">http://nchdb.boch.gov.tw/assets/advanceSearch/historicalBuilding/20090819000002</a>","[{'classification': '指定/登錄', 'officialDocNo': '府文資字第0981061971號', 'registerDate': '2009-08-26 00:00:00.0'}, {'classification': '變更/修正', 'officialDocNo': '府文資字第10303236382號', 'registerDate': '2015-01-13 00:00:00.0', 'note': '行政改制'}]",宅第,桃園市
352,20090819000003,大溪中山路19號,"{'code': 'A3', 'name': '宅第'}",<<歷史建築登錄廢止審查及輔助辦法>>第2條第1項第1、2、3款,121.286790833295,24.8816595144937,"{'itemNo': 1, 'cityName': '桃園市', 'distName': '大溪區', 'address': '中山路19號'}",桃園市政府文化局,文化資產科,桃園市桃園區縣府路21號,03-3322592#8624,"<a href=""http://nchdb.boch.gov.tw/assets/advanceSearch/historicalBuilding/20090819000003"" target=""_blank"">http://nchdb.boch.gov.tw/assets/advanceSearch/historicalBuilding/20090819000003</a>","[{'classification': '指定/登錄', 'officialDocNo': '府文資字0981061972號', 'registerDate': '2009-08-26 00:00:00.0'}, {'classification': '變更/修正', 'officialDocNo': '府文資字第10303236382號', 'registerDate': '2015-01-13 00:00:00.0', 'note': '行政改制'}, {'classification': '變更/修正', 'officialDocNo': '府文資字第1130220793號', 'registerDate': '2024-08-20 00:00:00.0', 'note': '補充歷史建築範圍及面積、修正登錄理由'}]",宅第,桃園市
353,20081204000002,大溪中央路148號,"{'code': 'A99', 'name': '其他設施', 'other': '騎樓、牌樓'}",依據文化資產保存法、歷史建築登錄廢止審查及補助辦法，以及桃園縣97年度第5次文化資產審議委員會決議辦理。,121.28761,24.88269,"{'itemNo': 1, 'cityName': '桃園市', 'distName': '大溪區', 'address': '桃園市大溪區中央路148號'}",桃園市政府文化局,文化資產科,桃園市桃園區縣府路21號,3322592#8624,"<a href=""http://nchdb.boch.gov.tw/assets/advanceSearch/historicalBuilding/20081204000002"" target=""_blank"">http://nchdb.boch.gov.tw/assets/advanceSearch/historicalBuilding/20081204000002</a>","[{'classification': '指定/登錄', 'officialDocNo': '府文資字第0971062431號', 'registerDate': '2008-12-04 10:43:40.0'}, {'classification': '變更/修正', 'officialDocNo': '府文資字第0991060622號', 'registerDate': '2010-04-15 00:00:00.0', 'note': '更正地號及登錄面積'}, {'classification': '變更/修正', 'officialDocNo': '府文資字第10303236382號', 'registerDate': '2015-01-13 00:00:00.0', 'note': '行政改制'}]",其他設施,桃園市
354,20120829000001,大溪警察局宿舍群,"{'code': 'A3', 'name': '宅第'}",<<歷史建築登錄廢止審查及輔助辦法>>第2條第1項第1、2、3款,121.28667,24.880908,"{'itemNo': 1, 'cityName': '桃園市', 'distName': '大溪區', 'address': '普濟路5號'}",桃園市政府文化局, 文化資產科,桃園市桃園區縣府路21號,03-3322592#8624,"<a href=""http://nchdb.boch.gov.tw/assets/advanceSearch/historicalBuilding/20120829000001"" target=""_blank"">http://nchdb.boch.gov.tw/assets/advanceSearch/historicalBuilding/20120829000001</a>","[{'classification': '指定/登錄', 'officialDocNo': '府文資字第1011061709號', 'registerDate': '2012-08-29 00:00:00.0'}, {'classification': '變更/修正', 'officialDocNo': '府文資字第1030068950號', 'registerDate': '2014-04-08 00:00:00.0', 'note': '補行登錄範圍'}, {'classification': '變更/修正', 'officialDocNo': '府文資字第1030169624號', 'registerDate': '2014-07-24 00:00:00.0', 'note': '更正地址及種類範圍'}, {'classification': '變更/修正', 'officialDocNo': '府文資字第10303236382號 ', 'registerDate': '2015-01-13 10:53:50.681', 'note': '行政改制'}, {'classification': '變更/修正', 'officialDocNo': '府文資字第1050074359號\t', 'registerDate': '2016-04-15 10:54:27.149', 'note': '變更登錄範圍'}, {'classification': '變更/修正', 'officialDocNo': '府文資字第1070134714號\t', 'registerDate': '2018-06-19 00:00:00.0', 'note': '新增公告範圍'}, {'classification': '變更/修正', 'officialDocNo': '府文資字第1080221271號\t', 'registerDate': '2019-09-10 10:55:27.889', 'note': '補充13巷2-1號門牌'}]",宅第,桃園市
354,20120829000001,大溪警察局宿舍群,"{'code': 'A3', 'name': '宅第'}",<<歷史建築登錄廢止審查及輔助辦法>>第2條第1項第1、2、3款,121.28667,24.880908,"{'itemNo': 2, 'cityName': '桃園市', 'distName': '大溪區', 'address': '普濟路7號'}",桃園市政府文化局, 文化資產科,桃園市桃園區縣府路21號,03-3322592#8624,"<a href=""http://nchdb.boch.gov.tw/assets/advanceSearch/historicalBuilding/20120829000001"" target=""_blank"">http://nchdb.boch.gov.tw/assets/advanceSearch/historicalBuilding/20120829000001</a>","[{'classification': '指定/登錄', 'officialDocNo': '府文資字第1011061709號', 'registerDate': '2012-08-29 00:00:00.0'}, {'classification': '變更/修正', 'officialDocNo': '府文資字第1030068950號', 'registerDate': '2014-04-08 00:00:00.0', 'note': '補行登錄範圍'}, {'classification': '變更/修正', 'officialDocNo': '府文資字第1030169624號', 'registerDate': '2014-07-24 00:00:00.0', 'note': '更正地址及種類範圍'}, {'classification': '變更/修正', 'officialDocNo': '府文資字第10303236382號 ', 'registerDate': '2015-01-13 10:53:50.681', 'note': '行政改制'}, {'classification': '變更/修正', 'officialDocNo': '府文資字第1050074359號\t', 'registerDate': '2016-04-15 10:54:27.149', 'note': '變更登錄範圍'}, {'classification': '變更/修正', 'officialDocNo': '府文資字第1070134714號\t', 'registerDate': '2018-06-19 00:00:00.0', 'note': '新增公告範圍'}, {'classification': '變更/修正', 'officialDocNo': '府文資字第1080221271號\t', 'registerDate': '2019-09-10 10:55:27.889', 'note': '補充13巷2-1號門牌'}]",宅第,桃園市
354,20120829000001,大溪警察局宿舍群,"{'code': 'A3', 'name': '宅第'}",<<歷史建築登錄廢止審查及輔助辦法>>第2條第1項第1、2、3款,121.28667,24.880908,"{'itemNo': 3, 'cityName': '桃園市', 'distName': '大溪區', 'address': '普濟路17號'}",桃園市政府文化局, 文化資產科,桃園市桃園區縣府路21號,03-3322592#8624,"<a href=""http://nchdb.boch.gov.tw/assets/advanceSearch/historicalBuilding/20120829000001"" target=""_blank"">http://nchdb.boch.gov.tw/assets/advanceSearch/historicalBuilding/20120829000001</a>","[{'classification': '指定/登錄', 'officialDocNo': '府文資字第1011061709號', 'registerDate': '2012-08-29 00:00:00.0'}, {'classification': '變更/修正', 'officialDocNo': '府文資字第1030068950號', 'registerDate': '2014-04-08 00:00:00.0', 'note': '補行登錄範圍'}, {'classification': '變更/修正', 'officialDocNo': '府文資字第1030169624號', 'registerDate': '2014-07-24 00:00:00.0', 'note': '更正地址及種類範圍'}, {'classification': '變更/修正', 'officialDocNo': '府文資字第10303236382號 ', 'registerDate': '2015-01-13 10:53:50.681', 'note': '行政改制'}, {'classification': '變更/修正', 'officialDocNo': '府文資字第1050074359號\t', 'registerDate': '2016-04-15 10:54:27.149', 'note': '變更登錄範圍'}, {'classification': '變更/修正', 'officialDocNo': '府文資字第1070134714號\t', 'registerDate': '2018-06-19 00:00:00.0', 'note': '新增公告範圍'}, {'classification': '變更/修正', 'officialDocNo': '府文資字第1080221271號\t', 'registerDate': '2019-09-10 10:55:27.889', 'note': '補充13巷2-1號門牌'}]",宅第,桃園市
354,20120829000001,大溪警察局宿舍群,"{'code': 'A3', 'name': '宅第'}",<<歷史建築登錄廢止審查及輔助辦法>>第2條第1項第1、2、3款,121.28667,24.880908,"{'itemNo': 4, 'cityName': '桃園市', 'distName': '大溪區', 'address': '普濟路19號'}",桃園市政府文化局, 文化資產科,桃園市桃園區縣府路21號,03-3322592#8624,"<a href=""http://nchdb.boch.gov.tw/assets/advanceSearch/historicalBuilding/20120829000001"" target=""_blank"">http://nchdb.boch.gov.tw/assets/advanceSearch/historicalBuilding/20120829000001</a>","[{'classification': '指定/登錄', 'officialDocNo': '府文資字第1011061709號', 'registerDate': '2012-08-29 00:00:00.0'}, {'classification': '變更/修正', 'officialDocNo': '府文資字第1030068950號', 'registerDate': '2014-04-08 00:00:00.0', 'note': '補行登錄範圍'}, {'classification': '變更/修正', 'officialDocNo': '府文資字第1030169624號', 'registerDate': '2014-07-24 00:00:00.0', 'note': '更正地址及種類範圍'}, {'classification': '變更/修正', 'officialDocNo': '府文資字第10303236382號 ', 'registerDate': '2015-01-13 10:53:50.681', 'note': '行政改制'}, {'classification': '變更/修正', 'officialDocNo': '府文資字第1050074359號\t', 'registerDate': '2016-04-15 10:54:27.149', 'note': '變更登錄範圍'}, {'classification': '變更/修正', 'officialDocNo': '府文資字第1070134714號\t', 'registerDate': '2018-06-19 00:00:00.0', 'note': '新增公告範圍'}, {'classification': '變更/修正', 'officialDocNo': '府文資字第1080221271號\t', 'registerDate': '2019-09-10 10:55:27.889', 'note': '補充13巷2-1號門牌'}]",宅第,桃園市
354,20120829000001,大溪警察局宿舍群,"{'code': 'A3', 'name': '宅第'}",<<歷史建築登錄廢止審查及輔助辦法>>第2條第1項第1、2、3款,121.28667,24.880908,"{'itemNo': 5, 'cityName': '桃園市', 'distName': '大溪區', 'address': '普濟路21號'}",桃園市政府文化局, 文化資產科,桃園市桃園區縣府路21號,03-3322592#8624,"<a href=""http://nchdb.boch.gov.tw/assets/advanceSearch/historicalBuilding/20120829000001"" target=""_blank"">http://nchdb.boch.gov.tw/assets/advanceSearch/historicalBuilding/20120829000001</a>","[{'classification': '指定/登錄', 'officialDocNo': '府文資字第1011061709號', 'registerDate': '2012-08-29 00:00:00.0'}, {'classification': '變更/修正', 'officialDocNo': '府文資字第1030068950號', 'registerDate': '2014-04-08 00:00:00.0', 'note': '補行登錄範圍'}, {'classification': '變更/修正', 'officialDocNo': '府文資字第1030169624號', 'registerDate': '2014-07-24 00:00:00.0', 'note': '更正地址及種類範圍'}, {'classification': '變更/修正', 'officialDocNo': '府文資字第10303236382號 ', 'registerDate': '2015-01-13 10:53:50.681', 'note': '行政改制'}, {'classification': '變更/修正', 'officialDocNo': '府文資字第1050074359號\t', 'registerDate': '2016-04-15 10:54:27.149', 'note': '變更登錄範圍'}, {'classification': '變更/修正', 'officialDocNo': '府文資字第1070134714號\t', 'registerDate': '2018-06-19 00:00:00.0', 'note': '新增公告範圍'}, {'classification': '變更/修正', 'officialDocNo': '府文資字第1080221271號\t', 'registerDate': '2019-09-10 10:55:27.889', 'note': '補充13巷2-1號門牌'}]",宅第,桃園市
354,20120829000001,大溪警察局宿舍群,"{'code': 'A3', 'name': '宅第'}",<<歷史建築登錄廢止審查及輔助辦法>>第2條第1項第1、2、3款,121.28667,24.880908,"{'itemNo': 6, 'cityName': '桃園市', 'distName': '大溪區', 'address': '普濟路23號'}",桃園市政府文化局, 文化資產科,桃園市桃園區縣府路21號,03-3322592#8624,"<a href=""http://nchdb.boch.gov.tw/assets/advanceSearch/historicalBuilding/20120829000001"" target=""_blank"">http://nchdb.boch.gov.tw/assets/advanceSearch/historicalBuilding/20120829000001</a>","[{'classification': '指定/登錄', 'officialDocNo': '府文資字第1011061709號', 'registerDate': '2012-08-29 00:00:00.0'}, {'classification': '變更/修正', 'officialDocNo': '府文資字第1030068950號', 'registerDate': '2014-04-08 00:00:00.0', 'note': '補行登錄範圍'}, {'classification': '變更/修正', 'officialDocNo': '府文資字第1030169624號', 'registerDate': '2014-07-24 00:00:00.0', 'note': '更正地址及種類範圍'}, {'classification': '變更/修正', 'officialDocNo': '府文資字第10303236382號 ', 'registerDate': '2015-01-13 10:53:50.681', 'note': '行政改制'}, {'classification': '變更/修正', 'officialDocNo': '府文資字第1050074359號\t', 'registerDate': '2016-04-15 10:54:27.149', 'note': '變更登錄範圍'}, {'classification': '變更/修正', 'officialDocNo': '府文資字第1070134714號\t', 'registerDate': '2018-06-19 00:00:00.0', 'note': '新增公告範圍'}, {'classification': '變更/修正', 'officialDocNo': '府文資字第1080221271號\t', 'registerDate': '2019-09-10 10:55:27.889', 'note': '補充13巷2-1號門牌'}]",宅第,桃園市
354,20120829000001,大溪警察局宿舍群,"{'code': 'A3', 'name': '宅第'}",<<歷史建築登錄廢止審查及輔助辦法>>第2條第1項第1、2、3款,121.28667,24.880908,"{'itemNo': 7, 'cityName': '桃園市', 'distName': '大溪區', 'address': '普濟路23-1號'}",桃園市政府文化局, 文化資產科,桃園市桃園區縣府路21號,03-3322592#8624,"<a href=""http://nchdb.boch.gov.tw/assets/advanceSearch/historicalBuilding/20120829000001"" target=""_blank"">http://nchdb.boch.gov.tw/assets/advanceSearch/historicalBuilding/20120829000001</a>","[{'classification': '指定/登錄', 'officialDocNo': '府文資字第1011061709號', 'registerDate': '2012-08-29 00:00:00.0'}, {'classification': '變更/修正', 'officialDocNo': '府文資字第1030068950號', 'registerDate': '2014-04-08 00:00:00.0', 'note': '補行登錄範圍'}, {'classification': '變更/修正', 'officialDocNo': '府文資字第1030169624號', 'registerDate': '2014-07-24 00:00:00.0', 'note': '更正地址及種類範圍'}, {'classification': '變更/修正', 'officialDocNo': '府文資字第10303236382號 ', 'registerDate': '2015-01-13 10:53:50.681', 'note': '行政改制'}, {'classification': '變更/修正', 'officialDocNo': '府文資字第1050074359號\t', 'registerDate': '2016-04-15 10:54:27.149', 'note': '變更登錄範圍'}, {'classification': '變更/修正', 'officialDocNo': '府文資字第1070134714號\t', 'registerDate': '2018-06-19 00:00:00.0', 'note': '新增公告範圍'}, {'classification': '變更/修正', 'officialDocNo': '府文資字第1080221271號\t', 'registerDate': '2019-09-10 10:55:27.889', 'note': '補充13巷2-1號門牌'}]",宅第,桃園市
354,20120829000001,大溪警察局宿舍群,"{'code': 'A3', 'name': '宅第'}",<<歷史建築登錄廢止審查及輔助辦法>>第2條第1項第1、2、3款,121.28667,24.880908,"{'itemNo': 8, 'cityName': '桃園市', 'distName': '大溪區', 'address': '普濟路25號'}",桃園市政府文化局, 文化資產科,桃園市桃園區縣府路21號,03-3322592#8624,"<a href=""http://nchdb.boch.gov.tw/assets/advanceSearch/historicalBuilding/20120829000001"" target=""_blank"">http://nchdb.boch.gov.tw/assets/advanceSearch/historicalBuilding/20120829000001</a>","[{'classification': '指定/登錄', 'officialDocNo': '府文資字第1011061709號', 'registerDate': '2012-08-29 00:00:00.0'}, {'classification': '變更/修正', 'officialDocNo': '府文資字第1030068950號', 'registerDate': '2014-04-08 00:00:00.0', 'note': '補行登錄範圍'}, {'classification': '變更/修正', 'officialDocNo': '府文資字第1030169624號', 'registerDate': '2014-07-24 00:00:00.0', 'note': '更正地址及種類範圍'}, {'classification': '變更/修正', 'officialDocNo': '府文資字第10303236382號 ', 'registerDate': '2015-01-13 10:53:50.681', 'note': '行政改制'}, {'classification': '變更/修正', 'officialDocNo': '府文資字第1050074359號\t', 'registerDate': '2016-04-15 10:54:27.149', 'note': '變更登錄範圍'}, {'classification': '變更/修正', 'officialDocNo': '府文資字第1070134714號\t', 'registerDate': '2018-06-19 00:00:00.0', 'note': '新增公告範圍'}, {'classification': '變更/修正', 'officialDocNo': '府文資字第1080221271號\t', 'registerDate': '2019-09-10 10:55:27.889', 'note': '補充13巷2-1號門牌'}]",宅第,桃園市
354,20120829000001,大溪警察局宿舍群,"{'code': 'A3', 'name': '宅第'}",<<歷史建築登錄廢止審查及輔助辦法>>第2條第1項第1、2、3款,121.28667,24.880908,"{'itemNo': 9, 'cityName': '桃園市', 'distName': '大溪區', 'address': '普濟路27號'}",桃園市政府文化局, 文化資產科,桃園市桃園區縣府路21號,03-3322592#8624,"<a href=""http://nchdb.boch.gov.tw/assets/advanceSearch/historicalBuilding/20120829000001"" target=""_blank"">http://nchdb.boch.gov.tw/assets/advanceSearch/historicalBuilding/20120829000001</a>","[{'classification': '指定/登錄', 'officialDocNo': '府文資字第1011061709號', 'registerDate': '2012-08-29 00:00:00.0'}, {'classification': '變更/修正', 'officialDocNo': '府文資字第1030068950號', 'registerDate': '2014-04-08 00:00:00.0', 'note': '補行登錄範圍'}, {'classification': '變更/修正', 'officialDocNo': '府文資字第1030169624號', 'registerDate': '2014-07-24 00:00:00.0', 'note': '更正地址及種類範圍'}, {'classification': '變更/修正', 'officialDocNo': '府文資字第10303236382號 ', 'registerDate': '2015-01-13 10:53:50.681', 'note': '行政改制'}, {'classification': '變更/修正', 'officialDocNo': '府文資字第1050074359號\t', 'registerDate': '2016-04-15 10:54:27.149', 'note': '變更登錄範圍'}, {'classification': '變更/修正', 'officialDocNo': '府文資字第1070134714號\t', 'registerDate': '2018-06-19 00:00:00.0', 'note': '新增公告範圍'}, {'classification': '變更/修正', 'officialDocNo': '府文資字第1080221271號\t', 'registerDate': '2019-09-10 10:55:27.889', 'note': '補充13巷2-1號門牌'}]",宅第,桃園市
354,20120829000001,大溪警察局宿舍群,"{'code': 'A3', 'name': '宅第'}",<<歷史建築登錄廢止審查及輔助辦法>>第2條第1項第1、2、3款,121.28667,24.880908,"{'itemNo': 10, 'cityName': '桃園市', 'distName': '大溪區', 'address': '普濟路52號'}",桃園市政府文化局, 文化資產科,桃園市桃園區縣府路21號,03-3322592#8624,"<a href=""http://nchdb.boch.gov.tw/assets/advanceSearch/historicalBuilding/20120829000001"" target=""_blank"">http://nchdb.boch.gov.tw/assets/advanceSearch/historicalBuilding/20120829000001</a>","[{'classification': '指定/登錄', 'officialDocNo': '府文資字第1011061709號', 'registerDate': '2012-08-29 00:00:00.0'}, {'classification': '變更/修正', 'officialDocNo': '府文資字第1030068950號', 'registerDate': '2014-04-08 00:00:00.0', 'note': '補行登錄範圍'}, {'classification': '變更/修正', 'officialDocNo': '府文資字第1030169624號', 'registerDate': '2014-07-24 00:00:00.0', 'note': '更正地址及種類範圍'}, {'classification': '變更/修正', 'officialDocNo': '府文資字第10303236382號 ', 'registerDate': '2015-01-13 10:53:50.681', 'note': '行政改制'}, {'classification': '變更/修正', 'officialDocNo': '府文資字第1050074359號\t', 'registerDate': '2016-04-15 10:54:27.149', 'note': '變更登錄範圍'}, {'classification': '變更/修正', 'officialDocNo': '府文資字第1070134714號\t', 'registerDate': '2018-06-19 00:00:00.0', 'note': '新增公告範圍'}, {'classification': '變更/修正', 'officialDocNo': '府文資字第1080221271號\t', 'registerDate': '2019-09-10 10:55:27.889', 'note': '補充13巷2-1號門牌'}]",宅第,桃園市
354,20120829000001,大溪警察局宿舍群,"{'code': 'A3', 'name': '宅第'}",<<歷史建築登錄廢止審查及輔助辦法>>第2條第1項第1、2、3款,121.28667,24.880908,"{'itemNo': 11, 'cityName': '桃園市', 'distName': '大溪區', 'address': '普濟路13巷1號'}",桃園市政府文化局, 文化資產科,桃園市桃園區縣府路21號,03-3322592#8624,"<a href=""http://nchdb.boch.gov.tw/assets/advanceSearch/historicalBuilding/20120829000001"" target=""_blank"">http://nchdb.boch.gov.tw/assets/advanceSearch/historicalBuilding/20120829000001</a>","[{'classification': '指定/登錄', 'officialDocNo': '府文資字第1011061709號', 'registerDate': '2012-08-29 00:00:00.0'}, {'classification': '變更/修正', 'officialDocNo': '府文資字第1030068950號', 'registerDate': '2014-04-08 00:00:00.0', 'note': '補行登錄範圍'}, {'classification': '變更/修正', 'officialDocNo': '府文資字第1030169624號', 'registerDate': '2014-07-24 00:00:00.0', 'note': '更正地址及種類範圍'}, {'classification': '變更/修正', 'officialDocNo': '府文資字第10303236382號 ', 'registerDate': '2015-01-13 10:53:50.681', 'note': '行政改制'}, {'classification': '變更/修正', 'officialDocNo': '府文資字第1050074359號\t', 'registerDate': '2016-04-15 10:54:27.149', 'note': '變更登錄範圍'}, {'classification': '變更/修正', 'officialDocNo': '府文資字第1070134714號\t', 'registerDate': '2018-06-19 00:00:00.0', 'note': '新增公告範圍'}, {'classification': '變更/修正', 'officialDocNo': '府文資字第1080221271號\t', 'registerDate': '2019-09-10 10:55:27.889', 'note': '補充13巷2-1號門牌'}]",宅第,桃園市
354,20120829000001,大溪警察局宿舍群,"{'code': 'A3', 'name': '宅第'}",<<歷史建築登錄廢止審查及輔助辦法>>第2條第1項第1、2、3款,121.28667,24.880908,"{'itemNo': 12, 'cityName': '桃園市', 'distName': '大溪區', 'address': '普濟路13巷2號'}",桃園市政府文化局, 文化資產科,桃園市桃園區縣府路21號,03-3322592#8624,"<a href=""http://nchdb.boch.gov.tw/assets/advanceSearch/historicalBuilding/20120829000001"" target=""_blank"">http://nchdb.boch.gov.tw/assets/advanceSearch/historicalBuilding/20120829000001</a>","[{'classification': '指定/登錄', 'officialDocNo': '府文資字第1011061709號', 'registerDate': '2012-08-29 00:00:00.0'}, {'classification': '變更/修正', 'officialDocNo': '府文資字第1030068950號', 'registerDate': '2014-04-08 00:00:00.0', 'note': '補行登錄範圍'}, {'classification': '變更/修正', 'officialDocNo': '府文資字第1030169624號', 'registerDate': '2014-07-24 00:00:00.0', 'note': '更正地址及種類範圍'}, {'classification': '變更/修正', 'officialDocNo': '府文資字第10303236382號 ', 'registerDate': '2015-01-13 10:53:50.681', 'note': '行政改制'}, {'classification': '變更/修正', 'officialDocNo': '府文資字第1050074359號\t', 'registerDate': '2016-04-15 10:54:27.149', 'note': '變更登錄範圍'}, {'classification': '變更/修正', 'officialDocNo': '府文資字第1070134714號\t', 'registerDate': '2018-06-19 00:00:00.0', 'note': '新增公告範圍'}, {'classification': '變更/修正', 'officialDocNo': '府文資字第1080221271號\t', 'registerDate': '2019-09-10 10:55:27.889', 'note': '補充13巷2-1號門牌'}]",宅第,桃園市
354,20120829000001,大溪警察局宿舍群,"{'code': 'A3', 'name': '宅第'}",<<歷史建築登錄廢止審查及輔助辦法>>第2條第1項第1、2、3款,121.28667,24.880908,"{'itemNo': 13, 'cityName': '桃園市', 'distName': '大溪區', 'address': '普濟路13巷2-1號'}",桃園市政府文化局, 文化資產科,桃園市桃園區縣府路21號,03-3322592#8624,"<a href=""http://nchdb.boch.gov.tw/assets/advanceSearch/historicalBuilding/20120829000001"" target=""_blank"">http://nchdb.boch.gov.tw/assets/advanceSearch/historicalBuilding/20120829000001</a>","[{'classification': '指定/登錄', 'officialDocNo': '府文資字第1011061709號', 'registerDate': '2012-08-29 00:00:00.0'}, {'classification': '變更/修正', 'officialDocNo': '府文資字第1030068950號', 'registerDate': '2014-04-08 00:00:00.0', 'note': '補行登錄範圍'}, {'classification': '變更/修正', 'officialDocNo': '府文資字第1030169624號', 'registerDate': '2014-07-24 00:00:00.0', 'note': '更正地址及種類範圍'}, {'classification': '變更/修正', 'officialDocNo': '府文資字第10303236382號 ', 'registerDate': '2015-01-13 10:53:50.681', 'note': '行政改制'}, {'classification': '變更/修正', 'officialDocNo': '府文資字第1050074359號\t', 'registerDate': '2016-04-15 10:54:27.149', 'note': '變更登錄範圍'}, {'classification': '變更/修正', 'officialDocNo': '府文資字第1070134714號\t', 'registerDate': '2018-06-19 00:00:00.0', 'note': '新增公告範圍'}, {'classification': '變更/修正', 'officialDocNo': '府文資字第1080221271號\t', 'registerDate': '2019-09-10 10:55:27.889', 'note': '補充13巷2-1號門牌'}]",宅第,桃園市
354,20120829000001,大溪警察局宿舍群,"{'code': 'A3', 'name': '宅第'}",<<歷史建築登錄廢止審查及輔助辦法>>第2條第1項第1、2、3款,121.28667,24.880908,"{'itemNo': 14, 'cityName': '桃園市', 'distName': '大溪區', 'address': '普濟路13巷3號'}",桃園市政府文化局, 文化資產科,桃園市桃園區縣府路21號,03-3322592#8624,"<a href=""http://nchdb.boch.gov.tw/assets/advanceSearch/historicalBuilding/20120829000001"" target=""_blank"">http://nchdb.boch.gov.tw/assets/advanceSearch/historicalBuilding/20120829000001</a>","[{'classification': '指定/登錄', 'officialDocNo': '府文資字第1011061709號', 'registerDate': '2012-08-29 00:00:00.0'}, {'classification': '變更/修正', 'officialDocNo': '府文資字第1030068950號', 'registerDate': '2014-04-08 00:00:00.0', 'note': '補行登錄範圍'}, {'classification': '變更/修正', 'officialDocNo': '府文資字第1030169624號', 'registerDate': '2014-07-24 00:00:00.0', 'note': '更正地址及種類範圍'}, {'classification': '變更/修正', 'officialDocNo': '府文資字第10303236382號 ', 'registerDate': '2015-01-13 10:53:50.681', 'note': '行政改制'}, {'classification': '變更/修正', 'officialDocNo': '府文資字第1050074359號\t', 'registerDate': '2016-04-15 10:54:27.149', 'note': '變更登錄範圍'}, {'classification': '變更/修正', 'officialDocNo': '府文資字第1070134714號\t', 'registerDate': '2018-06-19 00:00:00.0', 'note': '新增公告範圍'}, {'classification': '變更/修正', 'officialDocNo': '府文資字第1080221271號\t', 'registerDate': '2019-09-10 10:55:27.889', 'note': '補充13巷2-1號門牌'}]",宅第,桃園市
354,20120829000001,大溪警察局宿舍群,"{'code': 'A3', 'name': '宅第'}",<<歷史建築登錄廢止審查及輔助辦法>>第2條第1項第1、2、3款,121.28667,24.880908,"{'itemNo': 15, 'cityName': '桃園市', 'distName': '大溪區', 'address': '普濟路13巷5號'}",桃園市政府文化局, 文化資產科,桃園市桃園區縣府路21號,03-3322592#8624,"<a href=""http://nchdb.boch.gov.tw/assets/advanceSearch/historicalBuilding/20120829000001"" target=""_blank"">http://nchdb.boch.gov.tw/assets/advanceSearch/historicalBuilding/20120829000001</a>","[{'classification': '指定/登錄', 'officialDocNo': '府文資字第1011061709號', 'registerDate': '2012-08-29 00:00:00.0'}, {'classification': '變更/修正', 'officialDocNo': '府文資字第1030068950號', 'registerDate': '2014-04-08 00:00:00.0', 'note': '補行登錄範圍'}, {'classification': '變更/修正', 'officialDocNo': '府文資字第1030169624號', 'registerDate': '2014-07-24 00:00:00.0', 'note': '更正地址及種類範圍'}, {'classification': '變更/修正', 'officialDocNo': '府文資字第10303236382號 ', 'registerDate': '2015-01-13 10:53:50.681', 'note': '行政改制'}, {'classification': '變更/修正', 'officialDocNo': '府文資字第1050074359號\t', 'registerDate': '2016-04-15 10:54:27.149', 'note': '變更登錄範圍'}, {'classification': '變更/修正', 'officialDocNo': '府文資字第1070134714號\t', 'registerDate': '2018-06-19 00:00:00.0', 'note': '新增公告範圍'}, {'classification': '變更/修正', 'officialDocNo': '府文資字第1080221271號\t', 'registerDate': '2019-09-10 10:55:27.889', 'note': '補充13巷2-1號門牌'}]",宅第,桃園市
354,20120829000001,大溪警察局宿舍群,"{'code': 'A3', 'name': '宅第'}",<<歷史建築登錄廢止審查及輔助辦法>>第2條第1項第1、2、3款,121.28667,24.880908,"{'itemNo': 16, 'cityName': '桃園市', 'distName': '大溪區', 'address': '普濟路13巷6號'}",桃園市政府文化局, 文化資產科,桃園市桃園區縣府路21號,03-3322592#8624,"<a href=""http://nchdb.boch.gov.tw/assets/advanceSearch/historicalBuilding/20120829000001"" target=""_blank"">http://nchdb.boch.gov.tw/assets/advanceSearch/historicalBuilding/20120829000001</a>","[{'classification': '指定/登錄', 'officialDocNo': '府文資字第1011061709號', 'registerDate': '2012-08-29 00:00:00.0'}, {'classification': '變更/修正', 'officialDocNo': '府文資字第1030068950號', 'registerDate': '2014-04-08 00:00:00.0', 'note': '補行登錄範圍'}, {'classification': '變更/修正', 'officialDocNo': '府文資字第1030169624號', 'registerDate': '2014-07-24 00:00:00.0', 'note': '更正地址及種類範圍'}, {'classification': '變更/修正', 'officialDocNo': '府文資字第10303236382號 ', 'registerDate': '2015-01-13 10:53:50.681', 'note': '行政改制'}, {'classification': '變更/修正', 'officialDocNo': '府文資字第1050074359號\t', 'registerDate': '2016-04-15 10:54:27.149', 'note': '變更登錄範圍'}, {'classification': '變更/修正', 'officialDocNo': '府文資字第1070134714號\t', 'registerDate': '2018-06-19 00:00:00.0', 'note': '新增公告範圍'}, {'classification': '變更/修正', 'officialDocNo': '府文資字第1080221271號\t', 'registerDate': '2019-09-10 10:55:27.889', 'note': '補充13巷2-1號門牌'}]",宅第,桃園市
354,20120829000001,大溪警察局宿舍群,"{'code': 'A3', 'name': '宅第'}",<<歷史建築登錄廢止審查及輔助辦法>>第2條第1項第1、2、3款,121.28667,24.880908,"{'itemNo': 17, 'cityName': '桃園市', 'distName': '大溪區', 'address': '普濟路13巷7號'}",桃園市政府文化局, 文化資產科,桃園市桃園區縣府路21號,03-3322592#8624,"<a href=""http://nchdb.boch.gov.tw/assets/advanceSearch/historicalBuilding/20120829000001"" target=""_blank"">http://nchdb.boch.gov.tw/assets/advanceSearch/historicalBuilding/20120829000001</a>","[{'classification': '指定/登錄', 'officialDocNo': '府文資字第1011061709號', 'registerDate': '2012-08-29 00:00:00.0'}, {'classification': '變更/修正', 'officialDocNo': '府文資字第1030068950號', 'registerDate': '2014-04-08 00:00:00.0', 'note': '補行登錄範圍'}, {'classification': '變更/修正', 'officialDocNo': '府文資字第1030169624號', 'registerDate': '2014-07-24 00:00:00.0', 'note': '更正地址及種類範圍'}, {'classification': '變更/修正', 'officialDocNo': '府文資字第10303236382號 ', 'registerDate': '2015-01-13 10:53:50.681', 'note': '行政改制'}, {'classification': '變更/修正', 'officialDocNo': '府文資字第1050074359號\t', 'registerDate': '2016-04-15 10:54:27.149', 'note': '變更登錄範圍'}, {'classification': '變更/修正', 'officialDocNo': '府文資字第1070134714號\t', 'registerDate': '2018-06-19 00:00:00.0', 'note': '新增公告範圍'}, {'classification': '變更/修正', 'officialDocNo': '府文資字第1080221271號\t', 'registerDate': '2019-09-10 10:55:27.889', 'note': '補充13巷2-1號門牌'}]",宅第,桃園市
354,20120829000001,大溪警察局宿舍群,"{'code': 'A3', 'name': '宅第'}",<<歷史建築登錄廢止審查及輔助辦法>>第2條第1項第1、2、3款,121.28667,24.880908,"{'itemNo': 18, 'cityName': '桃園市', 'distName': '大溪區', 'address': '普濟路13巷9號'}",桃園市政府文化局, 文化資產科,桃園市桃園區縣府路21號,03-3322592#8624,"<a href=""http://nchdb.boch.gov.tw/assets/advanceSearch/historicalBuilding/20120829000001"" target=""_blank"">http://nchdb.boch.gov.tw/assets/advanceSearch/historicalBuilding/20120829000001</a>","[{'classification': '指定/登錄', 'officialDocNo': '府文資字第1011061709號', 'registerDate': '2012-08-29 00:00:00.0'}, {'classification': '變更/修正', 'officialDocNo': '府文資字第1030068950號', 'registerDate': '2014-04-08 00:00:00.0', 'note': '補行登錄範圍'}, {'classification': '變更/修正', 'officialDocNo': '府文資字第1030169624號', 'registerDate': '2014-07-24 00:00:00.0', 'note': '更正地址及種類範圍'}, {'classification': '變更/修正', 'officialDocNo': '府文資字第10303236382號 ', 'registerDate': '2015-01-13 10:53:50.681', 'note': '行政改制'}, {'classification': '變更/修正', 'officialDocNo': '府文資字第1050074359號\t', 'registerDate': '2016-04-15 10:54:27.149', 'note': '變更登錄範圍'}, {'classification': '變更/修正', 'officialDocNo': '府文資字第1070134714號\t', 'registerDate': '2018-06-19 00:00:00.0', 'note': '新增公告範圍'}, {'classification': '變更/修正', 'officialDocNo': '府文資字第1080221271號\t', 'registerDate': '2019-09-10 10:55:27.889', 'note': '補充13巷2-1號門牌'}]",宅第,桃園市
354,20120829000001,大溪警察局宿舍群,"{'code': 'A3', 'name': '宅第'}",<<歷史建築登錄廢止審查及輔助辦法>>第2條第1項第1、2、3款,121.28667,24.880908,"{'itemNo': 19, 'cityName': '桃園市', 'distName': '大溪區', 'address': '普濟路13巷11號'}",桃園市政府文化局, 文化資產科,桃園市桃園區縣府路21號,03-3322592#8624,"<a href=""http://nchdb.boch.gov.tw/assets/advanceSearch/historicalBuilding/20120829000001"" target=""_blank"">http://nchdb.boch.gov.tw/assets/advanceSearch/historicalBuilding/20120829000001</a>","[{'classification': '指定/登錄', 'officialDocNo': '府文資字第1011061709號', 'registerDate': '2012-08-29 00:00:00.0'}, {'classification': '變更/修正', 'officialDocNo': '府文資字第1030068950號', 'registerDate': '2014-04-08 00:00:00.0', 'note': '補行登錄範圍'}, {'classification': '變更/修正', 'officialDocNo': '府文資字第1030169624號', 'registerDate': '2014-07-24 00:00:00.0', 'note': '更正地址及種類範圍'}, {'classification': '變更/修正', 'officialDocNo': '府文資字第10303236382號 ', 'registerDate': '2015-01-13 10:53:50.681', 'note': '行政改制'}, {'classification': '變更/修正', 'officialDocNo': '府文資字第1050074359號\t', 'registerDate': '2016-04-15 10:54:27.149', 'note': '變更登錄範圍'}, {'classification': '變更/修正', 'officialDocNo': '府文資字第1070134714號\t', 'registerDate': '2018-06-19 00:00:00.0', 'note': '新增公告範圍'}, {'classification': '變更/修正', 'officialDocNo': '府文資字第1080221271號\t', 'registerDate': '2019-09-10 10:55:27.889', 'note': '補充13巷2-1號門牌'}]",宅第,桃園市
354,20120829000001,大溪警察局宿舍群,"{'code': 'A3', 'name': '宅第'}",<<歷史建築登錄廢止審查及輔助辦法>>第2條第1項第1、2、3款,121.28667,24.880908,"{'itemNo': 20, 'cityName': '桃園市', 'distName': '大溪區', 'address': '普濟路13巷13號'}",桃園市政府文化局, 文化資產科,桃園市桃園區縣府路21號,03-3322592#8624,"<a href=""http://nchdb.boch.gov.tw/assets/advanceSearch/historicalBuilding/20120829000001"" target=""_blank"">http://nchdb.boch.gov.tw/assets/advanceSearch/historicalBuilding/20120829000001</a>","[{'classification': '指定/登錄', 'officialDocNo': '府文資字第1011061709號', 'registerDate': '2012-08-29 00:00:00.0'}, {'classification': '變更/修正', 'officialDocNo': '府文資字第1030068950號', 'registerDate': '2014-04-08 00:00:00.0', 'note': '補行登錄範圍'}, {'classification': '變更/修正', 'officialDocNo': '府文資字第1030169624號', 'registerDate': '2014-07-24 00:00:00.0', 'note': '更正地址及種類範圍'}, {'classification': '變更/修正', 'officialDocNo': '府文資字第10303236382號 ', 'registerDate': '2015-01-13 10:53:50.681', 'note': '行政改制'}, {'classification': '變更/修正', 'officialDocNo': '府文資字第1050074359號\t', 'registerDate': '2016-04-15 10:54:27.149', 'note': '變更登錄範圍'}, {'classification': '變更/修正', 'officialDocNo': '府文資字第1070134714號\t', 'registerDate': '2018-06-19 00:00:00.0', 'note': '新增公告範圍'}, {'classification': '變更/修正', 'officialDocNo': '府文資字第1080221271號\t', 'registerDate': '2019-09-10 10:55:27.889', 'note': '補充13巷2-1號門牌'}]",宅第,桃園市
354,20120829000001,大溪警察局宿舍群,"{'code': 'A3', 'name': '宅第'}",<<歷史建築登錄廢止審查及輔助辦法>>第2條第1項第1、2、3款,121.28667,24.880908,"{'itemNo': 21, 'cityName': '桃園市', 'distName': '大溪區', 'address': '普濟路13巷15號'}",桃園市政府文化局, 文化資產科,桃園市桃園區縣府路21號,03-3322592#8624,"<a href=""http://nchdb.boch.gov.tw/assets/advanceSearch/historicalBuilding/20120829000001"" target=""_blank"">http://nchdb.boch.gov.tw/assets/advanceSearch/historicalBuilding/20120829000001</a>","[{'classification': '指定/登錄', 'officialDocNo': '府文資字第1011061709號', 'registerDate': '2012-08-29 00:00:00.0'}, {'classification': '變更/修正', 'officialDocNo': '府文資字第1030068950號', 'registerDate': '2014-04-08 00:00:00.0', 'note': '補行登錄範圍'}, {'classification': '變更/修正', 'officialDocNo': '府文資字第1030169624號', 'registerDate': '2014-07-24 00:00:00.0', 'note': '更正地址及種類範圍'}, {'classification': '變更/修正', 'officialDocNo': '府文資字第10303236382號 ', 'registerDate': '2015-01-13 10:53:50.681', 'note': '行政改制'}, {'classification': '變更/修正', 'officialDocNo': '府文資字第1050074359號\t', 'registerDate': '2016-04-15 10:54:27.149', 'note': '變更登錄範圍'}, {'classification': '變更/修正', 'officialDocNo': '府文資字第1070134714號\t', 'registerDate': '2018-06-19 00:00:00.0', 'note': '新增公告範圍'}, {'classification': '變更/修正', 'officialDocNo': '府文資字第1080221271號\t', 'registerDate': '2019-09-10 10:55:27.889', 'note': '補充13巷2-1號門牌'}]",宅第,桃園市
354,20120829000001,大溪警察局宿舍群,"{'code': 'A3', 'name': '宅第'}",<<歷史建築登錄廢止審查及輔助辦法>>第2條第1項第1、2、3款,121.28667,24.880908,"{'itemNo': 22, 'cityName': '桃園市', 'distName': '大溪區', 'address': '普濟路13巷17號'}",桃園市政府文化局, 文化資產科,桃園市桃園區縣府路21號,03-3322592#8624,"<a href=""http://nchdb.boch.gov.tw/assets/advanceSearch/historicalBuilding/20120829000001"" target=""_blank"">http://nchdb.boch.gov.tw/assets/advanceSearch/historicalBuilding/20120829000001</a>","[{'classification': '指定/登錄', 'officialDocNo': '府文資字第1011061709號', 'registerDate': '2012-08-29 00:00:00.0'}, {'classification': '變更/修正', 'officialDocNo': '府文資字第1030068950號', 'registerDate': '2014-04-08 00:00:00.0', 'note': '補行登錄範圍'}, {'classification': '變更/修正', 'officialDocNo': '府文資字第1030169624號', 'registerDate': '2014-07-24 00:00:00.0', 'note': '更正地址及種類範圍'}, {'classification': '變更/修正', 'officialDocNo': '府文資字第10303236382號 ', 'registerDate': '2015-01-13 10:53:50.681', 'note': '行政改制'}, {'classification': '變更/修正', 'officialDocNo': '府文資字第1050074359號\t', 'registerDate': '2016-04-15 10:54:27.149', 'note': '變更登錄範圍'}, {'classification': '變更/修正', 'officialDocNo': '府文資字第1070134714號\t', 'registerDate': '2018-06-19 00:00:00.0', 'note': '新增公告範圍'}, {'classification': '變更/修正', 'officialDocNo': '府文資字第1080221271號\t', 'registerDate': '2019-09-10 10:55:27.889', 'note': '補充13巷2-1號門牌'}]",宅第,桃園市
355,20091027000001,溪口吊橋遺構,"{'code': 'A15', 'name': '橋樑'}",<<歷史建築登錄廢止審查及輔助辦法>>第2條第1項第1、2、3款,121.345817877781,24.8116933397536,"{'itemNo': 1, 'cityName': '桃園市', 'distName': '復興區', 'address': '澤仁里'}",桃園市政府文化局,文化資產科,桃園市桃園區縣府路21號,03-3322592#8617,"<a href=""http://nchdb.boch.gov.tw/assets/advanceSearch/historicalBuilding/20091027000001"" target=""_blank"">http://nchdb.boch.gov.tw/assets/advanceSearch/historicalBuilding/20091027000001</a>","[{'classification': '指定/登錄', 'officialDocNo': '府文資字0981062509號', 'registerDate': '2009-10-27 16:47:59.0'}, {'classification': '變更/修正', 'officialDocNo': '府文資字第10303236382號', 'registerDate': '2015-01-13 00:00:00.0', 'note': '行政改制'}]",橋樑,桃園市
356,20040830000002,溪口吊橋,"{'code': 'A15', 'name': '橋樑'}",<<歷史建築登錄廢止審查及輔助辦法>>第2條第1項第1、3款,121.34837359565,24.8102754336184,"{'itemNo': 1, 'cityName': '桃園市', 'distName': '復興區', 'address': '澤仁里'}",桃園市政府文化局,文化資產科,桃園市桃園區縣府路21號,03-3322592#8617,"<a href=""http://nchdb.boch.gov.tw/assets/advanceSearch/historicalBuilding/20040830000002"" target=""_blank"">http://nchdb.boch.gov.tw/assets/advanceSearch/historicalBuilding/20040830000002</a>","[{'classification': '指定/登錄', 'officialDocNo': '府文資字第0930534388號', 'registerDate': '2004-08-30 09:19:15.0'}, {'classification': '變更/修正', 'officialDocNo': '府文資字第0981062481號', 'registerDate': '2009-10-28 00:00:00.0', 'note': '變更地號、登錄面積'}, {'classification': '變更/修正', 'officialDocNo': '府文資字第10303236382號', 'registerDate': '2015-01-13 00:00:00.0', 'note': '行政改制'}]",橋樑,桃園市
357,20040830000003,佐久間總督追懷紀念碑台基,"{'code': 'A99', 'name': '其他設施', 'other': '其他設施'}",文化資產保存法第二十七條之一、歷史建築登錄補助辦法第七條，暨桃園縣政府九十三年二月十七日歷史建築登錄審查會議決議辦理。,121.351093576507,24.8134744595297,"{'itemNo': 1, 'cityName': '桃園市', 'distName': '復興區', 'address': '角板山公園內'}",桃園市政府文化局,文化資產科,桃園市桃園區縣府路21號,03-3322592#8617,"<a href=""http://nchdb.boch.gov.tw/assets/advanceSearch/historicalBuilding/20040830000003"" target=""_blank"">http://nchdb.boch.gov.tw/assets/advanceSearch/historicalBuilding/20040830000003</a>","[{'classification': '指定/登錄', 'officialDocNo': '府文資字第0930534388號', 'registerDate': '2004-08-30 09:09:53.0'}, {'classification': '變更/修正', 'officialDocNo': '府文資字第0951061072號', 'registerDate': '2006-07-14 00:00:00.0', 'note': '更正地號'}, {'classification': '變更/修正', 'officialDocNo': '府文資字第10303236382號', 'registerDate': '2015-01-13 00:00:00.0', 'note': '行政改制'}]",其他設施,桃園市
358,20040830000004,新竹林區管理處大溪工作站復興分站招待所,"{'code': 'A99', 'name': '其他設施', 'other': '招待所'}","文化資產保存法第18條
歷史建築紀念建築登錄廢止審查及補助辦法第2條、第4條及第5條
行政程序法第122條",121.35142893506,24.8141130173552,"{'itemNo': 1, 'cityName': '桃園市', 'distName': '復興區', 'address': '澤仁段826及827地號'}",桃園市政府文化局,文化資產科,桃園市桃園區縣府路21號,03-3322592#8617,"<a href=""http://nchdb.boch.gov.tw/assets/advanceSearch/historicalBuilding/20040830000004"" target=""_blank"">http://nchdb.boch.gov.tw/assets/advanceSearch/historicalBuilding/20040830000004</a>","[{'classification': '指定/登錄', 'officialDocNo': '府文資字第0930534388號', 'registerDate': '2004-08-30 09:04:57.0'}, {'classification': '變更/修正', 'officialDocNo': '府文資字第10303236382號', 'registerDate': '2015-01-13 00:00:00.0', 'note': '行政改制'}, {'classification': '變更/修正', 'officialDocNo': '府文資字第11000175151號', 'registerDate': '2021-01-29 00:00:00.0', 'note': '新增登錄範圍，修正並補充登錄種類、理由'}, {'classification': '變更/修正', 'officialDocNo': '府文資字第11102714941號', 'registerDate': '2022-10-05 00:00:00.0'}]",其他設施,桃園市
359,20040830000005,基國派教堂,"{'code': 'A10', 'name': '教堂'}",文化資產保存法第二十七條之一、歷史建築登錄補助辦法第七條，暨桃園縣政府九十三年二月十七日歷史建築登錄審查會議決議辦理。,121.347643740061,24.8401506046574,"{'itemNo': 1, 'cityName': '桃園市', 'distName': '復興區', 'address': '基國派段413號'}",桃園市政府文化局,文化資產科,桃園市桃園區縣府路21號,03-3322592#8617,"<a href=""http://nchdb.boch.gov.tw/assets/advanceSearch/historicalBuilding/20040830000005"" target=""_blank"">http://nchdb.boch.gov.tw/assets/advanceSearch/historicalBuilding/20040830000005</a>","[{'classification': '指定/登錄', 'officialDocNo': '府文資字第0930534388號', 'registerDate': '2004-08-30 16:19:12.0'}, {'classification': '變更/修正', 'officialDocNo': '府文資字第10303236382號', 'registerDate': '2015-01-13 00:00:00.0', 'note': '行政改制'}]",教堂,桃園市
360,20050223000003,角板山賓館,"{'code': 'A17', 'name': '官邸'}",符合「歷史建築紀念建築登錄廢止審查及輔助辦法」第2條第1、2、3款之登錄基準。,121.348919346946,24.8162179282265,"{'itemNo': 1, 'cityName': '桃園市', 'distName': '復興區', 'address': '澤仁段552、553、556地號'}",桃園市政府文化局,文化資產科,桃園市桃園區縣府路21號,03-3322592#8617,"<a href=""http://nchdb.boch.gov.tw/assets/advanceSearch/historicalBuilding/20050223000003"" target=""_blank"">http://nchdb.boch.gov.tw/assets/advanceSearch/historicalBuilding/20050223000003</a>","[{'classification': '指定/登錄', 'officialDocNo': '府文資字第0941060205號', 'registerDate': '2005-02-23 00:00:00.0'}, {'classification': '變更/修正', 'officialDocNo': '府文資字第10303236382號', 'registerDate': '2015-01-13 00:00:00.0', 'note': '行政改制'}, {'classification': '變更/修正', 'officialDocNo': '府文資字第11300834591號', 'registerDate': '2024-04-15 16:40:23.541'}]",官邸,桃園市
361,20110406000001,新竹公會堂,"{'code': 'A99', 'name': '其他設施', 'other': '集會堂'}",符合歷史建築登錄廢止審查及輔助辦法第二條登錄基準，值得登錄保存。,120.967387260043,24.8033394913966,"{'itemNo': 1, 'cityName': '新竹市', 'distName': '東區', 'address': '武昌街110號'}",新竹市文化局,新竹市文化局文化資產科,300新竹市北區中央路109號,03-5425079,"<a href=""http://nchdb.boch.gov.tw/assets/advanceSearch/historicalBuilding/20110406000001"" target=""_blank"">http://nchdb.boch.gov.tw/assets/advanceSearch/historicalBuilding/20110406000001</a>","[{'classification': '指定/登錄', 'officialDocNo': '府授文資字第1000208041號', 'registerDate': '2011-04-06 11:05:32.0'}]",其他設施,新竹市
362,20040303000005,竹蓮寺,"{'code': 'A2', 'name': '寺廟'}","文化資產保存法第14條
歷史建築登錄廢止審查及輔助辦法第4條",120.969980202385,24.7988357293961,"{'itemNo': 1, 'cityName': '新竹市', 'distName': '東區', 'address': '竹蓮里竹蓮街100號'}",新竹市文化局,新竹市文化局文化資產科,新竹市北區中央路109號,03-5425079,"<a href=""http://nchdb.boch.gov.tw/assets/advanceSearch/historicalBuilding/20040303000005"" target=""_blank"">http://nchdb.boch.gov.tw/assets/advanceSearch/historicalBuilding/20040303000005</a>","[{'classification': '指定/登錄', 'officialDocNo': '府文資字第0930208001號', 'registerDate': '2004-03-03 09:58:23.0'}, {'classification': '變更/修正', 'officialDocNo': '府文資字第1010208098號', 'registerDate': '2012-07-27 00:00:00.0', 'note': '更改地址'}]",寺廟,新竹市
363,20100316000002,新竹市孔廟,"{'code': 'A2', 'name': '寺廟'}","1、依據「文化資產保存法」第15條及「歷史建築登錄廢止審查及輔助辦法」第4條規定辦理。
2、符合「歷史建築登錄廢止審查及輔助辦法」第2 條登錄評定基準。",120.978221808835,24.7998741796123,"{'itemNo': 1, 'cityName': '新竹市', 'distName': '東區', 'address': '新竹市公園路289號'}",新竹市政府,民政處宗教禮儀科,新竹市東區中正路120號,(03)5216121#353,"<a href=""http://nchdb.boch.gov.tw/assets/advanceSearch/historicalBuilding/20100316000002"" target=""_blank"">http://nchdb.boch.gov.tw/assets/advanceSearch/historicalBuilding/20100316000002</a>","[{'classification': '指定/登錄', 'officialDocNo': '府授文資字第0990207320號', 'registerDate': '2010-03-16 16:58:58.0'}]",寺廟,新竹市
364,20100316000003,日本海軍第六燃料廠新竹支廠,"{'code': 'A16', 'name': '產業'}",歷史建築登錄廢止審查及輔助辦法第2條。,120.998208180576,24.8011844434887,"{'itemNo': 1, 'cityName': '新竹市', 'distName': '東區', 'address': '新竹市建美路24巷6號週邊'}",新竹市政府,新竹市文化局文化資產科,新竹市中央路109號,03-5319756*261,"<a href=""http://nchdb.boch.gov.tw/assets/advanceSearch/historicalBuilding/20100316000003"" target=""_blank"">http://nchdb.boch.gov.tw/assets/advanceSearch/historicalBuilding/20100316000003</a>","[{'classification': '指定/登錄', 'officialDocNo': '府授文資字第0990207320號', 'registerDate': '2010-03-16 10:10:32.0'}]",產業,新竹市
365,20101129000002,台灣省政府糧食局新竹管理處,"{'code': 'A6', 'name': '衙署'}","1、依據「文化資產保存法」第15條及「歷史建築登錄廢止審查及輔助辦法」第4條規定辦理。
2、符合「歷史建築登錄廢止審查及輔助辦法」第2 條登錄評定基準。",120.976930600856,24.8079205988149,"{'itemNo': 1, 'cityName': '新竹市', 'distName': '東區', 'address': '民族路111號'}",農糧署北區分署新竹辦事處,農糧署北區分署新竹辦事處,新竹市東區民族路111號,(03) 5327141分機131,"<a href=""http://nchdb.boch.gov.tw/assets/advanceSearch/historicalBuilding/20101129000002"" target=""_blank"">http://nchdb.boch.gov.tw/assets/advanceSearch/historicalBuilding/20101129000002</a>","[{'classification': '指定/登錄', 'officialDocNo': '府授文資字第0990207408號', 'registerDate': '2010-10-14 00:00:00.0', 'note': ''}, {'classification': '變更/修正', 'officialDocNo': '府授文資字第0990207436號', 'registerDate': '2010-11-29 14:02:09.0', 'note': '重新公告歷史建築及其定著土地範圍'}]",衙署,新竹市
366,20140812000001,日本海軍第六燃料廠煉油廠遺存建築群,"{'code': 'A16', 'name': '產業'}",符合歷史建築登錄廢止審查及輔助辦法第2條第1項、第3項指定基準，值得保存。,121.000062,24.799968,"{'itemNo': 1, 'cityName': '新竹市', 'distName': '東區', 'address': '燃料廠房：位於新竹市建新路86號。大油槽：位於新竹市建功一路42 巷內。大廠房：位於新竹市建功一路14巷內。'}",新竹市政府,新竹市文化局,300新竹市北區中央路109號,03-5425079,"<a href=""http://nchdb.boch.gov.tw/assets/advanceSearch/historicalBuilding/20140812000001"" target=""_blank"">http://nchdb.boch.gov.tw/assets/advanceSearch/historicalBuilding/20140812000001</a>","[{'classification': '指定/登錄', 'officialDocNo': '府授文資字第1030152176號', 'registerDate': '2014-08-12 10:07:11.0'}]",產業,新竹市
367,20070912000002,竹北六張犁大夫第,"{'code': 'A3', 'name': '宅第'}",文化資產保存法第15條及歷史建築登錄廢止審查及輔助辦法第4條暨新竹縣文化局96年7月26日召開之「新竹縣文化資產審議委員會會議」決議辦理。,121.024273259086,24.8110694063088,"{'itemNo': 1, 'cityName': '新竹縣', 'distName': '竹北市', 'address': '東平里1鄰六家五路一段75號'}",新竹縣政府文化局,文化資產科,302新竹縣竹北市縣政九路146號,03-5510201分機600~612,"<a href=""http://nchdb.boch.gov.tw/assets/advanceSearch/historicalBuilding/20070912000002"" target=""_blank"">http://nchdb.boch.gov.tw/assets/advanceSearch/historicalBuilding/20070912000002</a>","[{'classification': '指定/登錄', 'officialDocNo': '府授文文字第0960130451號', 'registerDate': '2007-09-12 11:58:31.0'}]",宅第,新竹縣
368,20070912000003,竹北六張犁忠孝堂（東平里18號）,"{'code': 'A3', 'name': '宅第'}",文化資產保存法第15條及歷史建築登錄廢止審查及輔助辦法第4條暨新竹縣文化局96年7月26日召開「新竹縣文化資產審議委員會會議」決議辦理。,121.024130137094,24.811485889781,"{'itemNo': 1, 'cityName': '新竹縣', 'distName': '竹北市', 'address': '東平里2鄰18號'}",新竹縣政府文化局,文化資產科,302新竹縣竹北市縣政九路146號,03-5510201分機600~612,"<a href=""http://nchdb.boch.gov.tw/assets/advanceSearch/historicalBuilding/20070912000003"" target=""_blank"">http://nchdb.boch.gov.tw/assets/advanceSearch/historicalBuilding/20070912000003</a>","[{'classification': '指定/登錄', 'officialDocNo': '府授文文字第0960130451號', 'registerDate': '2007-09-12 13:19:52.0'}]",宅第,新竹縣
369,20070912000004,竹北六張犁問禮堂,"{'code': 'A3', 'name': '宅第'}",文化資產保存法第15條及歷史建築登錄廢止審查及輔助辦法第4條暨新竹縣文化局96年7月26日召開「新竹縣文化資產審議委員會會議」決議辦理。,121.022762849326,24.811789758871,"{'itemNo': 1, 'cityName': '新竹縣', 'distName': '竹北市', 'address': '東平里1鄰9號'}",新竹縣政府文化局,文化資產科,302新竹縣竹北市縣政九路146號,03-5510201分機600~612,"<a href=""http://nchdb.boch.gov.tw/assets/advanceSearch/historicalBuilding/20070912000004"" target=""_blank"">http://nchdb.boch.gov.tw/assets/advanceSearch/historicalBuilding/20070912000004</a>","[{'classification': '指定/登錄', 'officialDocNo': '府授文文字第0960130451號', 'registerDate': '2007-09-12 15:02:53.0'}]",宅第,新竹縣
370,20070912000005,竹北六張犁忠孝堂（東平里13號）,"{'code': 'A3', 'name': '宅第'}",文化資產保存法第15條及歷史建築登錄廢止審查及輔助辦法第4條暨新竹縣文化局96年7月26日召開「新竹縣文化資產審議委員會會議」決議辦理。,121.023350232558,24.8115370543984,"{'itemNo': 1, 'cityName': '新竹縣', 'distName': '竹北市', 'address': '東平里2鄰13號'}",新竹縣政府,文化資產科,302新竹縣竹北市縣政九路146號,03-5510201分機600~612,"<a href=""http://nchdb.boch.gov.tw/assets/advanceSearch/historicalBuilding/20070912000005"" target=""_blank"">http://nchdb.boch.gov.tw/assets/advanceSearch/historicalBuilding/20070912000005</a>","[{'classification': '指定/登錄', 'officialDocNo': '府授文文字第0960130451號', 'registerDate': '2007-09-12 13:28:50.0'}]",宅第,新竹縣
371,20070912000006,竹北東平問禮堂,"{'code': 'A3', 'name': '宅第'}",文化資產保存法第15條及歷史建築登錄廢止審查及輔助辦法第4條暨新竹縣文化局96年7月26日召開「新竹縣文化資產審議委員會會議」決議辦理。,121.029542006301,24.8057562641439,"{'itemNo': 1, 'cityName': '新竹縣', 'distName': '竹北市', 'address': '東平里6鄰13號'}",新竹縣政府文化局,文化資產科,302新竹縣竹北市縣政九路146號,03-5510201分機600~612,"<a href=""http://nchdb.boch.gov.tw/assets/advanceSearch/historicalBuilding/20070912000006"" target=""_blank"">http://nchdb.boch.gov.tw/assets/advanceSearch/historicalBuilding/20070912000006</a>","[{'classification': '指定/登錄', 'officialDocNo': '府授文文字第0960130451號', 'registerDate': '2007-09-12 15:17:41.0'}]",宅第,新竹縣
372,20070912000007,竹北泉州厝汾陽堂,"{'code': 'A3', 'name': '宅第'}",法令依據文化資產保存法第15條及歷史建築登錄廢止審查及輔助辦法第4條暨新竹縣文化局96年7月26日召開「新竹縣文化資產審議委員會會議」決議辦理。,121.016858069436,24.8167160699318,"{'itemNo': 1, 'cityName': '新竹縣', 'distName': '竹北市', 'address': '斗崙里文興路107號'}",新竹縣政府文化局,文化資產科,302新竹縣竹北市縣政九路146號,03-5510201分機600~612,"<a href=""http://nchdb.boch.gov.tw/assets/advanceSearch/historicalBuilding/20070912000007"" target=""_blank"">http://nchdb.boch.gov.tw/assets/advanceSearch/historicalBuilding/20070912000007</a>","[{'classification': '指定/登錄', 'officialDocNo': '府授文文字第0960130451號', 'registerDate': '2007-09-12 13:26:05.0'}]",宅第,新竹縣
373,20110614000001,竹北通德堂,"{'code': 'A3', 'name': '宅第'}",符合歷史建築登錄廢止審查及輔助辦法第2條規定。,121.047611041947,24.8091345442539,"{'itemNo': 1, 'cityName': '新竹縣', 'distName': '竹北市', 'address': '東興路一段693巷31號'}",新竹縣政府文化局,文化資產科,302新竹縣竹北市縣政九路146號,03-5510201分機600~612,"<a href=""http://nchdb.boch.gov.tw/assets/advanceSearch/historicalBuilding/20110614000001"" target=""_blank"">http://nchdb.boch.gov.tw/assets/advanceSearch/historicalBuilding/20110614000001</a>","[{'classification': '指定/登錄', 'officialDocNo': '府文資字第0990107415號', 'registerDate': '2010-11-03 00:00:00.0'}, {'classification': '指定/登錄', 'officialDocNo': '府文資字第1000105116號', 'registerDate': '2011-06-14 14:35:00.0'}]",宅第,新竹縣
374,20060808000001,老湖口天主堂,"{'code': 'A10', 'name': '教堂'}","一、文化資產保存法第102條、歷史建築登錄廢止審查及補助辦法。
二、依據95年5月18日「新竹縣古蹟指定暨歷史建築登錄審議會議」決議辦理。",121.055176947959,24.8767776496122,"{'itemNo': 1, 'cityName': '新竹縣', 'distName': '湖口鄉', 'address': '湖口老街108號'}",新竹縣政府文化局,文化資產科,302新竹縣竹北市縣政九路146號,03-5510201分機600~612,"<a href=""http://nchdb.boch.gov.tw/assets/advanceSearch/historicalBuilding/20060808000001"" target=""_blank"">http://nchdb.boch.gov.tw/assets/advanceSearch/historicalBuilding/20060808000001</a>","[{'classification': '指定/登錄', 'officialDocNo': '府授文文字第0950095760號', 'registerDate': '2006-08-08 14:56:10.0'}]",教堂,新竹縣
375,20070115000001,湖口裝甲新村(乙村),"{'code': 'A4', 'name': '城郭'}",文化資產保存法第15條及歷史建築登錄廢止審議及輔助辦法第四條暨新竹縣文化局95年11月21日召開之「新竹縣文化資產審議委員會會議」決議辦理。,121.047791424297,24.9045273159436,"{'itemNo': 1, 'cityName': '新竹縣', 'distName': '湖口鄉', 'address': '民生街161巷內'}",新竹縣政府文化局,文化資產科,302新竹縣竹北市縣政九路146號,03-5510201分機600~612,"<a href=""http://nchdb.boch.gov.tw/assets/advanceSearch/historicalBuilding/20070115000001"" target=""_blank"">http://nchdb.boch.gov.tw/assets/advanceSearch/historicalBuilding/20070115000001</a>","[{'classification': '指定/登錄', 'officialDocNo': '府文資字第0960003555號', 'registerDate': '2007-01-15 13:54:42.0'}]",城郭,新竹縣
376,20010711000001,大湖口公學校遺跡,"{'code': 'A9', 'name': '碑碣'}",文化資產保存法第二十七條暨本府九十年四月二十六日召開「新竹縣古蹟指定審查委員會會議」決議暨新竹縣歷史建築審查委員會設置及作業要點辦理。,121.019691277029,24.892995165527,"{'itemNo': 1, 'cityName': '新竹縣', 'distName': '新豐鄉', 'address': '中崙段413、414 地號'}",新竹縣政府文化局,文化資產科,302新竹縣竹北市縣政九路146號,03-5510201分機600~612,"<a href=""http://nchdb.boch.gov.tw/assets/advanceSearch/historicalBuilding/20010711000001"" target=""_blank"">http://nchdb.boch.gov.tw/assets/advanceSearch/historicalBuilding/20010711000001</a>","[{'classification': '指定/登錄', 'officialDocNo': '九十府民禮字第七三四四五號', 'registerDate': '2001-07-11 10:55:35.0'}]",碑碣,新竹縣
377,20100206000003,新埔國小校長宿舍,"{'code': 'A3', 'name': '宅第'}",文化資產保存法第15條、歷史建築登錄廢止審查及輔助辦法第4條暨98年11月16日「新竹縣文化資產審議委員會會議」決議事項辦理。,121.079243505762,24.8280719596786,"{'itemNo': 1, 'cityName': '新竹縣', 'distName': '新埔鎮', 'address': '四座里中正路366號'}",新竹縣政府文化局,文化資產科,302新竹縣竹北市縣政九路146號,03-5510201分機600~612,"<a href=""http://nchdb.boch.gov.tw/assets/advanceSearch/historicalBuilding/20100206000003"" target=""_blank"">http://nchdb.boch.gov.tw/assets/advanceSearch/historicalBuilding/20100206000003</a>","[{'classification': '指定/登錄', 'officialDocNo': '府文資字第099103078號', 'registerDate': '2010-02-06 08:47:20.0'}]",宅第,新竹縣
378,20090610000002,新埔朱氏家廟,"{'code': 'A1', 'name': '祠堂'}",文化資產保存法第15條、歷史建築登錄廢止審查及輔助辦法第4條暨98年3月20日「新竹縣文化資產審議委員會會議」決議事項辦理。,121.07639322041,24.8273097655554,"{'itemNo': 1, 'cityName': '新竹縣', 'distName': '新埔鎮', 'address': '和平街158號'}",新竹縣政府文化局,文化資產科,302新竹縣竹北市縣政九路146號,03-5510201分機600~612,"<a href=""http://nchdb.boch.gov.tw/assets/advanceSearch/historicalBuilding/20090610000002"" target=""_blank"">http://nchdb.boch.gov.tw/assets/advanceSearch/historicalBuilding/20090610000002</a>","[{'classification': '指定/登錄', 'officialDocNo': '府授文資字第0980100520號', 'registerDate': '2009-06-10 10:58:20.0'}]",祠堂,新竹縣
379,20090610000003,吳濁流故居,"{'code': 'A3', 'name': '宅第'}",文資保存法第15條、歷史建築登錄廢止審查及輔助辦法第4條暨98年3月20日「新竹縣文資審議委員會會議」決議事項辦理。,121.110065,24.838333,"{'itemNo': 1, 'cityName': '新竹縣', 'distName': '新埔鎮', 'address': '巨埔里5鄰新龍路310巷33號'}",新竹縣政府文化局,文化資產科,302新竹縣竹北市縣政九路146號,03-5510201分機600~612,"<a href=""http://nchdb.boch.gov.tw/assets/advanceSearch/historicalBuilding/20090610000003"" target=""_blank"">http://nchdb.boch.gov.tw/assets/advanceSearch/historicalBuilding/20090610000003</a>","[{'classification': '指定/登錄', 'officialDocNo': '府授文資字第0980100520號', 'registerDate': '2009-06-10 15:04:10.0'}]",宅第,新竹縣
380,20090610000004,關西樹德醫院,"{'code': 'A27', 'name': '醫院'}",文化資產保存法第15條、歷史建築登錄廢止審查及輔助辦法第4條暨98年3月20日「新竹縣文化資產審議委員會會議」決議事項辦理。,121.177177768575,24.7914904390374,"{'itemNo': 1, 'cityName': '新竹縣', 'distName': '關西鎮', 'address': '北斗里1鄰中山路42號'}",新竹縣政府文化局,文化資產科,302新竹縣竹北市縣政九路146號,03-5510201分機600~612,"<a href=""http://nchdb.boch.gov.tw/assets/advanceSearch/historicalBuilding/20090610000004"" target=""_blank"">http://nchdb.boch.gov.tw/assets/advanceSearch/historicalBuilding/20090610000004</a>","[{'classification': '指定/登錄', 'officialDocNo': '府授文資字第0980100520號', 'registerDate': '2009-06-10 16:06:56.0'}, {'classification': '變更/修正', 'officialDocNo': '府文資字第1060103699號', 'registerDate': '2017-11-29 00:00:00.0'}]",醫院,新竹縣
381,20110614000002,關西豫章堂羅屋書房,"{'code': 'A8', 'name': '書院'}",符合歷史建築登錄廢止審查及輔助辦法第2條規定。,121.168273961098,24.7888536014264,"{'itemNo': 1, 'cityName': '新竹縣', 'distName': '關西鎮', 'address': '南山里7鄰46號'}",新竹縣政府文化局,文化資產科,302新竹縣竹北市縣政九路146號,03-5510201分機600~612,"<a href=""http://nchdb.boch.gov.tw/assets/advanceSearch/historicalBuilding/20110614000002"" target=""_blank"">http://nchdb.boch.gov.tw/assets/advanceSearch/historicalBuilding/20110614000002</a>","[{'classification': '指定/登錄', 'officialDocNo': '府文資字第0990107415號', 'registerDate': '2010-11-03 00:00:00.0'}, {'classification': '變更/修正', 'officialDocNo': '府文資字第1000105118號', 'registerDate': '2011-06-14 09:10:36.0', 'note': '補正公告'}]",書院,新竹縣
382,20120920000001,芎林呈甘橋及捐題碑,"{'code': 'A15', 'name': '橋樑'}",文化資產保存法第15條、歷史建築登錄廢止審查及輔助辦法第4條。,121.081855,24.773309,"{'itemNo': 1, 'cityName': '新竹縣', 'distName': '芎林鄉', 'address': '文林村文昌路4號旁'}",新竹縣政府文化局,文化資產科,302新竹縣竹北市縣政九路146號,03-5510201分機600~612,"<a href=""http://nchdb.boch.gov.tw/assets/advanceSearch/historicalBuilding/20120920000001"" target=""_blank"">http://nchdb.boch.gov.tw/assets/advanceSearch/historicalBuilding/20120920000001</a>","[{'classification': '指定/登錄', 'officialDocNo': '府文資字第1010101677號', 'registerDate': '2012-09-20 08:41:11.0'}, {'classification': '變更/修正', 'officialDocNo': '府授文資字第1119050143號', 'registerDate': '2022-07-06 00:00:00.0'}, {'classification': '變更/修正', 'officialDocNo': '府授文資字第1139050110A號', 'registerDate': '2024-04-23 10:07:46.727'}]",橋樑,新竹縣
382,20120920000001,芎林呈甘橋及捐題碑,"{'code': 'A9', 'name': '碑碣'}",文化資產保存法第15條、歷史建築登錄廢止審查及輔助辦法第4條。,121.081855,24.773309,"{'itemNo': 1, 'cityName': '新竹縣', 'distName': '芎林鄉', 'address': '文林村文昌路4號旁'}",新竹縣政府文化局,文化資產科,302新竹縣竹北市縣政九路146號,03-5510201分機600~612,"<a href=""http://nchdb.boch.gov.tw/assets/advanceSearch/historicalBuilding/20120920000001"" target=""_blank"">http://nchdb.boch.gov.tw/assets/advanceSearch/historicalBuilding/20120920000001</a>","[{'classification': '指定/登錄', 'officialDocNo': '府文資字第1010101677號', 'registerDate': '2012-09-20 08:41:11.0'}, {'classification': '變更/修正', 'officialDocNo': '府授文資字第1119050143號', 'registerDate': '2022-07-06 00:00:00.0'}, {'classification': '變更/修正', 'officialDocNo': '府授文資字第1139050110A號', 'registerDate': '2024-04-23 10:07:46.727'}]",碑碣,新竹縣
383,20100206000004,竹東車站,"{'code': 'A7', 'name': '車站'}",文化資產保存法第15條、歷史建築登錄廢止審查及輔助辦法第4條暨98年11月16日「新竹縣文化資產審議委員會會議」決議事項辦理。,121.094698946223,24.738216561933,"{'itemNo': 1, 'cityName': '新竹縣', 'distName': '竹東鎮', 'address': '仁愛里東林路196號'}",新竹縣政府文化局,文化資產科,302新竹縣竹北市縣政九路146號,03-5510201分機600~612,"<a href=""http://nchdb.boch.gov.tw/assets/advanceSearch/historicalBuilding/20100206000004"" target=""_blank"">http://nchdb.boch.gov.tw/assets/advanceSearch/historicalBuilding/20100206000004</a>","[{'classification': '指定/登錄', 'officialDocNo': '府文資字第0990103078號', 'registerDate': '2010-02-06 09:04:41.0'}]",車站,新竹縣
384,20100206000005,竹東蕭如松故居建築群,"{'code': 'A3', 'name': '宅第'}",文化資產保存法第15條、歷史建築登錄廢止審查及輔助辦法第4條暨98年11月16日「新竹縣文化資產審議委員會會議」決議事項辦理。,121.088158715055,24.7398262752435,"{'itemNo': 1, 'cityName': '新竹縣', 'distName': '竹東鎮', 'address': '榮樂街68巷1號-26號'}",新竹縣政府文化局,文化資產科,302新竹縣竹北市縣政九路146號,03-5510201分機600~612,"<a href=""http://nchdb.boch.gov.tw/assets/advanceSearch/historicalBuilding/20100206000005"" target=""_blank"">http://nchdb.boch.gov.tw/assets/advanceSearch/historicalBuilding/20100206000005</a>","[{'classification': '指定/登錄', 'officialDocNo': '府文資字第0990103078號', 'registerDate': '2010-02-06 09:07:25.0'}]",宅第,新竹縣
385,20040219000001,竹東頭重並禁、示禁二碑,"{'code': 'A9', 'name': '碑碣'}",文化資產保存法第廿七條之一歷史建築登錄及輔助辦法第七條規定。,121.029288293323,24.7801272741102,"{'itemNo': 1, 'cityName': '新竹縣', 'distName': '竹東鎮', 'address': '竹中路104巷14號(竹中國小內)'}",新竹縣政府,文化資產科,302新竹縣竹北市縣政九路146號,03-5510201分機600~612,"<a href=""http://nchdb.boch.gov.tw/assets/advanceSearch/historicalBuilding/20040219000001"" target=""_blank"">http://nchdb.boch.gov.tw/assets/advanceSearch/historicalBuilding/20040219000001</a>","[{'classification': '指定/登錄', 'officialDocNo': '府授文文字第0930018543號', 'registerDate': '2004-02-19 11:31:38.0'}]",碑碣,新竹縣
386,20060808000003,植松材木竹東出張所,"{'code': 'A16', 'name': '產業'}","一、文化資產保存法第102條、歷史建築登錄廢止審查及補助辦法。
二、依據95年5月18日「新竹縣古蹟指定暨歷史建築登錄審議會議」決議辦理。",121.09292230693,24.7373206771076,"{'itemNo': 1, 'cityName': '新竹縣', 'distName': '竹東鎮', 'address': '東林路131號'}",新竹縣政府文化局,文化資產科,302新竹縣竹北市縣政九路146號,03-5510201分機600~612,"<a href=""http://nchdb.boch.gov.tw/assets/advanceSearch/historicalBuilding/20060808000003"" target=""_blank"">http://nchdb.boch.gov.tw/assets/advanceSearch/historicalBuilding/20060808000003</a>","[{'classification': '指定/登錄', 'officialDocNo': '府授文文字第0950095760號', 'registerDate': '2006-08-08 14:49:07.0'}, {'classification': '變更/修正', 'officialDocNo': '府文資字第1030013865號', 'registerDate': '2014-09-02 09:03:59.298', 'note': '定著土地範圍補正公告'}]",產業,新竹縣
387,20060808000004,內灣派出所,"{'code': 'A6', 'name': '衙署'}","一、文化資產保存法第102條、歷史建築登錄廢止審查及補助辦法。
二、依據95年5月18日「新竹縣古蹟指定暨歷史建築登錄審議會議」決議辦理。",121.182517821516,24.7062869663722,"{'itemNo': 1, 'cityName': '新竹縣', 'distName': '橫山鄉', 'address': '內灣村4鄰141號'}",新竹縣政府文化局,文化資產科,302新竹縣竹北市縣政九路146號,03-5510201分機600~612,"<a href=""http://nchdb.boch.gov.tw/assets/advanceSearch/historicalBuilding/20060808000004"" target=""_blank"">http://nchdb.boch.gov.tw/assets/advanceSearch/historicalBuilding/20060808000004</a>","[{'classification': '指定/登錄', 'officialDocNo': '府授文文字第0950095760號', 'registerDate': '2006-08-08 10:15:39.0'}, {'classification': '變更/修正', 'officialDocNo': '府授文資字第1119050040號', 'registerDate': '2022-02-22 13:56:46.067'}, {'classification': '變更/修正', 'officialDocNo': '府授文資字第1119050173號', 'registerDate': '2022-08-05 19:00:48.332', 'note': '定著土地更正'}]",衙署,新竹縣
388,20060808000005,北埔忠恕堂,"{'code': 'A3', 'name': '宅第'}","1.文化資產保存法第102條、歷史建築登陸廢止審查及補助辦法。
2.依據95年5月18日召開之「新竹縣古蹟指定暨歷史建築登錄審議會議」決議辦理。",121.057749151072,24.6987326638308,"{'itemNo': 1, 'cityName': '新竹縣', 'distName': '北埔鄉', 'address': '南興村7鄰公園街20號'}",新竹縣政府文化局,文化資產科,302新竹縣竹北市縣政九路146號,03-5510201分機600~612,"<a href=""http://nchdb.boch.gov.tw/assets/advanceSearch/historicalBuilding/20060808000005"" target=""_blank"">http://nchdb.boch.gov.tw/assets/advanceSearch/historicalBuilding/20060808000005</a>","[{'classification': '指定/登錄', 'officialDocNo': '府授文文字第0950095760號', 'registerDate': '2006-08-08 11:40:03.0'}]",宅第,新竹縣
389,20060808000006,北埔鄧南光故居,"{'code': 'A3', 'name': '宅第'}","一、文化資產保存法第102條、歷史建築登錄廢止審查及補助辦法。
二、依據95年5月18日「新竹縣古蹟指定暨歷史建築登錄審議會議」決議辦理。",121.058290001748,24.6982785712722,"{'itemNo': 1, 'cityName': '新竹縣', 'distName': '北埔鄉', 'address': '公園街15號'}",新竹縣政府文化局,文化資產科,302新竹縣竹北市 縣政九路146號,03-5510201分機600~612,"<a href=""http://nchdb.boch.gov.tw/assets/advanceSearch/historicalBuilding/20060808000006"" target=""_blank"">http://nchdb.boch.gov.tw/assets/advanceSearch/historicalBuilding/20060808000006</a>","[{'classification': '指定/登錄', 'officialDocNo': '府授文文字第0950095760號', 'registerDate': '2006-08-08 09:35:22.0'}]",宅第,新竹縣
390,20110614000004,峨眉天主堂,"{'code': 'A10', 'name': '教堂'}",文化資產保存法第15條、歷史建築登錄廢止審查及輔助辦法第4條、行政院文化建設委員會97年9月10日會授資籌二字第0973110876號文暨99年9月6日「新竹縣文化資產審議委員會會議」決議事項辦理。,121.02231249115201,24.687631031197796,"{'itemNo': 1, 'cityName': '新竹縣', 'distName': '峨眉鄉', 'address': '峨眉村2 鄰1-2號'}",新竹縣政府文化局,文化資產科,302新竹縣竹北市縣政九路146號,03-5510201分機600~612,"<a href=""http://nchdb.boch.gov.tw/assets/advanceSearch/historicalBuilding/20110614000004"" target=""_blank"">http://nchdb.boch.gov.tw/assets/advanceSearch/historicalBuilding/20110614000004</a>","[{'classification': '指定/登錄', 'officialDocNo': '府文資字第0990107415號', 'registerDate': '2010-11-03 00:00:00.0'}, {'classification': '指定/登錄', 'officialDocNo': '府文資字第1000105120號', 'registerDate': '2011-06-14 11:10:16.0', 'note': '補正公告'}]",教堂,新竹縣
391,20090610000005,峨眉富興製茶工廠含魯國世第、曾正章宅,"{'code': 'A16', 'name': '產業'}",文化資產保存法第15條、歷史建築登錄廢止審查及輔助辦法第3條暨96年7月26日「新竹縣文化資產審議委員會會議」決議事項辦理。,120.988684024758,24.6875700523894,"{'itemNo': 1, 'cityName': '新竹縣', 'distName': '峨眉鄉', 'address': '富興村8號'}",新竹縣政府文化局,文化資產科,302新竹縣竹北市縣政九路146號,03-5510201分機600~612,"<a href=""http://nchdb.boch.gov.tw/assets/advanceSearch/historicalBuilding/20090610000005"" target=""_blank"">http://nchdb.boch.gov.tw/assets/advanceSearch/historicalBuilding/20090610000005</a>","[{'classification': '指定/登錄', 'officialDocNo': '府授文文字第0950095760號', 'registerDate': '2006-08-08 11:18:32.123'}, {'classification': '變更/修正', 'officialDocNo': '府授文資字第0980100522號', 'registerDate': '2009-06-10 11:50:07.0'}]",產業,新竹縣
392,20021225000001,竹南蛇窯,"{'code': 'A99', 'name': '其他設施', 'other': '其他歷史遺蹟'}",<<歷史建築登錄廢止審查及輔助辦法>>,120.872843786898,24.6568198240532,"{'itemNo': 1, 'cityName': '苗栗縣', 'distName': '竹南鎮', 'address': '公館里7 鄰大埔頂7 號'}",苗栗縣文化局,文化資產科,苗栗縣苗栗市自治路50號,037-352961#716,"<a href=""http://nchdb.boch.gov.tw/assets/advanceSearch/historicalBuilding/20021225000001"" target=""_blank"">http://nchdb.boch.gov.tw/assets/advanceSearch/historicalBuilding/20021225000001</a>","[{'classification': '指定/登錄', 'officialDocNo': '府文資字第9105000244號公告', 'registerDate': '2002-11-26 00:00:00.0'}]",其他設施,苗栗縣
393,20050624000001,崎頂一、二號隧道,"{'code': 'A99', 'name': '其他設施', 'other': '其他歷史遺蹟'}",<<歷史建築登錄廢止審查及輔助辦法>>,120.87465653758,24.7264137199791,"{'itemNo': 1, 'cityName': '苗栗縣', 'distName': '竹南鎮', 'address': '崎頂里'}",苗栗縣政府文化觀光局,文化資產科,苗栗縣苗栗市自治路50號,037-352961#712,"<a href=""http://nchdb.boch.gov.tw/assets/advanceSearch/historicalBuilding/20050624000001"" target=""_blank"">http://nchdb.boch.gov.tw/assets/advanceSearch/historicalBuilding/20050624000001</a>","[{'classification': '指定/登錄', 'officialDocNo': '府文資字第0947500119號', 'registerDate': '2005-06-24 09:36:33.0'}]",其他設施,苗栗縣
394,20100303000001,尋常小學校禮堂,"{'code': 'A8', 'name': '書院'}",<<歷史建築登錄廢止審查及輔助辦法>>,120.876270879267,24.6841266543764,"{'itemNo': 1, 'cityName': '苗栗縣', 'distName': '竹南鎮', 'address': '中正路92號(現竹南國中校園)'}",苗栗縣政府文化觀光局,文化資產科,苗栗縣苗栗市自治路50號,037-352961#712,"<a href=""http://nchdb.boch.gov.tw/assets/advanceSearch/historicalBuilding/20100303000001"" target=""_blank"">http://nchdb.boch.gov.tw/assets/advanceSearch/historicalBuilding/20100303000001</a>","[{'classification': '指定/登錄', 'officialDocNo': '府文資字第0997501814號', 'registerDate': '2010-03-03 09:28:36.0'}]",書院,苗栗縣
395,20090519000001,南庄南埔國小舊宿舍,"{'code': 'A3', 'name': '宅第'}",<<歷史建築登錄廢止審查及輔助辦法>>,120.972544458804,24.6339585189623,"{'itemNo': 1, 'cityName': '苗栗縣', 'distName': '南庄鄉', 'address': '南富村134號'}",苗栗縣政府文化觀光局,文化資產科,苗栗縣苗栗市自治路50號,037-352961#712,"<a href=""http://nchdb.boch.gov.tw/assets/advanceSearch/historicalBuilding/20090519000001"" target=""_blank"">http://nchdb.boch.gov.tw/assets/advanceSearch/historicalBuilding/20090519000001</a>","[{'classification': '指定/登錄', 'officialDocNo': '府文資字第0987504707號', 'registerDate': '2009-05-19 14:04:08.0'}]",宅第,苗栗縣
396,20090519000002,南庄永昌宮廟坪前古井,"{'code': 'A99', 'name': '其他設施', 'other': '歷史遺跡'}",<<歷史建築登錄廢止審查及輔助辦法>>,120.998915387033,24.5996741630049,"{'itemNo': 1, 'cityName': '苗栗縣', 'distName': '南庄鄉', 'address': '東村永昌宮廟坪前'}",苗栗縣政府文化觀光局,文化資產科,苗栗縣苗栗市自治路50號,037-352961#712,"<a href=""http://nchdb.boch.gov.tw/assets/advanceSearch/historicalBuilding/20090519000002"" target=""_blank"">http://nchdb.boch.gov.tw/assets/advanceSearch/historicalBuilding/20090519000002</a>","[{'classification': '指定/登錄', 'officialDocNo': '府文資字第0987504706號', 'registerDate': '2009-05-19 11:15:01.0'}]",其他設施,苗栗縣
397,20070130000001,林務局南庄大同路宿舍,"{'code': 'A3', 'name': '宅第'}",<<歷史建築登錄廢止審查及輔助辦法>>,121.001049,24.597204,"{'itemNo': 1, 'cityName': '苗栗縣', 'distName': '南庄鄉', 'address': '大同路4、6、8、12、14號'}",苗栗縣政府文化觀光局,文化資產科,苗栗縣苗栗市自治路50號,037-352961#712,"<a href=""http://nchdb.boch.gov.tw/assets/advanceSearch/historicalBuilding/20070130000001"" target=""_blank"">http://nchdb.boch.gov.tw/assets/advanceSearch/historicalBuilding/20070130000001</a>","[{'classification': '指定/登錄', 'officialDocNo': '府文資字0967500113號', 'registerDate': '2007-01-30 17:12:22.021'}, {'classification': '變更/修正', 'officialDocNo': '府文資字第1060010669號', 'registerDate': '2017-10-16 17:13:49.295'}, {'classification': '指定/登錄', 'officialDocNo': '府文資字第1070000691號變更公告', 'registerDate': '2018-01-15 00:00:00.0'}]",宅第,苗栗縣
398,20070614000001,林務局南庄東村宿舍,"{'code': 'A3', 'name': '宅第'}",<<歷史建築登錄廢止審查及輔助辦法>>第2條第1項第1、2、3、4款,120.999631461874,24.6014251740564,"{'itemNo': 1, 'cityName': '苗栗縣', 'distName': '南庄鄉', 'address': '東村75號'}",苗栗縣政府文化觀光局,文化資產科,苗栗縣苗栗市自治路50號,037-352961#712,"<a href=""http://nchdb.boch.gov.tw/assets/advanceSearch/historicalBuilding/20070614000001"" target=""_blank"">http://nchdb.boch.gov.tw/assets/advanceSearch/historicalBuilding/20070614000001</a>","[{'classification': '指定/登錄', 'officialDocNo': '府文資字第0967500634號', 'registerDate': '2007-06-14 00:00:00.0'}, {'classification': '變更/修正', 'officialDocNo': '苗文資字第0987508138號', 'registerDate': '2009-08-21 00:00:00.0'}, {'classification': '指定/登錄', 'officialDocNo': '府文資字第0997503715號', 'registerDate': '2010-04-29 00:00:00.0'}, {'classification': '變更/修正', 'officialDocNo': '府文資字第1007505755號', 'registerDate': '2011-06-21 00:00:00.0'}, {'classification': '變更/修正', 'officialDocNo': '府文資字第1060010676C號', 'registerDate': '2017-10-16 00:00:00.0'}, {'classification': '變更/修正', 'officialDocNo': '府文資字第1070000634B號', 'registerDate': '2018-01-15 00:00:00.0'}, {'classification': '變更/修正', 'officialDocNo': '府文資字第1110000523B號', 'registerDate': '2022-01-12 13:28:34.816'}]",宅第,苗栗縣
399,20031023000001,南庄郵便局,"{'code': 'A99', 'name': '其他設施', 'other': '建築物類'}",<<歷史建築登錄廢止審查及輔助辦法>>,120.999138125958,24.6000442297719,"{'itemNo': 1, 'cityName': '苗栗縣', 'distName': '南庄鄉', 'address': '文化路5號'}",苗栗縣政府文化觀光局,文化資產科,苗栗縣苗栗市自治路50號,037-352961#716,"<a href=""http://nchdb.boch.gov.tw/assets/advanceSearch/historicalBuilding/20031023000001"" target=""_blank"">http://nchdb.boch.gov.tw/assets/advanceSearch/historicalBuilding/20031023000001</a>","[{'classification': '指定/登錄', 'officialDocNo': '府文資字第0927500293號公告', 'registerDate': '2003-10-23 09:39:01.0'}]",其他設施,苗栗縣
400,20050610000002,大山火車站,"{'code': 'A7', 'name': '車站'}",<<歷史建築登錄廢止審查及輔助辦法>>,120.8037,24.645688,"{'itemNo': 1, 'cityName': '苗栗縣', 'distName': '後龍鎮', 'address': '大山里明山路180號'}",苗栗縣政府文化觀光局,文化資產科,苗栗縣苗栗市自治路50號,037-352961#712,"<a href=""http://nchdb.boch.gov.tw/assets/advanceSearch/historicalBuilding/20050610000002"" target=""_blank"">http://nchdb.boch.gov.tw/assets/advanceSearch/historicalBuilding/20050610000002</a>","[{'classification': '指定/登錄', 'officialDocNo': '府文資字第0947500113號', 'registerDate': '2005-06-10 09:37:00.0'}]",車站,苗栗縣
401,20021126000003,通霄神社,"{'code': 'A1', 'name': '祠堂'}",<<歷史建築登錄廢止審查及輔助辦法>>,120.682904668023,24.4923852257051,"{'itemNo': 1, 'cityName': '苗栗縣', 'distName': '通霄鎮', 'address': '通東里虎頭山公園內'}",苗栗縣政府文化觀光局,文化資產科,苗栗縣苗栗市自治路50號,037-352961#716,"<a href=""http://nchdb.boch.gov.tw/assets/advanceSearch/historicalBuilding/20021126000003"" target=""_blank"">http://nchdb.boch.gov.tw/assets/advanceSearch/historicalBuilding/20021126000003</a>","[{'classification': '指定/登錄', 'officialDocNo': '府文資字第9105000243號公告', 'registerDate': '2002-11-26 09:39:50.0'}, {'classification': '變更/修正', 'officialDocNo': '府文資字第1007506282號', 'registerDate': '2011-07-05 00:00:00.0'}]",祠堂,苗栗縣
402,20050607000001,新埔火車站,"{'code': 'A7', 'name': '車站'}",<<歷史建築登錄廢止審查及輔助辦法>>,120.695271711102,24.540767740411,"{'itemNo': 1, 'cityName': '苗栗縣', 'distName': '通霄鎮', 'address': '苗栗縣通霄鎮新埔里8鄰57號'}",苗栗縣政府文化觀光局,文化資產科,苗栗縣苗栗市自治路50號,037-352961#712,"<a href=""http://nchdb.boch.gov.tw/assets/advanceSearch/historicalBuilding/20050607000001"" target=""_blank"">http://nchdb.boch.gov.tw/assets/advanceSearch/historicalBuilding/20050607000001</a>","[{'classification': '指定/登錄', 'officialDocNo': '府文資第0947500110號', 'registerDate': '2005-06-07 09:37:22.0'}]",車站,苗栗縣
403,20100430000001,通霄鐵道糧倉建築群,"{'code': 'A16', 'name': '產業'}",<<歷史建築登錄廢止審查及輔助辦法>>第2條第1項第1、2款,120.678458306877,24.491379778348602,"{'itemNo': 1, 'cityName': '苗栗縣', 'distName': '通霄鎮', 'address': '苗栗鎮通霄鎮通西里中山路109號'}",苗栗縣政府文化觀光局,文化資產科,苗栗縣苗栗市自治路50號,037-352961#712,"<a href=""http://nchdb.boch.gov.tw/assets/advanceSearch/historicalBuilding/20100430000001"" target=""_blank"">http://nchdb.boch.gov.tw/assets/advanceSearch/historicalBuilding/20100430000001</a>","[{'classification': '指定/登錄', 'officialDocNo': '府文資字第0997503786號', 'registerDate': '2010-04-30 09:27:06.0'}, {'classification': '指定/登錄', 'officialDocNo': '府文資字第1090006056B號', 'registerDate': '2020-05-08 22:24:18.528'}]",產業,苗栗縣
404,20101021000001,苑裡房里順天宮,"{'code': 'A2', 'name': '寺廟'}",<<歷史建築登錄廢止審查及輔助辦法>>第4條,120.646682619062,24.4351610104781,"{'itemNo': 1, 'cityName': '苗栗縣', 'distName': '苑裡鎮', 'address': '房裡里1鄰南房26號'}",苗栗縣政府文化觀光局,文化資產科,苗栗縣苗栗市自治路50號,037-352961#712,"<a href=""http://nchdb.boch.gov.tw/assets/advanceSearch/historicalBuilding/20101021000001"" target=""_blank"">http://nchdb.boch.gov.tw/assets/advanceSearch/historicalBuilding/20101021000001</a>","[{'classification': '指定/登錄', 'officialDocNo': '府文資字第0997510211號', 'registerDate': '2010-10-21 08:24:29.0'}]",寺廟,苗栗縣
405,20150209000001,蕉埔邱家水窟,"{'code': 'A99', 'name': '其他設施', 'other': '蓄水設施'}",<<歷史建築登錄廢止審查及輔助辦法>>第2條第1項第1、2、3款,120.677505,24.409826,"{'itemNo': 1, 'cityName': '苗栗縣', 'distName': '苑裡鎮', 'address': '蕉埔里8鄰84號'}",苗栗縣政府文化觀光局,文化資產科,苗栗縣苗栗市自治路50號,037-352961#712,"<a href=""http://nchdb.boch.gov.tw/assets/advanceSearch/historicalBuilding/20150209000001"" target=""_blank"">http://nchdb.boch.gov.tw/assets/advanceSearch/historicalBuilding/20150209000001</a>","[{'classification': '指定/登錄', 'officialDocNo': '府文資字第1040001260C號', 'registerDate': '2015-02-09 14:24:59.0'}]",其他設施,苗栗縣
406,20031205000001,苑裡鎮山腳國小日治後期宿舍群,"{'code': 'A3', 'name': '宅第'}",<<歷史建築登錄廢止審查及輔助辦法>>,120.685929641746,24.4173456715931,"{'itemNo': 1, 'cityName': '苗栗縣', 'distName': '苑裡鎮', 'address': '舊社里47 號'}",苗栗縣政府文化觀光局,文化資產科,苗栗縣苗栗市自治路50號,037-352961#716,"<a href=""http://nchdb.boch.gov.tw/assets/advanceSearch/historicalBuilding/20031205000001"" target=""_blank"">http://nchdb.boch.gov.tw/assets/advanceSearch/historicalBuilding/20031205000001</a>","[{'classification': '指定/登錄', 'officialDocNo': '府文資字第0927500342號公告', 'registerDate': '2003-12-05 09:38:11.0'}]",宅第,苗栗縣
407,20090519000003,苗栗市田心謝氏陳留堂,"{'code': 'A1', 'name': '祠堂'}",<<歷史建築登錄廢止審查及輔助辦法>>,120.827689726443,24.5685620703598,"{'itemNo': 1, 'cityName': '苗栗縣', 'distName': '苗栗市', 'address': '清華里田心26號'}",苗栗縣政府文化觀光局,文化資產科,苗栗縣苗栗市自治路50號,037-352961#712,"<a href=""http://nchdb.boch.gov.tw/assets/advanceSearch/historicalBuilding/20090519000003"" target=""_blank"">http://nchdb.boch.gov.tw/assets/advanceSearch/historicalBuilding/20090519000003</a>","[{'classification': '指定/登錄', 'officialDocNo': '府文資字第0987504705號', 'registerDate': '2009-05-19 09:29:37.0'}, {'classification': '變更/修正', 'officialDocNo': '府文資字第1007500976號', 'registerDate': '2011-01-26 00:00:00.0'}]",祠堂,苗栗縣
408,20080321000001,談文車站,"{'code': 'A7', 'name': '車站'}",<<歷史建築登錄廢止審查及輔助辦法>>,120.858520495227,24.6565375892526,"{'itemNo': 1, 'cityName': '苗栗縣', 'distName': '造橋鄉', 'address': '談文村仁愛路29號'}",苗栗縣政府文化觀光局,文化資產科,苗栗縣苗栗市自治路50號,037-352961#712,"<a href=""http://nchdb.boch.gov.tw/assets/advanceSearch/historicalBuilding/20080321000001"" target=""_blank"">http://nchdb.boch.gov.tw/assets/advanceSearch/historicalBuilding/20080321000001</a>","[{'classification': '指定/登錄', 'officialDocNo': '府文資字第0977500491號', 'registerDate': '2008-03-21 09:30:29.0'}]",車站,苗栗縣
409,20100609000001,出磺坑北寮舊辦公室,"{'code': 'A16', 'name': '產業'}",<<歷史建築登錄廢止審查及輔助辦法>>,120.855626672103,24.4600053121343,"{'itemNo': 1, 'cityName': '苗栗縣', 'distName': '公館鄉', 'address': '開礦村3鄰36號'}",苗栗縣政府文化觀光局,文化資產科,苗栗縣苗栗市自治路50號,037-352961#712,"<a href=""http://nchdb.boch.gov.tw/assets/advanceSearch/historicalBuilding/20100609000001"" target=""_blank"">http://nchdb.boch.gov.tw/assets/advanceSearch/historicalBuilding/20100609000001</a>","[{'classification': '指定/登錄', 'officialDocNo': '府文資字第0997505288號', 'registerDate': '2010-06-09 09:25:04.0'}]",產業,苗栗縣
410,20100609000002,出磺坑舊醫務所,"{'code': 'A16', 'name': '產業'}",<<歷史建築登錄廢止審查及輔助辦法>>,120.855325433191,24.4596211408754,"{'itemNo': 1, 'cityName': '苗栗縣', 'distName': '公館鄉', 'address': '開礦村3鄰36號'}",苗栗縣政府文化觀光局,文化資產科,苗栗縣苗栗市自治路50號,037-352961#712,"<a href=""http://nchdb.boch.gov.tw/assets/advanceSearch/historicalBuilding/20100609000002"" target=""_blank"">http://nchdb.boch.gov.tw/assets/advanceSearch/historicalBuilding/20100609000002</a>","[{'classification': '指定/登錄', 'officialDocNo': '府文資字第0997505289號', 'registerDate': '2010-06-09 09:25:22.0'}]",產業,苗栗縣
411,20100609000003,出磺坑舊重機具維修庫,"{'code': 'A16', 'name': '產業'}",<<歷史建築登錄廢止審查及輔助辦法>>,120.85580438705149,24.45968453277109,"{'itemNo': 1, 'cityName': '苗栗縣', 'distName': '公館鄉', 'address': '開礦村3鄰36號'}",苗栗縣政府文化觀光局,文化資產科,苗栗縣苗栗市自治路50號,037-352961#712,"<a href=""http://nchdb.boch.gov.tw/assets/advanceSearch/historicalBuilding/20100609000003"" target=""_blank"">http://nchdb.boch.gov.tw/assets/advanceSearch/historicalBuilding/20100609000003</a>","[{'classification': '指定/登錄', 'officialDocNo': '府文資字第0997505290號', 'registerDate': '2010-06-09 09:23:36.0'}]",產業,苗栗縣
412,20100609000004,出磺坑4號宿舍,"{'code': 'A16', 'name': '產業'}",<<歷史建築登錄廢止審查及輔助辦法>>,120.856510728923,24.4597132266919,"{'itemNo': 1, 'cityName': '苗栗縣', 'distName': '公館鄉', 'address': '開礦村3鄰36號'}",苗栗縣政府文化觀光局,文化資產科,苗栗縣苗栗市自治路50號,037-352961#712,"<a href=""http://nchdb.boch.gov.tw/assets/advanceSearch/historicalBuilding/20100609000004"" target=""_blank"">http://nchdb.boch.gov.tw/assets/advanceSearch/historicalBuilding/20100609000004</a>","[{'classification': '指定/登錄', 'officialDocNo': '府文資字第0997505291號', 'registerDate': '2010-06-09 09:49:05.0'}]",產業,苗栗縣
413,20100609000005,出磺坑6號處長宿舍,"{'code': 'A16', 'name': '產業'}",<<歷史建築登錄廢止審查及輔助辦法>>,120.856556044555,24.4593782359394,"{'itemNo': 1, 'cityName': '苗栗縣', 'distName': '公館鄉', 'address': '開礦村3鄰36號'}",苗栗縣政府文化觀光局,文化資產科,苗栗縣苗栗市自治路50號,037-352961#712,"<a href=""http://nchdb.boch.gov.tw/assets/advanceSearch/historicalBuilding/20100609000005"" target=""_blank"">http://nchdb.boch.gov.tw/assets/advanceSearch/historicalBuilding/20100609000005</a>","[{'classification': '指定/登錄', 'officialDocNo': '府文資字第0997505292號', 'registerDate': '2010-06-09 09:24:09.0'}]",產業,苗栗縣
414,20100609000006,出磺坑8號宿舍,"{'code': 'A16', 'name': '產業'}",<<歷史建築登錄廢止審查及輔助辦法>>,120.857205475439,24.4589851032411,"{'itemNo': 1, 'cityName': '苗栗縣', 'distName': '公館鄉', 'address': '開礦村3鄰36號'}",苗栗縣政府文化觀光局,文化資產科,苗栗縣苗栗市自治路50號,037-352961#712,"<a href=""http://nchdb.boch.gov.tw/assets/advanceSearch/historicalBuilding/20100609000006"" target=""_blank"">http://nchdb.boch.gov.tw/assets/advanceSearch/historicalBuilding/20100609000006</a>","[{'classification': '指定/登錄', 'officialDocNo': '府文資字第0997505293號', 'registerDate': '2010-06-09 09:49:38.0'}]",產業,苗栗縣
415,20100609000007,出磺坑16號宿舍,"{'code': 'A16', 'name': '產業'}",<<歷史建築登錄廢止審查及輔助辦法>>,120.856504901929,24.4594928821298,"{'itemNo': 1, 'cityName': '苗栗縣', 'distName': '公館鄉', 'address': '開礦村3鄰36號'}",苗栗縣政府文化觀光局,文化資產科,苗栗縣苗栗市自治路50號,037-352961#712,"<a href=""http://nchdb.boch.gov.tw/assets/advanceSearch/historicalBuilding/20100609000007"" target=""_blank"">http://nchdb.boch.gov.tw/assets/advanceSearch/historicalBuilding/20100609000007</a>","[{'classification': '指定/登錄', 'officialDocNo': '府文資字第0997505294', 'registerDate': '2010-06-09 09:50:10.0'}]",產業,苗栗縣
416,20040809000001,銅鑼鄉重光診所,"{'code': 'A99', 'name': '其他設施', 'other': '建築物類'}",<<歷史建築登錄廢止審查及輔助辦法>>,120.786547523718,24.4873154628734,"{'itemNo': 1, 'cityName': '苗栗縣', 'distName': '銅鑼鄉', 'address': '銅鑼村武聖路10號'}",苗栗縣政府文化觀光局,文化資產科,苗栗縣苗栗市自治路50號,037-352961#716,"<a href=""http://nchdb.boch.gov.tw/assets/advanceSearch/historicalBuilding/20040809000001"" target=""_blank"">http://nchdb.boch.gov.tw/assets/advanceSearch/historicalBuilding/20040809000001</a>","[{'classification': '指定/登錄', 'officialDocNo': '府文資字第0937500161號公告', 'registerDate': '2004-08-09 13:44:10.0'}]",其他設施,苗栗縣
417,20110517000001,舊銅鑼分駐所,"{'code': 'A6', 'name': '衙署'}",<<歷史建築登錄廢止審查及輔助辦法>>第2條第1項第1、2、3款,120.788381,24.492632,"{'itemNo': 1, 'cityName': '苗栗縣', 'distName': '銅鑼鄉', 'address': '復興路56號'}",苗栗縣政府文化觀光局,文化資產科,苗栗縣苗栗市自治路50號,037-352961#712,"<a href=""http://nchdb.boch.gov.tw/assets/advanceSearch/historicalBuilding/20110517000001"" target=""_blank"">http://nchdb.boch.gov.tw/assets/advanceSearch/historicalBuilding/20110517000001</a>","[{'classification': '指定/登錄', 'officialDocNo': '府文資字第1007504660號', 'registerDate': '2011-05-17 09:20:53.0'}]",衙署,苗栗縣
418,20070123000001,原三叉公學校日式宿舍群(原:建中國小日式宿舍),"{'code': 'A3', 'name': '宅第'}",<<歷史建築登錄廢止審查及輔助辦法>>第2條第1項第2、3款,120.76974843562,24.4130918464705,"{'itemNo': 1, 'cityName': '苗栗縣', 'distName': '三義鄉', 'address': '廣盛村81、82、83號'}",苗栗縣政府文化觀光局,文化資產科,苗栗縣苗栗市自治路50號,037-352961#712,"<a href=""http://nchdb.boch.gov.tw/assets/advanceSearch/historicalBuilding/20070123000001"" target=""_blank"">http://nchdb.boch.gov.tw/assets/advanceSearch/historicalBuilding/20070123000001</a>","[{'classification': '指定/登錄', 'officialDocNo': '府文資字第0967500078號', 'registerDate': '2007-01-23 00:00:00.0'}, {'classification': '變更/修正', 'officialDocNo': '府文資字第1060010411C號', 'registerDate': '2017-10-06 16:48:12.835'}, {'classification': '變更/修正', 'officialDocNo': '府文資字第1070001167B號', 'registerDate': '2018-01-25 16:48:59.979'}]",宅第,苗栗縣
419,20020917000001,三義建中國小奉安所,"{'code': 'A99', 'name': '其他設施', 'other': '其他歷史遺蹟'}",<<歷史建築登錄廢止審查及輔助辦法>>,120.769405962389,24.4131487572722,"{'itemNo': 1, 'cityName': '苗栗縣', 'distName': '三義鄉', 'address': '廣盛村80號'}",苗栗縣政府文化觀光局,文化資產科,苗栗縣苗栗市自治路50號,037-352961#716,"<a href=""http://nchdb.boch.gov.tw/assets/advanceSearch/historicalBuilding/20020917000001"" target=""_blank"">http://nchdb.boch.gov.tw/assets/advanceSearch/historicalBuilding/20020917000001</a>","[{'classification': '指定/登錄', 'officialDocNo': '府文資字第0910500186號公告', 'registerDate': '2002-09-17 13:37:45.0'}, {'classification': '變更/修正', 'officialDocNo': '府文資字第1020009447號', 'registerDate': '2013-09-27 00:00:00.0'}]",其他設施,苗栗縣
420,20141020000001,四湖劉恩寬大伙房,"{'code': 'A1', 'name': '祠堂'}",<<歷史建築登錄廢止審查及輔助辦法>>第2條第1項第1、2、3款,120.769475,24.538793,"{'itemNo': 1, 'cityName': '苗栗縣', 'distName': '西湖鄉', 'address': '四湖村6鄰老屋11號'}",苗栗縣政府文化觀光局,文化資產科,苗栗縣苗栗市自治路50號,037-352961#712,"<a href=""http://nchdb.boch.gov.tw/assets/advanceSearch/historicalBuilding/20141020000001"" target=""_blank"">http://nchdb.boch.gov.tw/assets/advanceSearch/historicalBuilding/20141020000001</a>","[{'classification': '指定/登錄', 'officialDocNo': '府文資字第1030010185C號', 'registerDate': '2014-10-20 11:28:22.0'}]",祠堂,苗栗縣
421,20140428000002,卓蘭國小日式宿舍,"{'code': 'A3', 'name': '宅第'}",歷史建築登錄廢止審查及輔助辦法第2條第1項第1款、第3款,120.82402,24.312481,"{'itemNo': 1, 'cityName': '苗栗縣', 'distName': '卓蘭鎮', 'address': '新厝里94、95號'}",苗栗縣政府文化觀光局,文化資產科,苗栗縣苗栗市自治路50號,037-352961#712,"<a href=""http://nchdb.boch.gov.tw/assets/advanceSearch/historicalBuilding/20140428000002"" target=""_blank"">http://nchdb.boch.gov.tw/assets/advanceSearch/historicalBuilding/20140428000002</a>","[{'classification': '指定/登錄', 'officialDocNo': '府文資第1030003610號', 'registerDate': '2014-04-28 09:38:09.0'}, {'classification': '變更/修正', 'officialDocNo': '府文資字第1050000994號', 'registerDate': '2016-01-28 13:21:13.205'}]",宅第,苗栗縣
422,20070919000001,卓蘭詹氏繼述堂,"{'code': 'A1', 'name': '祠堂'}",<<歷史建築登錄廢止審查及輔助辦法>>,120.826576669714,24.3108422982523,"{'itemNo': 1, 'cityName': '苗栗縣', 'distName': '卓蘭鎮', 'address': '老庄里信義路14號'}",苗栗縣政府文化觀光局,文化資產科,苗栗縣苗栗市自治路50號,037-352961#712,"<a href=""http://nchdb.boch.gov.tw/assets/advanceSearch/historicalBuilding/20070919000001"" target=""_blank"">http://nchdb.boch.gov.tw/assets/advanceSearch/historicalBuilding/20070919000001</a>","[{'classification': '指定/登錄', 'officialDocNo': '府文資字第0967501020號', 'registerDate': '2007-09-19 09:30:52.0'}]",祠堂,苗栗縣
423,20130703000001,太平買菸場,"{'code': 'A16', 'name': '產業'}",符合歷史建築登錄廢止審查及輔助辦法第2條第1項第1、3、4款評定基準。,120.724328,24.134035,"{'itemNo': 1, 'cityName': '臺中市', 'distName': '太平區', 'address': '東平里東平路464號'}",臺中市政府文化局,臺中市文化資產處,臺中市西區市府路41巷19號,04-22290280,"<a href=""http://nchdb.boch.gov.tw/assets/advanceSearch/historicalBuilding/20130703000001"" target=""_blank"">http://nchdb.boch.gov.tw/assets/advanceSearch/historicalBuilding/20130703000001</a>","[{'classification': '指定/登錄', 'officialDocNo': '府授文資一字第1020118221號', 'registerDate': '2013-07-03 00:00:00.0'}, {'classification': '變更/修正', 'officialDocNo': '府授文資古字第10602292391號', 'registerDate': '2017-10-26 00:00:00.0'}]",產業,臺中市
424,20131022000001,大里杙保正集會所,"{'code': 'A6', 'name': '衙署'}",<<歷史建築登錄廢止審查及輔助辦法>>第2條第1項第1、2、3、4款,120.677186,24.098131,"{'itemNo': 1, 'cityName': '臺中市', 'distName': '大里區', 'address': '新興路2號'}",臺中市政府文化局,臺中市文化資產處,臺中市西區市府路41巷19號,04-22290280,"<a href=""http://nchdb.boch.gov.tw/assets/advanceSearch/historicalBuilding/20131022000001"" target=""_blank"">http://nchdb.boch.gov.tw/assets/advanceSearch/historicalBuilding/20131022000001</a>","[{'classification': '指定/登錄', 'officialDocNo': '府授文資一字第1020199650號', 'registerDate': '2013-10-22 00:00:00.0'}]",衙署,臺中市
425,20141003000001,北溝故宮文物典藏山洞,"{'code': 'A99', 'name': '其他設施', 'other': '防空山洞'}",文化資產保存法第15條暨歷史建築登錄廢止審查及輔助辦法第3、4條規定。,120.719524,24.074606,"{'itemNo': 1, 'cityName': '臺中市', 'distName': '霧峰區', 'address': '吉峰里'}",臺中市政府文化局,臺中市文化資產處,臺中市西區市府路41巷19號,04-22290280,"<a href=""http://nchdb.boch.gov.tw/assets/advanceSearch/historicalBuilding/20141003000001"" target=""_blank"">http://nchdb.boch.gov.tw/assets/advanceSearch/historicalBuilding/20141003000001</a>","[{'classification': '指定/登錄', 'officialDocNo': '府授文資古字第1030193456號', 'registerDate': '2014-10-03 00:00:00.0'}]",其他設施,臺中市
426,20130514000001,舊省政府教育廳,"{'code': 'A20', 'name': '辦公廳舍'}",符合歷史建築登錄廢止審查及輔助辦法第2條第1項第1、2、3款評定基準。,120.699545,24.061326,"{'itemNo': 1, 'cityName': '臺中市', 'distName': '霧峰區', 'address': '臺中市霧峰區大同路16號'}",臺中市政府文化局,臺中市文化資產處,臺中市西區市府路41巷19號,04-22290280,"<a href=""http://nchdb.boch.gov.tw/assets/advanceSearch/historicalBuilding/20130514000001"" target=""_blank"">http://nchdb.boch.gov.tw/assets/advanceSearch/historicalBuilding/20130514000001</a>","[{'classification': '指定/登錄', 'officialDocNo': '府授文資二字第1020076691號', 'registerDate': '2013-05-14 00:00:00.0'}, {'classification': '變更/修正', 'officialDocNo': '府授文資古字第107017644431號', 'registerDate': '2018-08-07 15:35:35.471'}]",辦公廳舍,臺中市
427,20040206000002,(原)烏日庄役場,"{'code': 'A99', 'name': '其他設施', 'other': '建築物類'}",文化資產保存法暨歷史建築登錄及輔助辦法第七條規定辦理。,120.62218145389,24.1060005108883,"{'itemNo': 1, 'cityName': '臺中市', 'distName': '烏日區', 'address': '三民街126號'}",臺中市政府文化局,臺中市文化資產處,臺中市西區市府路41巷19號,04-22290280,"<a href=""http://nchdb.boch.gov.tw/assets/advanceSearch/historicalBuilding/20040206000002"" target=""_blank"">http://nchdb.boch.gov.tw/assets/advanceSearch/historicalBuilding/20040206000002</a>","[{'classification': '指定/登錄', 'officialDocNo': '府授文資字第0930010617號', 'registerDate': '2004-02-06 00:00:00.0'}]",其他設施,臺中市
428,20130315000001,烏日警察官吏派出所,"{'code': 'A6', 'name': '衙署'}",<<歷史建築登錄廢止審查及輔助辦法>>第2條第1項第1、2、4款,120.603103,24.108442,"{'itemNo': 1, 'cityName': '臺中市', 'distName': '烏日區', 'address': '三民街110號'}",臺中市政府文化局,臺中市文化資產處,臺中市西區市府路41巷19號,04-22290280,"<a href=""http://nchdb.boch.gov.tw/assets/advanceSearch/historicalBuilding/20130315000001"" target=""_blank"">http://nchdb.boch.gov.tw/assets/advanceSearch/historicalBuilding/20130315000001</a>","[{'classification': '指定/登錄', 'officialDocNo': '府授文資一字第1020044149號', 'registerDate': '2013-03-15 00:00:00.0'}]",衙署,臺中市
429,20130315000002,烏日車站舊站長宿舍,"{'code': 'A3', 'name': '宅第'}",<<歷史建築登錄廢止審查及輔助辦法>>第2條第1項第1、2、3款,120.603103,24.108442,"{'itemNo': 1, 'cityName': '臺中市', 'distName': '烏日區', 'address': '臺中市烏日區三民街197巷28號'}",臺中市政府文化局,臺中市文化資產處,臺中市西區市府路41巷19號,04-22290280,"<a href=""http://nchdb.boch.gov.tw/assets/advanceSearch/historicalBuilding/20130315000002"" target=""_blank"">http://nchdb.boch.gov.tw/assets/advanceSearch/historicalBuilding/20130315000002</a>","[{'classification': '指定/登錄', 'officialDocNo': '府授文資一字第1020044158號', 'registerDate': '2013-03-15 00:00:00.0'}]",宅第,臺中市
430,20141205000001,豐原郡附屬官舍,"{'code': 'A3', 'name': '宅第'}",文化資產保存法第15條及歷史建築登錄廢止審查及輔助辦法第2、3、4條規定辦理。,120.715199,24.250214,"{'itemNo': 1, 'cityName': '臺中市', 'distName': '豐原區', 'address': '臺中市豐原區中山路500號、500-1號'}",臺中市政府,臺中市文化資產處,臺中市西區市府路41巷19號,04-22290280,"<a href=""http://nchdb.boch.gov.tw/assets/advanceSearch/historicalBuilding/20141205000001"" target=""_blank"">http://nchdb.boch.gov.tw/assets/advanceSearch/historicalBuilding/20141205000001</a>","[{'classification': '指定/登錄', 'officialDocNo': '府授文資古字第10302490161號', 'registerDate': '2014-12-05 00:00:00.0'}]",宅第,臺中市
431,20141029000001,呂樵湖故居,"{'code': 'A3', 'name': '宅第'}",文化資產保存法第15條及歷史建築登錄廢止審查及輔助辦法第2、3、4條規定辦理。,120.69937,24.246031,"{'itemNo': 1, 'cityName': '臺中市', 'distName': '豐原區', 'address': '臺中市豐原區社皮里社皮路3巷13號'}",臺中市政府文化局,臺中市文化資產處,臺中市西區市府路41巷19號,04-22290280,"<a href=""http://nchdb.boch.gov.tw/assets/advanceSearch/historicalBuilding/20141029000001"" target=""_blank"">http://nchdb.boch.gov.tw/assets/advanceSearch/historicalBuilding/20141029000001</a>","[{'classification': '指定/登錄', 'officialDocNo': '府授文資古字第10302170621號', 'registerDate': '2014-10-29 14:35:27.0'}]",宅第,臺中市
432,20150311000001,頂街派出所,"{'code': 'A99', 'name': '其他設施', 'other': '建築物類'}",文化資產保存法第15條、歷史建築登錄廢止審查及輔助辦法第2、3、4條規定。,120.722567090912,24.2536959167919,"{'itemNo': 1, 'cityName': '臺中市', 'distName': '豐原區', 'address': '臺中市豐原區中正路5號'}",臺中市政府文化局,臺中市文化資產處,臺中市西區市府路41巷19號,04-22290280,"<a href=""http://nchdb.boch.gov.tw/assets/advanceSearch/historicalBuilding/20150311000001"" target=""_blank"">http://nchdb.boch.gov.tw/assets/advanceSearch/historicalBuilding/20150311000001</a>","[{'classification': '指定/登錄', 'officialDocNo': '府文資字第10543-7號', 'registerDate': '2002-04-16 11:59:54.652', 'note': ''}, {'classification': '變更/修正', 'officialDocNo': '府授文資古字第10400410971號', 'registerDate': '2015-03-10 00:00:00.0'}]",其他設施,臺中市
433,20040206000003,(原)葫蘆墩圳入水口,"{'code': 'A99', 'name': '其他設施', 'other': '建築物類'}",文化資產保存法暨歷史建築登錄及輔助辦法第七條規定辦理。,120.761113477461,24.2785218309675,"{'itemNo': 1, 'cityName': '臺中市', 'distName': '豐原區', 'address': '豐原市萬順二街盡頭'}",臺中市政府文化局,臺中市文化資產處,臺中市西區市府路41巷19號,04-22290280,"<a href=""http://nchdb.boch.gov.tw/assets/advanceSearch/historicalBuilding/20040206000003"" target=""_blank"">http://nchdb.boch.gov.tw/assets/advanceSearch/historicalBuilding/20040206000003</a>","[{'classification': '指定/登錄', 'officialDocNo': '府授文資字第0930010617-1號', 'registerDate': '2004-02-06 16:07:10.0'}]",其他設施,臺中市
434,20040206000004,豐榮水利紀念碑,"{'code': 'A9', 'name': '碑碣'}",暨歷史建築登錄及輔助辦法第七條規定辦理。,120.761017931001,24.2785219024848,"{'itemNo': 1, 'cityName': '臺中市', 'distName': '豐原區', 'address': '萬順二街盡頭'}",臺中市政府文化局,臺中市文化資產處,臺中市西區市府路41巷19號,04-22290280,"<a href=""http://nchdb.boch.gov.tw/assets/advanceSearch/historicalBuilding/20040206000004"" target=""_blank"">http://nchdb.boch.gov.tw/assets/advanceSearch/historicalBuilding/20040206000004</a>","[{'classification': '指定/登錄', 'officialDocNo': '府授文資字第0930010617-2號', 'registerDate': '2004-02-06 17:28:19.0'}]",碑碣,臺中市
435,20040206000005,舊山線鐵道-大甲溪鐵橋,"{'code': 'A99', 'name': '其他設施', 'other': '建築物類'}",文化資產保存法暨歷史建築登錄及輔助辦法第七條規定辦理。,120.745990052552,24.2789261063921,"{'itemNo': 1, 'cityName': '臺中市', 'distName': '豐原區', 'address': '朴子街260巷50號旁'}",臺中市政府文化局,臺中市文化資產處,臺中市西區市府路41巷19號,04-22290280,"<a href=""http://nchdb.boch.gov.tw/assets/advanceSearch/historicalBuilding/20040206000005"" target=""_blank"">http://nchdb.boch.gov.tw/assets/advanceSearch/historicalBuilding/20040206000005</a>","[{'classification': '指定/登錄', 'officialDocNo': '府授文資字第0930010617-3號', 'registerDate': '2004-02-06 16:36:51.0'}]",其他設施,臺中市
436,20040206000006,豐原「萬選居」,"{'code': 'A99', 'name': '其他設施', 'other': '建築物類'}",文化資產保存法暨歷史建築登錄及輔助辦法第七條規定辦理。,120.737620854767,24.2653864264091,"{'itemNo': 1, 'cityName': '臺中市', 'distName': '豐原區', 'address': '豐年路149巷10弄16號'}",臺中市政府文化局,臺中市文化資產處,臺中市西區市府路41巷19號,04-22290280,"<a href=""http://nchdb.boch.gov.tw/assets/advanceSearch/historicalBuilding/20040206000006"" target=""_blank"">http://nchdb.boch.gov.tw/assets/advanceSearch/historicalBuilding/20040206000006</a>","[{'classification': '指定/登錄', 'officialDocNo': '府授文資字第0930010617-4號', 'registerDate': '2004-02-06 17:32:27.0'}, {'classification': '變更/修正', 'officialDocNo': '府授文資字第0970006145號', 'registerDate': '2008-08-29 00:00:00.0'}]",其他設施,臺中市
437,20100302000001,月眉糖廠「製糖工場」,"{'code': 'A16', 'name': '產業'}",文化資產保存法第15條及歷史建築登錄廢止審查及補助辦法。,120.69443160381,24.313985215138,"{'itemNo': 1, 'cityName': '臺中市', 'distName': '后里區', 'address': '甲后路864號'}",臺中市政府文化局,臺中市文化資產處,臺中市西區市府路41巷19號,04-22290280,"<a href=""http://nchdb.boch.gov.tw/assets/advanceSearch/historicalBuilding/20100302000001"" target=""_blank"">http://nchdb.boch.gov.tw/assets/advanceSearch/historicalBuilding/20100302000001</a>","[{'classification': '指定/登錄', 'officialDocNo': '府授文資字第0990001403號', 'registerDate': '2010-03-02 15:54:02.0'}]",產業,臺中市
438,20020416000002,石岡農會碾米穀倉,"{'code': 'A16', 'name': '產業'}",<<歷史建築登錄廢止審查及輔助辦法>>第2條第1項第1、2、3款,120.776505135634,24.2754474786386,"{'itemNo': 1, 'cityName': '臺中市', 'distName': '石岡區', 'address': '萬安村忠孝街160號旁'}",臺中市政府文化局,臺中市文化資產處,臺中市西區市府路41巷19號,04-22290280,"<a href=""http://nchdb.boch.gov.tw/assets/advanceSearch/historicalBuilding/20020416000002"" target=""_blank"">http://nchdb.boch.gov.tw/assets/advanceSearch/historicalBuilding/20020416000002</a>","[{'classification': '指定/登錄', 'officialDocNo': '91府文資字第10543-6號', 'registerDate': '2002-04-16 00:00:00.0'}, {'classification': '變更/修正', 'officialDocNo': ' 府授文資古字第10701028231號', 'registerDate': '2018-05-18 00:00:00.0'}]",產業,臺中市
439,20020416000003,月恆門,"{'code': 'A99', 'name': '其他設施', 'other': '建築物類'}",文化資產保存法暨歷史建築登錄暨輔助辦法第七條規定。,120.835243964097,24.2202696774383,"{'itemNo': 1, 'cityName': '臺中市', 'distName': '東勢區', 'address': '下城里東關路和興巷32 號旁'}",臺中市政府文化局,臺中市文化資產處,臺中市西區市府路41巷19號,04-22290280,"<a href=""http://nchdb.boch.gov.tw/assets/advanceSearch/historicalBuilding/20020416000003"" target=""_blank"">http://nchdb.boch.gov.tw/assets/advanceSearch/historicalBuilding/20020416000003</a>","[{'classification': '指定/登錄', 'officialDocNo': '91府文資字第10543-3號', 'registerDate': '2002-04-16 12:11:14.0'}]",其他設施,臺中市
440,20020416000004,金門橋,"{'code': 'A99', 'name': '其他設施', 'other': '其他歷史遺蹟'}",文化資產保存法暨歷史建築登錄及輔助辦法第七條規定。,120.835170412881,24.2202113958317,"{'itemNo': 1, 'cityName': '臺中市', 'distName': '東勢區', 'address': '下城里東關路和興巷31號旁'}",臺中市政府文化局,臺中市文化資產處,臺中市西區市府路41巷19號,04-22290280,"<a href=""http://nchdb.boch.gov.tw/assets/advanceSearch/historicalBuilding/20020416000004"" target=""_blank"">http://nchdb.boch.gov.tw/assets/advanceSearch/historicalBuilding/20020416000004</a>","[{'classification': '指定/登錄', 'officialDocNo': '91府文資字第10543-4 號', 'registerDate': '2002-04-16 11:58:58.0'}]",其他設施,臺中市
441,20150121000003,東勢劉文進墓,"{'code': 'A12', 'name': '墓葬'}",「文化資產保存法」第15條、「歷史建築登錄廢止審查及輔助辦法」第3、4條。,120.848807,24.2793,"{'itemNo': 1, 'cityName': '臺中市', 'distName': '東勢區', 'address': '東勢區高簡段574、678、680等三筆地號(均為部分)'}",臺中市政府文化局,臺中市文化資產處,臺中市西區市府路41巷19號,04-22290280,"<a href=""http://nchdb.boch.gov.tw/assets/advanceSearch/historicalBuilding/20150121000003"" target=""_blank"">http://nchdb.boch.gov.tw/assets/advanceSearch/historicalBuilding/20150121000003</a>","[{'classification': '指定/登錄', 'officialDocNo': '中市文資古字第1040014145號', 'registerDate': '2015-01-21 00:00:00.0'}, {'classification': '變更/修正', 'officialDocNo': '府授文資古字第10702680051號', 'registerDate': '2018-11-13 20:51:57.214'}]",墓葬,臺中市
442,20101108000002,原東勢公學校宿舍,"{'code': 'A3', 'name': '宅第'}",文化資產保存法第15條及歷史建築登錄廢止審查及補助辦法。,120.830102156291,24.2577551036033,"{'itemNo': 1, 'cityName': '臺中市', 'distName': '東勢區', 'address': '臺中市東勢區第五橫街2、12、14、16號'}",臺中市政府文化局,臺中市文化資產處,臺中市西區市府路41巷19號,04-22290280,"<a href=""http://nchdb.boch.gov.tw/assets/advanceSearch/historicalBuilding/20101108000002"" target=""_blank"">http://nchdb.boch.gov.tw/assets/advanceSearch/historicalBuilding/20101108000002</a>","[{'classification': '指定/登錄', 'officialDocNo': '府授文資字第0990007918號', 'registerDate': '2010-11-08 00:00:00.0'}]",宅第,臺中市
443,20140813000001,梨山耶穌堂,"{'code': 'A10', 'name': '教堂'}",<<歷史建築登錄廢止審查及輔助辦法>>第2條第1項第1、4款,121.308408,24.320726,"{'itemNo': 1, 'cityName': '臺中市', 'distName': '和平區', 'address': '梨山里福壽路5號'}",臺中市政府文化局,臺中市文化資產處,臺中市西區市府路41巷19號,04-22290280,"<a href=""http://nchdb.boch.gov.tw/assets/advanceSearch/historicalBuilding/20140813000001"" target=""_blank"">http://nchdb.boch.gov.tw/assets/advanceSearch/historicalBuilding/20140813000001</a>","[{'classification': '指定/登錄', 'officialDocNo': '府授文資古字第1030151031號', 'registerDate': '2014-08-13 00:00:00.0'}]",教堂,臺中市
444,20020416000005,白冷圳入水口,"{'code': 'A99', 'name': '其他設施', 'other': '其他歷史遺蹟'}",文化資產保存法暨歷史建築登錄及輔助辦法第七條規定辦理。,120.921076154935,24.1827656242123,"{'itemNo': 1, 'cityName': '臺中市', 'distName': '和平區', 'address': '東關路2段三民巷'}",臺中市政府文化局,臺中市文化資產處,臺中市西區市府路41巷19號,04-22290280,"<a href=""http://nchdb.boch.gov.tw/assets/advanceSearch/historicalBuilding/20020416000005"" target=""_blank"">http://nchdb.boch.gov.tw/assets/advanceSearch/historicalBuilding/20020416000005</a>","[{'classification': '指定/登錄', 'officialDocNo': '91府文資字第10543-1號', 'registerDate': '2002-04-16 15:55:44.0'}]",其他設施,臺中市
445,20020416000006,白冷圳—抽藤坑倒虹吸管,"{'code': 'A99', 'name': '其他設施', 'other': '其他歷史遺跡'}",文化資產保存法暨歷史建築登錄及輔助辦法第七條規定。,120.829805990401,24.1680826631782,"{'itemNo': 1, 'cityName': '臺中市', 'distName': '新社區', 'address': '中和村中95 線道旁'}",臺中市政府文化局,臺中市文化資產處,臺中市西區市府路41巷19號,04-22290280,"<a href=""http://nchdb.boch.gov.tw/assets/advanceSearch/historicalBuilding/20020416000006"" target=""_blank"">http://nchdb.boch.gov.tw/assets/advanceSearch/historicalBuilding/20020416000006</a>","[{'classification': '指定/登錄', 'officialDocNo': '91府文資字第10543-2號', 'registerDate': '2002-04-16 16:10:04.0'}]",其他設施,臺中市
446,20070425000001,殉職山岡先生之碑,"{'code': 'A9', 'name': '碑碣'}",文化資產保存法第15條暨歷史建築登錄廢止審查及輔助辦法第3條規定。,120.803043161823,24.2450567358571,"{'itemNo': 1, 'cityName': '臺中市', 'distName': '新社區', 'address': '臺中市新社區中和街4段240巷2號下方平台'}",臺中市政府文化局,臺中市文化資產處,臺中市西區市府路41巷19號,04-22290280,"<a href=""http://nchdb.boch.gov.tw/assets/advanceSearch/historicalBuilding/20070425000001"" target=""_blank"">http://nchdb.boch.gov.tw/assets/advanceSearch/historicalBuilding/20070425000001</a>","[{'classification': '指定/登錄', 'officialDocNo': '府授文資字第0960003240號', 'registerDate': '2007-04-25 00:00:00.0'}]",碑碣,臺中市
447,20070809000001,白冷圳矮山支線-過水吊橋,"{'code': 'A15', 'name': '橋樑'}",文化資產保存法第十五條暨歷史建築登錄廢止審查及輔助辦法第三條規定。,120.824145820098,24.1785489142249,"{'itemNo': 1, 'cityName': '臺中市', 'distName': '新社區', 'address': '臺中市新社區慶西村湖興17號下方約200公尺'}",臺中市政府文化局,臺中市文化資產處,臺中市西區市府路41巷19號,04-22290280,"<a href=""http://nchdb.boch.gov.tw/assets/advanceSearch/historicalBuilding/20070809000001"" target=""_blank"">http://nchdb.boch.gov.tw/assets/advanceSearch/historicalBuilding/20070809000001</a>","[{'classification': '指定/登錄', 'officialDocNo': '府授文資字第0960006232號', 'registerDate': '2007-08-09 00:00:00.0'}]",橋樑,臺中市
448,20120830000001,潭子國小日式校舍,"{'code': 'A99', 'name': '其他設施', 'other': '宿舍'}",歷史建築紀念建築登錄廢止審查及輔助辦法第2條第1項第1、2、3款所列基準。,120.704571,24.214946,"{'itemNo': 1, 'cityName': '臺中市', 'distName': '潭子區', 'address': '南門街1巷9、10、11、12、13、14、15、16、17號'}",台中市政府文化局,臺中市文化資產處,臺中市西區市府路41巷19號,04-22290280,"<a href=""http://nchdb.boch.gov.tw/assets/advanceSearch/historicalBuilding/20120830000001"" target=""_blank"">http://nchdb.boch.gov.tw/assets/advanceSearch/historicalBuilding/20120830000001</a>","[{'classification': '指定/登錄', 'officialDocNo': '府授文資字第1010149474號', 'registerDate': '2012-08-30 16:15:56.836'}, {'classification': '變更/修正', 'officialDocNo': '府授文資字第1010229597號', 'registerDate': '2012-12-25 00:00:00.0'}, {'classification': '變更/修正', 'officialDocNo': '府授文資古字第10900223981號', 'registerDate': '2020-02-11 00:00:00.0'}]",其他設施,臺中市
449,20101220000002,清泉崗原美軍營舍,"{'code': 'A99', 'name': '其他設施', 'other': '軍事設施'}",文化資產保存法第15條及歷史建築登錄廢止審查及補助辦法。,120.644090742923,24.2636402570097,"{'itemNo': 1, 'cityName': '臺中市', 'distName': '大雅區', 'address': '中清路4段600號'}",臺中市政府文化局,臺中市文化資產處,臺中市西區市府路41巷19號,04-22290280,"<a href=""http://nchdb.boch.gov.tw/assets/advanceSearch/historicalBuilding/20101220000002"" target=""_blank"">http://nchdb.boch.gov.tw/assets/advanceSearch/historicalBuilding/20101220000002</a>","[{'classification': '指定/登錄', 'officialDocNo': '府授文資字第0990009149號', 'registerDate': '2010-12-20 00:00:00.0'}]",其他設施,臺中市
450,20130607000001,岸裡公學校校舍,"{'code': 'A99', 'name': '其他設施', 'other': '校舍'}",依據文化資產保存法第15條暨歷史建築登錄廢止審查及輔助辦法第2條第1項第1、3、4款規定。,120.69756,24.248711,"{'itemNo': 1, 'cityName': '臺中市', 'distName': '神岡區', 'address': '中山區52號'}",台中市政府文化局,台中市文化資產管理中心,臺中市西區市府路41巷19號,22290280,"<a href=""http://nchdb.boch.gov.tw/assets/advanceSearch/historicalBuilding/20130607000001"" target=""_blank"">http://nchdb.boch.gov.tw/assets/advanceSearch/historicalBuilding/20130607000001</a>","[{'classification': '指定/登錄', 'officialDocNo': '府授文資一字第1020095117號', 'registerDate': '2013-06-07 13:46:30.0'}]",其他設施,臺中市
451,20040413000001,林振芳古墓,"{'code': 'A12', 'name': '墓葬'}",文化資產保存法暨歷史建築登錄及輔助辦法第七條規定。,120.695031057988,24.2457408002116,"{'itemNo': 1, 'cityName': '臺中市', 'distName': '神岡區', 'address': '大豐路五段295巷旁'}",臺中市政府文化局,臺中市文化資產處,臺中市西區市府路41巷19號,04-22290280,"<a href=""http://nchdb.boch.gov.tw/assets/advanceSearch/historicalBuilding/20040413000001"" target=""_blank"">http://nchdb.boch.gov.tw/assets/advanceSearch/historicalBuilding/20040413000001</a>","[{'classification': '指定/登錄', 'officialDocNo': '府授文資字第0930010920-4號', 'registerDate': '2004-04-13 00:00:00.0'}]",墓葬,臺中市
452,20100302000002,大庄浩天宮,"{'code': 'A2', 'name': '寺廟'}",文化資產保存法第15條及歷史建築登錄廢止審查及補助辦法第4條。,120.539650025312,24.2457844100485,"{'itemNo': 1, 'cityName': '臺中市', 'distName': '梧棲區', 'address': '臺中市梧棲區鎮中央路一段784號'}",臺中市政府文化局,臺中市文化資產處,臺中市西區市府路41巷19號,04-22290280,"<a href=""http://nchdb.boch.gov.tw/assets/advanceSearch/historicalBuilding/20100302000002"" target=""_blank"">http://nchdb.boch.gov.tw/assets/advanceSearch/historicalBuilding/20100302000002</a>","[{'classification': '指定/登錄', 'officialDocNo': '府授文資字第0990001407號', 'registerDate': '2010-03-02 00:00:00.0'}]",寺廟,臺中市
453,20081001000001,清水公學校日式宿舍群,"{'code': 'A99', 'name': '其他設施', 'other': '宿舍'}",文化資產保存法第15條暨歷史建築登錄廢止審查及輔助辦法第3、4條規定。,120.573063415527,24.2680215506875,"{'itemNo': 1, 'cityName': '臺中市', 'distName': '清水區', 'address': '臺中市清水區鎮南街59號'}",臺中市政府文化局,臺中市文化資產處,臺中市西區市府路41巷19號,04-22290280,"<a href=""http://nchdb.boch.gov.tw/assets/advanceSearch/historicalBuilding/20081001000001"" target=""_blank"">http://nchdb.boch.gov.tw/assets/advanceSearch/historicalBuilding/20081001000001</a>","[{'classification': '指定/登錄', 'officialDocNo': '府授文資字第0970006970號', 'registerDate': '2008-10-01 00:00:00.0'}]",其他設施,臺中市
453,20081001000001,清水公學校日式宿舍群,"{'code': 'A99', 'name': '其他設施', 'other': '宿舍'}",文化資產保存法第15條暨歷史建築登錄廢止審查及輔助辦法第3、4條規定。,120.573063415527,24.2680215506875,"{'itemNo': 2, 'cityName': '臺中市', 'distName': '清水區', 'address': '臺中市清水區鎮南街61號'}",臺中市政府文化局,臺中市文化資產處,臺中市西區市府路41巷19號,04-22290280,"<a href=""http://nchdb.boch.gov.tw/assets/advanceSearch/historicalBuilding/20081001000001"" target=""_blank"">http://nchdb.boch.gov.tw/assets/advanceSearch/historicalBuilding/20081001000001</a>","[{'classification': '指定/登錄', 'officialDocNo': '府授文資字第0970006970號', 'registerDate': '2008-10-01 00:00:00.0'}]",其他設施,臺中市
453,20081001000001,清水公學校日式宿舍群,"{'code': 'A99', 'name': '其他設施', 'other': '宿舍'}",文化資產保存法第15條暨歷史建築登錄廢止審查及輔助辦法第3、4條規定。,120.573063415527,24.2680215506875,"{'itemNo': 3, 'cityName': '臺中市', 'distName': '清水區', 'address': '臺中市清水區鎮南街63號'}",臺中市政府文化局,臺中市文化資產處,臺中市西區市府路41巷19號,04-22290280,"<a href=""http://nchdb.boch.gov.tw/assets/advanceSearch/historicalBuilding/20081001000001"" target=""_blank"">http://nchdb.boch.gov.tw/assets/advanceSearch/historicalBuilding/20081001000001</a>","[{'classification': '指定/登錄', 'officialDocNo': '府授文資字第0970006970號', 'registerDate': '2008-10-01 00:00:00.0'}]",其他設施,臺中市
453,20081001000001,清水公學校日式宿舍群,"{'code': 'A99', 'name': '其他設施', 'other': '宿舍'}",文化資產保存法第15條暨歷史建築登錄廢止審查及輔助辦法第3、4條規定。,120.573063415527,24.2680215506875,"{'itemNo': 4, 'cityName': '臺中市', 'distName': '清水區', 'address': '臺中市清水區鎮南街65號'}",臺中市政府文化局,臺中市文化資產處,臺中市西區市府路41巷19號,04-22290280,"<a href=""http://nchdb.boch.gov.tw/assets/advanceSearch/historicalBuilding/20081001000001"" target=""_blank"">http://nchdb.boch.gov.tw/assets/advanceSearch/historicalBuilding/20081001000001</a>","[{'classification': '指定/登錄', 'officialDocNo': '府授文資字第0970006970號', 'registerDate': '2008-10-01 00:00:00.0'}]",其他設施,臺中市
453,20081001000001,清水公學校日式宿舍群,"{'code': 'A99', 'name': '其他設施', 'other': '宿舍'}",文化資產保存法第15條暨歷史建築登錄廢止審查及輔助辦法第3、4條規定。,120.573063415527,24.2680215506875,"{'itemNo': 5, 'cityName': '臺中市', 'distName': '清水區', 'address': '臺中市清水區鎮南街67號'}",臺中市政府文化局,臺中市文化資產處,臺中市西區市府路41巷19號,04-22290280,"<a href=""http://nchdb.boch.gov.tw/assets/advanceSearch/historicalBuilding/20081001000001"" target=""_blank"">http://nchdb.boch.gov.tw/assets/advanceSearch/historicalBuilding/20081001000001</a>","[{'classification': '指定/登錄', 'officialDocNo': '府授文資字第0970006970號', 'registerDate': '2008-10-01 00:00:00.0'}]",其他設施,臺中市
453,20081001000001,清水公學校日式宿舍群,"{'code': 'A99', 'name': '其他設施', 'other': '宿舍'}",文化資產保存法第15條暨歷史建築登錄廢止審查及輔助辦法第3、4條規定。,120.573063415527,24.2680215506875,"{'itemNo': 6, 'cityName': '臺中市', 'distName': '清水區', 'address': '臺中市清水區鎮南街69號'}",臺中市政府文化局,臺中市文化資產處,臺中市西區市府路41巷19號,04-22290280,"<a href=""http://nchdb.boch.gov.tw/assets/advanceSearch/historicalBuilding/20081001000001"" target=""_blank"">http://nchdb.boch.gov.tw/assets/advanceSearch/historicalBuilding/20081001000001</a>","[{'classification': '指定/登錄', 'officialDocNo': '府授文資字第0970006970號', 'registerDate': '2008-10-01 00:00:00.0'}]",其他設施,臺中市
453,20081001000001,清水公學校日式宿舍群,"{'code': 'A99', 'name': '其他設施', 'other': '宿舍'}",文化資產保存法第15條暨歷史建築登錄廢止審查及輔助辦法第3、4條規定。,120.573063415527,24.2680215506875,"{'itemNo': 7, 'cityName': '臺中市', 'distName': '清水區', 'address': '臺中市清水區鎮南街71號'}",臺中市政府文化局,臺中市文化資產處,臺中市西區市府路41巷19號,04-22290280,"<a href=""http://nchdb.boch.gov.tw/assets/advanceSearch/historicalBuilding/20081001000001"" target=""_blank"">http://nchdb.boch.gov.tw/assets/advanceSearch/historicalBuilding/20081001000001</a>","[{'classification': '指定/登錄', 'officialDocNo': '府授文資字第0970006970號', 'registerDate': '2008-10-01 00:00:00.0'}]",其他設施,臺中市
453,20081001000001,清水公學校日式宿舍群,"{'code': 'A99', 'name': '其他設施', 'other': '宿舍'}",文化資產保存法第15條暨歷史建築登錄廢止審查及輔助辦法第3、4條規定。,120.573063415527,24.2680215506875,"{'itemNo': 8, 'cityName': '臺中市', 'distName': '清水區', 'address': '臺中市清水區鎮南街73號'}",臺中市政府文化局,臺中市文化資產處,臺中市西區市府路41巷19號,04-22290280,"<a href=""http://nchdb.boch.gov.tw/assets/advanceSearch/historicalBuilding/20081001000001"" target=""_blank"">http://nchdb.boch.gov.tw/assets/advanceSearch/historicalBuilding/20081001000001</a>","[{'classification': '指定/登錄', 'officialDocNo': '府授文資字第0970006970號', 'registerDate': '2008-10-01 00:00:00.0'}]",其他設施,臺中市
453,20081001000001,清水公學校日式宿舍群,"{'code': 'A99', 'name': '其他設施', 'other': '宿舍'}",文化資產保存法第15條暨歷史建築登錄廢止審查及輔助辦法第3、4條規定。,120.573063415527,24.2680215506875,"{'itemNo': 9, 'cityName': '臺中市', 'distName': '清水區', 'address': '臺中市清水區鎮南街75號'}",臺中市政府文化局,臺中市文化資產處,臺中市西區市府路41巷19號,04-22290280,"<a href=""http://nchdb.boch.gov.tw/assets/advanceSearch/historicalBuilding/20081001000001"" target=""_blank"">http://nchdb.boch.gov.tw/assets/advanceSearch/historicalBuilding/20081001000001</a>","[{'classification': '指定/登錄', 'officialDocNo': '府授文資字第0970006970號', 'registerDate': '2008-10-01 00:00:00.0'}]",其他設施,臺中市
453,20081001000001,清水公學校日式宿舍群,"{'code': 'A99', 'name': '其他設施', 'other': '宿舍'}",文化資產保存法第15條暨歷史建築登錄廢止審查及輔助辦法第3、4條規定。,120.573063415527,24.2680215506875,"{'itemNo': 10, 'cityName': '臺中市', 'distName': '清水區', 'address': '臺中市清水區鎮南街77號'}",臺中市政府文化局,臺中市文化資產處,臺中市西區市府路41巷19號,04-22290280,"<a href=""http://nchdb.boch.gov.tw/assets/advanceSearch/historicalBuilding/20081001000001"" target=""_blank"">http://nchdb.boch.gov.tw/assets/advanceSearch/historicalBuilding/20081001000001</a>","[{'classification': '指定/登錄', 'officialDocNo': '府授文資字第0970006970號', 'registerDate': '2008-10-01 00:00:00.0'}]",其他設施,臺中市
453,20081001000001,清水公學校日式宿舍群,"{'code': 'A99', 'name': '其他設施', 'other': '宿舍'}",文化資產保存法第15條暨歷史建築登錄廢止審查及輔助辦法第3、4條規定。,120.573063415527,24.2680215506875,"{'itemNo': 11, 'cityName': '臺中市', 'distName': '清水區', 'address': '臺中市清水區鎮南街79號'}",臺中市政府文化局,臺中市文化資產處,臺中市西區市府路41巷19號,04-22290280,"<a href=""http://nchdb.boch.gov.tw/assets/advanceSearch/historicalBuilding/20081001000001"" target=""_blank"">http://nchdb.boch.gov.tw/assets/advanceSearch/historicalBuilding/20081001000001</a>","[{'classification': '指定/登錄', 'officialDocNo': '府授文資字第0970006970號', 'registerDate': '2008-10-01 00:00:00.0'}]",其他設施,臺中市
454,20040413000002,清水震災紀念碑,"{'code': 'A9', 'name': '碑碣'}",文化資產保存法暨歷史建築登錄及輔助辦法第七條規定辦理。,120.579819948144,24.2682327168818,"{'itemNo': 1, 'cityName': '臺中市', 'distName': '清水區', 'address': '大街路130號對面'}",臺中市政府文化局,臺中市文化資產處,臺中市西區市府路41巷19號,04-22290280,"<a href=""http://nchdb.boch.gov.tw/assets/advanceSearch/historicalBuilding/20040413000002"" target=""_blank"">http://nchdb.boch.gov.tw/assets/advanceSearch/historicalBuilding/20040413000002</a>","[{'classification': '指定/登錄', 'officialDocNo': '府授文資字第0930010920-2號', 'registerDate': '2004-04-13 00:00:00.0'}]",碑碣,臺中市
455,20040413000003,縱貫鐵路(海線)清水車站,"{'code': 'A99', 'name': '其他設施', 'other': '建築物類'}",文化資產保存法暨歷史建築登錄及輔助辦法第七條規定辦理。,120.569174182499,24.263623232806,"{'itemNo': 1, 'cityName': '臺中市', 'distName': '清水區', 'address': '中正街115號'}",臺中市政府文化局,臺中市文化資產處,臺中市西區市府路41巷19號,04-22290280,"<a href=""http://nchdb.boch.gov.tw/assets/advanceSearch/historicalBuilding/20040413000003"" target=""_blank"">http://nchdb.boch.gov.tw/assets/advanceSearch/historicalBuilding/20040413000003</a>","[{'classification': '指定/登錄', 'officialDocNo': '府授文資字第0930010920-3號', 'registerDate': '2004-04-13 00:00:00.0'}]",其他設施,臺中市
456,20140512000001,清水大楊原美軍油庫設施,"{'code': 'A16', 'name': '產業'}",〈文化資產保存法〉第14條暨〈歷史建築登錄廢止審查及輔助辦法〉第2、3、4條。,120.609798,24.291799,"{'itemNo': 1, 'cityName': '臺中市', 'distName': '清水區', 'address': '楊厝里頂三庄路10-1號'}",台中市政府文化局,臺中市文化資產處,臺中市西區市府路41巷19號,04-22290280,"<a href=""http://nchdb.boch.gov.tw/assets/advanceSearch/historicalBuilding/20140512000001"" target=""_blank"">http://nchdb.boch.gov.tw/assets/advanceSearch/historicalBuilding/20140512000001</a>","[{'classification': '指定/登錄', 'officialDocNo': '府授文資字第1010123588號', 'registerDate': '2012-07-23 00:00:00.0'}, {'classification': '變更/修正', 'officialDocNo': '府授文資古字第1030081699號', 'registerDate': '2014-05-12 00:00:00.0'}]",產業,臺中市
457,20130718000001,鰲峰山營區及原清水神社遺構,"{'code': 'A99', 'name': '其他設施', 'other': '神社遺構'}",文化資產保存法第15條及歷史建築登錄廢止審查及輔助辦法第3、4條。,120.580524,24.268291,"{'itemNo': 1, 'cityName': '臺中市', 'distName': '清水區', 'address': '台中市清水區鰲海路59號'}",臺中市政府文化局,臺中市文化資產處,臺中市西區市府路41巷19號,22290280-208,"<a href=""http://nchdb.boch.gov.tw/assets/advanceSearch/historicalBuilding/20130718000001"" target=""_blank"">http://nchdb.boch.gov.tw/assets/advanceSearch/historicalBuilding/20130718000001</a>","[{'classification': '指定/登錄', 'officialDocNo': '府授文資一字第1020126193號', 'registerDate': '2013-07-18 09:24:21.0'}, {'classification': '變更/修正', 'officialDocNo': '府授文資古字第11001195171號', 'registerDate': '2021-05-27 00:00:00.0'}]",其他設施,臺中市
458,20060927000001,舊大安溪橋,"{'code': 'A15', 'name': '橋樑'}",文化資產保存法第十五條暨歷史建築登錄廢止審查及輔助辦法第四條規定。,120.651104000278,24.3744457471718,"{'itemNo': 1, 'cityName': '臺中市', 'distName': '大甲區', 'address': '北端橋台坐落北堤東路與中山路二段，南端橋台坐落中山路一段與防汛道路交接處'}",臺中市政府文化局,臺中市文化資產處,臺中市西區市府路41巷19號,04-22290280,"<a href=""http://nchdb.boch.gov.tw/assets/advanceSearch/historicalBuilding/20060927000001"" target=""_blank"">http://nchdb.boch.gov.tw/assets/advanceSearch/historicalBuilding/20060927000001</a>","[{'classification': '指定/登錄', 'officialDocNo': '府授文資字第0950007641號', 'registerDate': '2006-09-27 00:00:00.0'}]",橋樑,臺中市
459,20040220000001,中山綠橋(舊稱：新盛橋),"{'code': 'A99', 'name': '其他設施', 'other': '路橋'}",<<歷史建築登錄廢止審查及輔助辦法>>第2條第1項第1、2、3、4款,120.683130449945,24.1378780122379,"{'itemNo': 1, 'cityName': '臺中市', 'distName': '中區', 'address': '中山路與綠川上'}",臺中市政府文化局,臺中市文化資產處,臺中市西區市府路41巷19號,04-22290280,"<a href=""http://nchdb.boch.gov.tw/assets/advanceSearch/historicalBuilding/20040220000001"" target=""_blank"">http://nchdb.boch.gov.tw/assets/advanceSearch/historicalBuilding/20040220000001</a>","[{'classification': '指定/登錄', 'officialDocNo': '府授文資0930009360號', 'registerDate': '2004-02-20 00:00:00.0'}]",其他設施,臺中市
460,20040220000002,臺中後火車站,"{'code': 'A7', 'name': '車站'}",文化資產保存法第18條、歷史建築紀念建築登錄廢止審查及輔助辦法第4條及第5條、行政程序法第122條暨本市古蹟歷史建築紀念建築聚落建築群史蹟及文化景觀審議會108年第2次會議。,120.685245470013,24.1360060706764,"{'itemNo': 1, 'cityName': '臺中市', 'distName': '東區', 'address': '臺中市中區臺灣大道一段1號'}",臺中市政府文化局,臺中市文化資產處,臺中市南區復興路3段362號R10,04-222290280,"<a href=""http://nchdb.boch.gov.tw/assets/advanceSearch/historicalBuilding/20040220000002"" target=""_blank"">http://nchdb.boch.gov.tw/assets/advanceSearch/historicalBuilding/20040220000002</a>","[{'classification': '指定/登錄', 'officialDocNo': '府授文資0930009360號', 'registerDate': '2004-02-20 00:00:00.0'}, {'classification': '變更/修正', 'officialDocNo': '府授文資10801270021號', 'registerDate': '2019-06-18 00:00:00.0'}]",車站,臺中市
460,20040220000002,臺中後火車站,"{'code': 'A99', 'name': '其他設施', 'other': '歷史建築'}",文化資產保存法第18條、歷史建築紀念建築登錄廢止審查及輔助辦法第4條及第5條、行政程序法第122條暨本市古蹟歷史建築紀念建築聚落建築群史蹟及文化景觀審議會108年第2次會議。,120.685245470013,24.1360060706764,"{'itemNo': 1, 'cityName': '臺中市', 'distName': '東區', 'address': '臺中市中區臺灣大道一段1號'}",臺中市政府文化局,臺中市文化資產處,臺中市南區復興路3段362號R10,04-222290280,"<a href=""http://nchdb.boch.gov.tw/assets/advanceSearch/historicalBuilding/20040220000002"" target=""_blank"">http://nchdb.boch.gov.tw/assets/advanceSearch/historicalBuilding/20040220000002</a>","[{'classification': '指定/登錄', 'officialDocNo': '府授文資0930009360號', 'registerDate': '2004-02-20 00:00:00.0'}, {'classification': '變更/修正', 'officialDocNo': '府授文資10801270021號', 'registerDate': '2019-06-18 00:00:00.0'}]",其他設施,臺中市
461,20050316000001,合作金庫銀行臺中分行(原名：臺中州立圖書館),"{'code': 'A99', 'name': '其他設施', 'other': '建築物類'}",<<歷史建築登錄廢止審查及輔助辦法>>第2條第1項第1、2、3款,120.680313164992,24.1379592651911,"{'itemNo': 1, 'cityName': '臺中市', 'distName': '中區', 'address': '自由路二段2號'}",臺中市政府文化局,臺中市文化資產處,403420 臺中市西區市府路41巷19號,04-22290280,"<a href=""http://nchdb.boch.gov.tw/assets/advanceSearch/historicalBuilding/20050316000001"" target=""_blank"">http://nchdb.boch.gov.tw/assets/advanceSearch/historicalBuilding/20050316000001</a>","[{'classification': '指定/登錄', 'officialDocNo': '府授文資字第0940036494號', 'registerDate': '2005-03-16 00:00:00.0'}, {'classification': '變更/修正', 'officialDocNo': '府授文資古字第10602922071號', 'registerDate': '2018-01-15 00:00:00.0'}]",其他設施,臺中市
462,20020701000001,柳原教會,"{'code': 'A10', 'name': '教堂'}",<<歷史建築登錄廢止審查及輔助辦法>>第2條第1項第1、3、4款,120.68122864453633,24.146096375381568,"{'itemNo': 1, 'cityName': '臺中市', 'distName': '中區', 'address': '興中街119 號'}",臺中市政府文化局,臺中市文化資產處,403420 臺中市西區市府路41巷19號,04-22290280,"<a href=""http://nchdb.boch.gov.tw/assets/advanceSearch/historicalBuilding/20020701000001"" target=""_blank"">http://nchdb.boch.gov.tw/assets/advanceSearch/historicalBuilding/20020701000001</a>","[{'classification': '指定/登錄', 'officialDocNo': '府文推字第0910094123號', 'registerDate': '2002-07-01 13:49:24.0'}]",教堂,臺中市
462,20020701000001,柳原教會,"{'code': 'A99', 'name': '其他設施', 'other': '建築物類'}",<<歷史建築登錄廢止審查及輔助辦法>>第2條第1項第1、3、4款,120.68122864453633,24.146096375381568,"{'itemNo': 1, 'cityName': '臺中市', 'distName': '中區', 'address': '興中街119 號'}",臺中市政府文化局,臺中市文化資產處,403420 臺中市西區市府路41巷19號,04-22290280,"<a href=""http://nchdb.boch.gov.tw/assets/advanceSearch/historicalBuilding/20020701000001"" target=""_blank"">http://nchdb.boch.gov.tw/assets/advanceSearch/historicalBuilding/20020701000001</a>","[{'classification': '指定/登錄', 'officialDocNo': '府文推字第0910094123號', 'registerDate': '2002-07-01 13:49:24.0'}]",其他設施,臺中市
463,20040220000003,放送電台擴音台(舊稱：放送頭),"{'code': 'A99', 'name': '其他設施', 'other': '廣播設備'}",依據文化資產保存法第二十七條之一暨歷史建築登錄及輔助辦法第七條,120.68372669365,24.1441910957735,"{'itemNo': 1, 'cityName': '臺中市', 'distName': '北區', 'address': '臺中市中區自由路二段五三號'}",臺中市政府文化局,臺中市文化資產處,403420 臺中市西區市府路41巷19號,04-22290280,"<a href=""http://nchdb.boch.gov.tw/assets/advanceSearch/historicalBuilding/20040220000003"" target=""_blank"">http://nchdb.boch.gov.tw/assets/advanceSearch/historicalBuilding/20040220000003</a>","[{'classification': '指定/登錄', 'officialDocNo': '府授文資0930009360號', 'registerDate': '2004-02-20 00:00:00.0'}]",其他設施,臺中市
464,20040220000004,臺中高農前棟大樓(舊稱：第二中學校),"{'code': 'A99', 'name': '其他設施', 'other': '建築物類'}",<<歷史建築登錄廢止審查及輔助辦法>>第2條第1項第1、2、3款,120.68560618726,24.1282269388948,"{'itemNo': 1, 'cityName': '臺中市', 'distName': '東區', 'address': '臺中路283號'}",臺中市政府文化局,臺中市文化資產處,臺中市西區市府路41巷19號,0422290280,"<a href=""http://nchdb.boch.gov.tw/assets/advanceSearch/historicalBuilding/20040220000004"" target=""_blank"">http://nchdb.boch.gov.tw/assets/advanceSearch/historicalBuilding/20040220000004</a>","[{'classification': '指定/登錄', 'officialDocNo': '府授文資0930009360號', 'registerDate': '2004-02-20 15:24:33.0'}]",其他設施,臺中市
465,20160425000001,帝國製糖廠臺中營業所暨附屬設施,"{'code': 'A20', 'name': '辦公廳舍'}",歷史建築紀念建築登錄及廢止審查辦法第2條第1項第2、3款所列基準,120.692145229014,24.1378495040298,"{'itemNo': 1, 'cityName': '臺中市', 'distName': '東區', 'address': '樂業路30號'}",臺中市政府文化局,臺中市文化資產處,臺中市西區市府路41巷19號,0422290280,"<a href=""http://nchdb.boch.gov.tw/assets/advanceSearch/historicalBuilding/20160425000001"" target=""_blank"">http://nchdb.boch.gov.tw/assets/advanceSearch/historicalBuilding/20160425000001</a>","[{'classification': '指定/登錄', 'officialDocNo': '府授文資字第0960150246號', 'registerDate': '2007-07-13 00:00:00.0'}, {'classification': '變更/修正', 'officialDocNo': '府授文資古字第10500717611號', 'registerDate': '2016-04-25 00:00:00.0', 'note': '更名'}, {'classification': '變更/修正', 'officialDocNo': '府授文資古字第10902071361號', 'registerDate': '2020-09-07 00:00:00.0', 'note': '變更廢止原公告部分事項'}]",辦公廳舍,臺中市
466,20020701000002,公賣局第五酒廠舊區（舊稱：臺中專賣局）,"{'code': 'A16', 'name': '產業'}",<<歷史建築紀念建築登錄廢止審查及輔助辦法>>第2條第1項第2、3款,120.681826943334,24.1337674907429,"{'itemNo': 1, 'cityName': '臺中市', 'distName': '南區', 'address': '復興路三段362 號'}",臺中市政府文化局,臺中市文化資產處,臺中市西區市府路41巷19號,0422290280,"<a href=""http://nchdb.boch.gov.tw/assets/advanceSearch/historicalBuilding/20020701000002"" target=""_blank"">http://nchdb.boch.gov.tw/assets/advanceSearch/historicalBuilding/20020701000002</a>","[{'classification': '指定/登錄', 'officialDocNo': '府文推字第0910094123號', 'registerDate': '2002-07-01 00:00:00.0', 'note': '登錄公告'}, {'classification': '變更/修正', 'officialDocNo': '府授文資字第0940036494號', 'registerDate': '2005-03-16 00:00:00.0', 'note': '變更公告'}, {'classification': '變更/修正', 'officialDocNo': '府授文資字第0980257440號', 'registerDate': '2009-09-30 00:00:00.0', 'note': '修正公告'}, {'classification': '變更/修正', 'officialDocNo': '府授文資古字第11001184271號     ', 'registerDate': '2021-05-28 00:00:00.0', 'note': '變更公告'}]",產業,臺中市
467,20090310000001,臺中教師會館(現臺中高農實習旅館）,"{'code': 'A99', 'name': '其他設施', 'other': '會館建築'}",依據〈文化資產保存法〉第15條、〈歷史建築登錄廢止與輔助辦法〉第4條,120.684502389328,24.1270125139453,"{'itemNo': 1, 'cityName': '臺中市', 'distName': '東區', 'address': '臺中路287號'}",臺中市政府文化局,臺中市文化資產處,臺中市西區市府路41巷19號,0422290280,"<a href=""http://nchdb.boch.gov.tw/assets/advanceSearch/historicalBuilding/20090310000001"" target=""_blank"">http://nchdb.boch.gov.tw/assets/advanceSearch/historicalBuilding/20090310000001</a>","[{'classification': '指定/登錄', 'officialDocNo': '府受文資字第0980050619號', 'registerDate': '2009-03-10 00:00:00.0'}]",其他設施,臺中市
468,20100210000001,臺中市鐵路沿線崇倫碉堡,"{'code': 'A99', 'name': '其他設施', 'other': '軍事設施'}",〈文化資產保存法〉第15條、〈歷史建築登錄廢止審查及輔助辦法〉第4條。,120.65475867233,24.1230613997308,"{'itemNo': 1, 'cityName': '臺中市', 'distName': '南區', 'address': '建國南路198號對面鐵道邊號'}",臺中市政府文化局,臺中市文化資產處,403420 臺中市西區市府路41巷19號,04-22290280轉205,"<a href=""http://nchdb.boch.gov.tw/assets/advanceSearch/historicalBuilding/20100210000001"" target=""_blank"">http://nchdb.boch.gov.tw/assets/advanceSearch/historicalBuilding/20100210000001</a>","[{'classification': '指定/登錄', 'officialDocNo': '府授文資字第0990038884號', 'registerDate': '2010-02-10 00:00:00.0'}]",其他設施,臺中市
469,20140429000001,大屯郡役所,"{'code': 'A6', 'name': '衙署'}",文化資產保存法第15條歷史建築登錄廢止審查及輔助辦法第3、4條規定。,120.676667997134,24.138100421509,"{'itemNo': 1, 'cityName': '臺中市', 'distName': '西區', 'address': '民生路38巷1號、1之1號、1之2號、36號、37號、38號等'}",臺中市政府文化局,臺中市文化資產處,403420 臺中市西區市府路41巷19號,04-22290280,"<a href=""http://nchdb.boch.gov.tw/assets/advanceSearch/historicalBuilding/20140429000001"" target=""_blank"">http://nchdb.boch.gov.tw/assets/advanceSearch/historicalBuilding/20140429000001</a>","[{'classification': '指定/登錄', 'officialDocNo': '府授文資字第0950238032號', 'registerDate': '2006-11-17 00:00:00.0'}, {'classification': '變更/修正', 'officialDocNo': '府授文資古字第1030072412號', 'registerDate': '2014-04-29 00:00:00.0'}]",衙署,臺中市
470,20140429000002,臺中州廳附屬建築群,"{'code': 'A6', 'name': '衙署'}",文化資產保存法第15條歷史建築登錄廢止審查及輔助辦法第3、4條規定,120.677100177443,24.1386351378316,"{'itemNo': 1, 'cityName': '臺中市', 'distName': '西區', 'address': '民生路38巷19號、20號、21號、22號、23號、26號、27號、30號、30-1號、30-2號、31號、32號、33號'}",臺中市政府文化局,臺中市文化資產處,403420 臺中市西區市府路41巷19號,04-22290280,"<a href=""http://nchdb.boch.gov.tw/assets/advanceSearch/historicalBuilding/20140429000002"" target=""_blank"">http://nchdb.boch.gov.tw/assets/advanceSearch/historicalBuilding/20140429000002</a>","[{'classification': '指定/登錄', 'officialDocNo': '府授文資字第0950238032號', 'registerDate': '2006-11-17 00:00:00.0'}, {'classification': '變更/修正', 'officialDocNo': '府授文資古字第1030072412號', 'registerDate': '2014-04-29 00:00:00.0'}]",衙署,臺中市
470,20140429000002,臺中州廳附屬建築群,"{'code': 'A6', 'name': '衙署'}",文化資產保存法第15條歷史建築登錄廢止審查及輔助辦法第3、4條規定,120.677100177443,24.1386351378316,"{'itemNo': 2, 'cityName': '臺中市', 'distName': '西區', 'address': '三民路一段192巷6號、8號。'}",臺中市政府文化局,臺中市文化資產處,403420 臺中市西區市府路41巷19號,04-22290280,"<a href=""http://nchdb.boch.gov.tw/assets/advanceSearch/historicalBuilding/20140429000002"" target=""_blank"">http://nchdb.boch.gov.tw/assets/advanceSearch/historicalBuilding/20140429000002</a>","[{'classification': '指定/登錄', 'officialDocNo': '府授文資字第0950238032號', 'registerDate': '2006-11-17 00:00:00.0'}, {'classification': '變更/修正', 'officialDocNo': '府授文資古字第1030072412號', 'registerDate': '2014-04-29 00:00:00.0'}]",衙署,臺中市
470,20140429000002,臺中州廳附屬建築群,"{'code': 'A6', 'name': '衙署'}",文化資產保存法第15條歷史建築登錄廢止審查及輔助辦法第3、4條規定,120.677100177443,24.1386351378316,"{'itemNo': 3, 'cityName': '臺中市', 'distName': '西區', 'address': '三民路一段192巷10號、12號。'}",臺中市政府文化局,臺中市文化資產處,403420 臺中市西區市府路41巷19號,04-22290280,"<a href=""http://nchdb.boch.gov.tw/assets/advanceSearch/historicalBuilding/20140429000002"" target=""_blank"">http://nchdb.boch.gov.tw/assets/advanceSearch/historicalBuilding/20140429000002</a>","[{'classification': '指定/登錄', 'officialDocNo': '府授文資字第0950238032號', 'registerDate': '2006-11-17 00:00:00.0'}, {'classification': '變更/修正', 'officialDocNo': '府授文資古字第1030072412號', 'registerDate': '2014-04-29 00:00:00.0'}]",衙署,臺中市
470,20140429000002,臺中州廳附屬建築群,"{'code': 'A6', 'name': '衙署'}",文化資產保存法第15條歷史建築登錄廢止審查及輔助辦法第3、4條規定,120.677100177443,24.1386351378316,"{'itemNo': 4, 'cityName': '臺中市', 'distName': '西區', 'address': '三民路一段192巷3號、5號。'}",臺中市政府文化局,臺中市文化資產處,403420 臺中市西區市府路41巷19號,04-22290280,"<a href=""http://nchdb.boch.gov.tw/assets/advanceSearch/historicalBuilding/20140429000002"" target=""_blank"">http://nchdb.boch.gov.tw/assets/advanceSearch/historicalBuilding/20140429000002</a>","[{'classification': '指定/登錄', 'officialDocNo': '府授文資字第0950238032號', 'registerDate': '2006-11-17 00:00:00.0'}, {'classification': '變更/修正', 'officialDocNo': '府授文資古字第1030072412號', 'registerDate': '2014-04-29 00:00:00.0'}]",衙署,臺中市
471,20040220000005,臺中刑務所演武場(舊稱：刑務所演武場),"{'code': 'A99', 'name': '其他設施', 'other': '建築物類'}","依據文化資產保存法第二十七條之一暨歷史建築登錄及補助辦法第七條
符合歷史建築登錄廢止審查及補助辦法第2條第1項第1、2、3、4款所列基準",120.673899,24.134379,"{'itemNo': 1, 'cityName': '臺中市', 'distName': '西區', 'address': '林森路33號'}",臺中市政府文化局,臺中市文化資產處,403420 臺中市西區市府路41巷19號,04-22290280,"<a href=""http://nchdb.boch.gov.tw/assets/advanceSearch/historicalBuilding/20040220000005"" target=""_blank"">http://nchdb.boch.gov.tw/assets/advanceSearch/historicalBuilding/20040220000005</a>","[{'classification': '指定/登錄', 'officialDocNo': '府授文資0930009360號', 'registerDate': '2004-02-20 14:29:48.0'}, {'classification': '變更/修正', 'officialDocNo': '府授文資古字第10302237091號', 'registerDate': '2014-11-11 11:12:36.018'}]",其他設施,臺中市
472,20040220000006,臺中市警察局第一分局(舊稱：臺中警察署廳舍),"{'code': 'A99', 'name': '其他設施', 'other': '建築物類'}",依據文化資產保存法第二十七條之一暨歷史建築登錄及補助辦法第七條,120.675778868331,24.1384676200461,"{'itemNo': 1, 'cityName': '臺中市', 'distName': '西區', 'address': '三民路一段178號'}",臺中市政府文化局,臺中市文化資產處,403420 臺中市西區市府路41巷19號,04-22290280,"<a href=""http://nchdb.boch.gov.tw/assets/advanceSearch/historicalBuilding/20040220000006"" target=""_blank"">http://nchdb.boch.gov.tw/assets/advanceSearch/historicalBuilding/20040220000006</a>","[{'classification': '指定/登錄', 'officialDocNo': '府授文資0930009360號', 'registerDate': '2004-02-20 16:53:08.0'}]",其他設施,臺中市
473,20040220000007,臺中師範學院前棟大樓(舊稱：臺中師範學校),"{'code': 'A99', 'name': '其他設施', 'other': '建築物類'}",<<歷史建築登錄廢止審查及輔助辦法>>第2條第1項第1、2、3款,120.672140607665,24.1425960078786,"{'itemNo': 1, 'cityName': '臺中市', 'distName': '西區', 'address': '民生路140號'}",臺中市政府文化局,臺中市文化資產處,臺中市西區市府路41巷19號,04-22290280,"<a href=""http://nchdb.boch.gov.tw/assets/advanceSearch/historicalBuilding/20040220000007"" target=""_blank"">http://nchdb.boch.gov.tw/assets/advanceSearch/historicalBuilding/20040220000007</a>","[{'classification': '指定/登錄', 'officialDocNo': '府授文資0930009360號', 'registerDate': '2004-02-20 15:24:15.0'}]",其他設施,臺中市
474,20040220000008,臺中市大同國小前棟大樓(舊稱：明治小學校),"{'code': 'A24', 'name': '學校'}",依據文化資產保存法第二十七條之一暨歷史建築登錄及補助辦法第七條,120.678048220805,24.1354613967978,"{'itemNo': 1, 'cityName': '臺中市', 'distName': '西區', 'address': '自由路一段138號'}",臺中市政府文化局,臺中市文化資產處,403420 臺中市西區市府路41巷19號,04-22290280,"<a href=""http://nchdb.boch.gov.tw/assets/advanceSearch/historicalBuilding/20040220000008"" target=""_blank"">http://nchdb.boch.gov.tw/assets/advanceSearch/historicalBuilding/20040220000008</a>","[{'classification': '指定/登錄', 'officialDocNo': '府授文資0930009360號', 'registerDate': '2004-02-20 15:24:55.0'}]",學校,臺中市
474,20040220000008,臺中市大同國小前棟大樓(舊稱：明治小學校),"{'code': 'A99', 'name': '其他設施', 'other': '建築物類'}",依據文化資產保存法第二十七條之一暨歷史建築登錄及補助辦法第七條,120.678048220805,24.1354613967978,"{'itemNo': 1, 'cityName': '臺中市', 'distName': '西區', 'address': '自由路一段138號'}",臺中市政府文化局,臺中市文化資產處,403420 臺中市西區市府路41巷19號,04-22290280,"<a href=""http://nchdb.boch.gov.tw/assets/advanceSearch/historicalBuilding/20040220000008"" target=""_blank"">http://nchdb.boch.gov.tw/assets/advanceSearch/historicalBuilding/20040220000008</a>","[{'classification': '指定/登錄', 'officialDocNo': '府授文資0930009360號', 'registerDate': '2004-02-20 15:24:55.0'}]",其他設施,臺中市
475,20020701000004,臺中市役所,"{'code': 'A6', 'name': '衙署'}",<<歷史建築登錄廢止審查及輔助辦法>>第2條第1項第1款,120.679131293579,24.138398224224,"{'itemNo': 1, 'cityName': '臺中市', 'distName': '西區', 'address': '民權路97 號'}",臺中市政府文化局,臺中市文化資產處,403420 臺中市西區市府路41巷19號,04-22290280,"<a href=""http://nchdb.boch.gov.tw/assets/advanceSearch/historicalBuilding/20020701000004"" target=""_blank"">http://nchdb.boch.gov.tw/assets/advanceSearch/historicalBuilding/20020701000004</a>","[{'classification': '指定/登錄', 'officialDocNo': '府文推字第0910094123號函', 'registerDate': '2002-07-01 10:23:51.0'}]",衙署,臺中市
476,20130826000003,臺中刑務所官舍群,"{'code': 'A99', 'name': '其他設施', 'other': '宿舍'}",符合歷史建築紀念建築登錄廢止審查及輔助辦法第2條第1項第1、2、3款所列基準。,120.67523,24.133477,"{'itemNo': 1, 'cityName': '臺中市', 'distName': '西區', 'address': '詳如公告'}",台中市政府化局,台中市文化資產處,403420 臺中市西區市府路41巷19號,04-22290280,"<a href=""http://nchdb.boch.gov.tw/assets/advanceSearch/historicalBuilding/20130826000003"" target=""_blank"">http://nchdb.boch.gov.tw/assets/advanceSearch/historicalBuilding/20130826000003</a>","[{'classification': '指定/登錄', 'officialDocNo': '府授文資一字第1020155573號', 'registerDate': '2013-08-26 00:00:00.0'}, {'classification': '變更/修正', 'officialDocNo': '府授文資古字第1030244544號', 'registerDate': '2014-12-03 00:00:00.0'}, {'classification': '變更/修正', 'officialDocNo': '府授文資古字第10500949591號', 'registerDate': '2016-05-12 00:00:00.0'}, {'classification': '變更/修正', 'officialDocNo': '府授文資古字第10802533421號', 'registerDate': '2019-10-29 00:00:00.0', 'note': ''}, {'classification': '變更/修正', 'officialDocNo': '府授文資古字第11102940951號', 'registerDate': '2022-11-23 09:00:21.831'}]",其他設施,臺中市
477,20131022000002,林森路75號日式宿舍,"{'code': 'A99', 'name': '其他設施', 'other': '歷史建築'}",文化資產保存法第15條及歷史建築登錄廢止審查及輔助辦法第3、4條。,120.671874,24.136428,"{'itemNo': 1, 'cityName': '臺中市', 'distName': '西區', 'address': '林森路75號'}",臺中市政府文化局,臺中市文化資產處,403420 臺中市西區市府路41巷19號,04-22290280,"<a href=""http://nchdb.boch.gov.tw/assets/advanceSearch/historicalBuilding/20131022000002"" target=""_blank"">http://nchdb.boch.gov.tw/assets/advanceSearch/historicalBuilding/20131022000002</a>","[{'classification': '指定/登錄', 'officialDocNo': '府授文資字第1010122189號', 'registerDate': '2012-07-16 00:00:00.0'}, {'classification': '變更/修正', 'officialDocNo': '府授文資一字第1020196704號', 'registerDate': '2013-10-22 00:00:00.0'}]",其他設施,臺中市
477,20131022000002,林森路75號日式宿舍,"{'code': 'A3', 'name': '宅第'}",文化資產保存法第15條及歷史建築登錄廢止審查及輔助辦法第3、4條。,120.671874,24.136428,"{'itemNo': 1, 'cityName': '臺中市', 'distName': '西區', 'address': '林森路75號'}",臺中市政府文化局,臺中市文化資產處,403420 臺中市西區市府路41巷19號,04-22290280,"<a href=""http://nchdb.boch.gov.tw/assets/advanceSearch/historicalBuilding/20131022000002"" target=""_blank"">http://nchdb.boch.gov.tw/assets/advanceSearch/historicalBuilding/20131022000002</a>","[{'classification': '指定/登錄', 'officialDocNo': '府授文資字第1010122189號', 'registerDate': '2012-07-16 00:00:00.0'}, {'classification': '變更/修正', 'officialDocNo': '府授文資一字第1020196704號', 'registerDate': '2013-10-22 00:00:00.0'}]",宅第,臺中市
478,20140117000001,朝陽街日式宿舍群,"{'code': 'A3', 'name': '宅第'}",文化資產保存法第15條暨歷史建築登錄廢止審查及輔助辦法第3、4條規定,120.671152,24.134441,"{'itemNo': 1, 'cityName': '臺中市', 'distName': '西區', 'address': '朝陽街1、3、5、7號'}",臺中市政府文化局,臺中市文化資產處,403420 臺中市西區市府路41巷19號,04-22290280,"<a href=""http://nchdb.boch.gov.tw/assets/advanceSearch/historicalBuilding/20140117000001"" target=""_blank"">http://nchdb.boch.gov.tw/assets/advanceSearch/historicalBuilding/20140117000001</a>","[{'classification': '指定/登錄', 'officialDocNo': '府授文資一字第1020143534號', 'registerDate': '2013-08-07 00:00:00.0'}, {'classification': '變更/修正', 'officialDocNo': '府授文資一字第1030010418號', 'registerDate': '2014-01-17 00:00:00.0'}]",宅第,臺中市
479,20140506000001,大屯郡守官舍,"{'code': 'A3', 'name': '宅第'}",文化資產保存法第15條、歷史建築登錄廢止審查及輔助辦法第3、4條。,120.672303,24.136493,"{'itemNo': 1, 'cityName': '臺中市', 'distName': '西區', 'address': '林森路40號'}",臺中市政府文化局,文化研究科,407臺中市西屯區臺灣大道三段99號惠中樓8樓,04-222891111,"<a href=""http://nchdb.boch.gov.tw/assets/advanceSearch/historicalBuilding/20140506000001"" target=""_blank"">http://nchdb.boch.gov.tw/assets/advanceSearch/historicalBuilding/20140506000001</a>","[{'classification': '指定/登錄', 'officialDocNo': '府授文資一字第1020143536號', 'registerDate': '2013-08-07 00:00:00.0'}, {'classification': '變更/修正', 'officialDocNo': '府授文資古字第1030078471號', 'registerDate': '2014-05-06 00:00:00.0'}]",宅第,臺中市
480,20020701000005,臺中放送局,"{'code': 'A99', 'name': '其他設施', 'other': '廣播設施'}",<<歷史建築紀念建築登錄廢止審查及輔助辦法>>第2條第1項第2、3款,120.69064099930699,24.1499357350475,"{'itemNo': 1, 'cityName': '臺中市', 'distName': '北區', 'address': '電台街1 號'}",臺中市政府文化局,臺中市文化資產處,403420 臺中市西區市府路41巷19號,04-22290280,"<a href=""http://nchdb.boch.gov.tw/assets/advanceSearch/historicalBuilding/20020701000005"" target=""_blank"">http://nchdb.boch.gov.tw/assets/advanceSearch/historicalBuilding/20020701000005</a>","[{'classification': '指定/登錄', 'officialDocNo': '府文推字第0910094123號', 'registerDate': '2002-07-01 13:34:46.538'}, {'classification': '變更/修正', 'officialDocNo': '府授文資古字第10602099001號', 'registerDate': '2017-10-11 00:00:00.0'}, {'classification': '變更/修正', 'officialDocNo': '府授文資古字第11001265061號', 'registerDate': '2021-06-07 17:48:21.302'}]",其他設施,臺中市
481,20020701000007,文英館,"{'code': 'A99', 'name': '其他設施', 'other': '建築物類'}",<<歷史建築登錄廢止審查及輔助辦法>>第2條第1項第1、3款,120.686822679546,24.1475066012627,"{'itemNo': 1, 'cityName': '臺中市', 'distName': '北區', 'address': '雙十路一段10之5號'}",臺中市政府文化局,臺中市文化資產處,403420 臺中市西區市府路41巷19號,04-22290280,"<a href=""http://nchdb.boch.gov.tw/assets/advanceSearch/historicalBuilding/20020701000007"" target=""_blank"">http://nchdb.boch.gov.tw/assets/advanceSearch/historicalBuilding/20020701000007</a>","[{'classification': '指定/登錄', 'officialDocNo': '府文推字第0910094123號', 'registerDate': '2002-07-01 20:08:14.0'}]",其他設施,臺中市
482,20040220000009,砲台山(舊稱：大墩),"{'code': 'A99', 'name': '其他設施', 'other': '其他歷史遺蹟'}",依據文化資產保存法第二十七條之一暨歷史建築登錄及輔助辦法第七條,120.683125818804,24.1448314759191,"{'itemNo': 1, 'cityName': '臺中市', 'distName': '北區', 'address': '臺中公園內'}",臺中市政府文化局,臺中市文化資產處,403420 臺中市西區市府路41巷19號,04-22290280,"<a href=""http://nchdb.boch.gov.tw/assets/advanceSearch/historicalBuilding/20040220000009"" target=""_blank"">http://nchdb.boch.gov.tw/assets/advanceSearch/historicalBuilding/20040220000009</a>","[{'classification': '指定/登錄', 'officialDocNo': '府授文資第0930009360號', 'registerDate': '2004-02-20 16:10:26.0'}]",其他設施,臺中市
483,20040220000010,臺中一中校史室(舊稱：第一中學校講堂),"{'code': 'A99', 'name': '其他設施', 'other': '建築物類'}",依據文化資產保存法第二十七條之一暨歷史建築登錄及輔助辦法第七條。,120.685982630085,24.1501066652316,"{'itemNo': 1, 'cityName': '臺中市', 'distName': '北區', 'address': '育才街2號'}",臺中市政府文化局,臺中市文化資產處,403420 臺中市西區市府路41巷19號,04-22290280,"<a href=""http://nchdb.boch.gov.tw/assets/advanceSearch/historicalBuilding/20040220000010"" target=""_blank"">http://nchdb.boch.gov.tw/assets/advanceSearch/historicalBuilding/20040220000010</a>","[{'classification': '指定/登錄', 'officialDocNo': '府授文資0930009360號', 'registerDate': '2004-02-20 16:19:16.0'}]",其他設施,臺中市
484,20061117000002,臺灣省城大北門,"{'code': 'A4', 'name': '城郭'}",<<歷史建築登錄廢止審查及輔助辦法>>第2條第1項第1、2、3、4款,120.684466929554,24.1450056554482,"{'itemNo': 1, 'cityName': '臺中市', 'distName': '北區', 'address': '臺中公園內'}",臺中市政府文化局,臺中市文化資產處,臺中市西區市府路41巷19號,04-22290280,"<a href=""http://nchdb.boch.gov.tw/assets/advanceSearch/historicalBuilding/20061117000002"" target=""_blank"">http://nchdb.boch.gov.tw/assets/advanceSearch/historicalBuilding/20061117000002</a>","[{'classification': '指定/登錄', 'officialDocNo': '府授文資字第0950238032號', 'registerDate': '2006-11-17 10:48:42.0'}]",城郭,臺中市
485,20050316000002,農委會農糧署中區分署臺中辦事處(原名：總督府農商局食糧部臺中事務所),"{'code': 'A99', 'name': '其他設施', 'other': '建築物類'}",依據文化資產保存法第二十七條之一暨歷史建築登錄及補助辦法第七條,120.681834412001,24.1487239402841,"{'itemNo': 1, 'cityName': '臺中市', 'distName': '北區', 'address': '太平路147號'}",臺中市政府文化局,臺中市文化資產處,403420 臺中市西區市府路41巷19號,04-22290280,"<a href=""http://nchdb.boch.gov.tw/assets/advanceSearch/historicalBuilding/20050316000002"" target=""_blank"">http://nchdb.boch.gov.tw/assets/advanceSearch/historicalBuilding/20050316000002</a>","[{'classification': '指定/登錄', 'officialDocNo': '府授文資字第0940036494號', 'registerDate': '2005-03-16 00:00:00.0'}]",其他設施,臺中市
486,20090310000002,水源地上水塔,"{'code': 'A16', 'name': '產業'}",依據〈文化資產保存法〉第15條、〈歷史建築登錄廢止與輔助辦法〉第4條,120.687926592062,24.1502689091,"{'itemNo': 1, 'cityName': '臺中市', 'distName': '北區', 'address': '雙十路二段2之1號'}",臺中市政府文化局,臺中市文化資產處,403420 臺中市西區市府路41巷19號,04-22290280,"<a href=""http://nchdb.boch.gov.tw/assets/advanceSearch/historicalBuilding/20090310000002"" target=""_blank"">http://nchdb.boch.gov.tw/assets/advanceSearch/historicalBuilding/20090310000002</a>","[{'classification': '指定/登錄', 'officialDocNo': '府授文資字第0980050628號', 'registerDate': '2009-03-10 00:00:00.0'}, {'classification': '變更/修正', 'officialDocNo': '府授文資字第1010122195號', 'registerDate': '2012-07-16 00:00:00.0'}]",產業,臺中市
487,20120719000001,水源地第二集水井,"{'code': 'A16', 'name': '產業'}",依據〈文化資產保存法〉第15條、〈歷史建築登錄廢止與輔助辦法〉第2、3、4條,120.688156,24.150843,"{'itemNo': 1, 'cityName': '臺中市', 'distName': '北區', 'address': '雙十路二段2之1號'}",臺中市政府文化局,臺中市文化資產處,403420 臺中市西區市府路41巷19號,04-22290280,"<a href=""http://nchdb.boch.gov.tw/assets/advanceSearch/historicalBuilding/20120719000001"" target=""_blank"">http://nchdb.boch.gov.tw/assets/advanceSearch/historicalBuilding/20120719000001</a>","[{'classification': '指定/登錄', 'officialDocNo': '府授文資字第101011833號', 'registerDate': '2012-07-19 00:00:00.0'}]",產業,臺中市
488,20080218000001,西大墩窯陶瓷堆,"{'code': 'A16', 'name': '產業'}",依據〈文化資產保存法〉第15條、〈歷史建築登錄廢止與輔助辦法〉第5條,120.618205530319,24.2059460915018,"{'itemNo': 1, 'cityName': '臺中市', 'distName': '西屯區', 'address': '臺中市西屯區中科路1號'}",臺中市政府文化局,臺中市文化資產處,403420 臺中市西區市府路41巷19號,04-22290280,"<a href=""http://nchdb.boch.gov.tw/assets/advanceSearch/historicalBuilding/20080218000001"" target=""_blank"">http://nchdb.boch.gov.tw/assets/advanceSearch/historicalBuilding/20080218000001</a>","[{'classification': '指定/登錄', 'officialDocNo': '府授文資字第0970032683號', 'registerDate': '2008-02-18 00:00:00.0'}]",產業,臺中市
489,20130814000001,林懋陽故居,"{'code': 'A3', 'name': '宅第'}",文化資產保存法第15條暨歷史建築登錄廢止審查及舖助辦法第2、3、4條辦理。,120.692653382257,24.1662161818957,"{'itemNo': 1, 'cityName': '臺中市', 'distName': '北屯區', 'address': '臺中市北屯區文昌東十一街14巷1號'}",臺中市政府文化局,臺中市文化資產處,臺中市西區市府路41巷19號,04-22290280,"<a href=""http://nchdb.boch.gov.tw/assets/advanceSearch/historicalBuilding/20130814000001"" target=""_blank"">http://nchdb.boch.gov.tw/assets/advanceSearch/historicalBuilding/20130814000001</a>","[{'classification': '指定/登錄', 'officialDocNo': '府授文資字第0960150246號', 'registerDate': '2007-07-13 14:52:10.632'}, {'classification': '變更/修正', 'officialDocNo': '府授文資一字第1020147854號', 'registerDate': '2013-08-14 00:00:00.0'}]",宅第,臺中市
490,20121119000001,烈美堂,"{'code': 'A1', 'name': '祠堂'}",<<歷史建築登錄廢止審查及輔助辦法>>第2條第1項第1、4款,120.642658,24.178584999999998,"{'itemNo': 1, 'cityName': '臺中市', 'distName': '西屯區', 'address': '烈美街62巷19號'}",台中市政府文化局,臺中市文化資產處,403420 臺中市西區市府路41巷19號,04-22290280,"<a href=""http://nchdb.boch.gov.tw/assets/advanceSearch/historicalBuilding/20121119000001"" target=""_blank"">http://nchdb.boch.gov.tw/assets/advanceSearch/historicalBuilding/20121119000001</a>","[{'classification': '指定/登錄', 'officialDocNo': '府授文資字第1010206669號', 'registerDate': '2012-11-19 00:00:00.0'}]",祠堂,臺中市
491,20161020000001,水湳機場營舍,"{'code': 'A99', 'name': '其他設施', 'other': '軍事設施'}",行政程序法第101條，文化資產保存法第18條，歷史建築登錄廢止審查及輔助辦法第3條、第4條,120.66002113969246,24.180733242231707,"{'itemNo': 1, 'cityName': '臺中市', 'distName': '北屯區', 'address': '臺中市北屯區經貿一路'}",臺中市政府文化局,臺中市文化資產處,臺中市西區市府路41巷19號,04-22290280,"<a href=""http://nchdb.boch.gov.tw/assets/advanceSearch/historicalBuilding/20161020000001"" target=""_blank"">http://nchdb.boch.gov.tw/assets/advanceSearch/historicalBuilding/20161020000001</a>","[{'classification': '指定/登錄', 'officialDocNo': '府授文資字第0990294658號', 'registerDate': '2010-10-14 00:00:00.0'}, {'classification': '變更/修正', 'officialDocNo': '府授文資古字第1050203639號', 'registerDate': '2016-10-20 00:00:00.0'}]",其他設施,臺中市
492,20131216000001,戰後林厝1號反空降堡,"{'code': 'A99', 'name': '其他設施', 'other': '軍事設施'}",文化資產保存法第15條暨歷史建築登錄廢止審查及輔助辦法,120.596475004036,24.2026928161926,"{'itemNo': 1, 'cityName': '臺中市', 'distName': '西屯區', 'address': '大肚山都會公園入口前主要道路西側'}",臺中市政府,臺中市文化資產處,403420 臺中市西區市府路41巷19號,04-22290280,"<a href=""http://nchdb.boch.gov.tw/assets/advanceSearch/historicalBuilding/20131216000001"" target=""_blank"">http://nchdb.boch.gov.tw/assets/advanceSearch/historicalBuilding/20131216000001</a>","[{'classification': '指定/登錄', 'officialDocNo': '府授文資字第0950071514號', 'registerDate': '2006-04-24 15:31:48.823'}, {'classification': '變更/修正', 'officialDocNo': '府授文資一字第1020241427號', 'registerDate': '2013-12-16 00:00:00.0'}]",其他設施,臺中市
493,20131216000002,戰後林厝2號反空降堡,"{'code': 'A99', 'name': '其他設施', 'other': '軍事設施'}",文化資產保存法第15條暨歷史建築登錄廢止審查及輔助辦法第3、4條規定,120.599255581913,24.2030183349981,"{'itemNo': 1, 'cityName': '臺中市', 'distName': '西屯區', 'address': '大肚山都會公園入口前主要道路東側'}",臺中市政府文化局,臺中市文化資產處,臺中市西區市府路41巷19號,04-22290280,"<a href=""http://nchdb.boch.gov.tw/assets/advanceSearch/historicalBuilding/20131216000002"" target=""_blank"">http://nchdb.boch.gov.tw/assets/advanceSearch/historicalBuilding/20131216000002</a>","[{'classification': '指定/登錄', 'officialDocNo': '府授文資字第0950071514號', 'registerDate': '2006-04-24 16:09:16.712'}, {'classification': '變更/修正', 'officialDocNo': '府授文資一字第1020241429號', 'registerDate': '2013-12-16 00:00:00.0'}]",其他設施,臺中市
494,20131216000003,戰後林厝3號反空降堡,"{'code': 'A99', 'name': '其他設施', 'other': '軍事設施'}",文化資產保存法第15條暨歷史建築登錄廢止審查及輔助辦法,120.597586393895,24.2103886411834,"{'itemNo': 1, 'cityName': '臺中市', 'distName': '西屯區', 'address': '大肚山都會公園內北側停車場旁'}",臺中市政府文化局,臺中市文化資產處,403420 臺中市西區市府路41巷19號,04-22290280,"<a href=""http://nchdb.boch.gov.tw/assets/advanceSearch/historicalBuilding/20131216000003"" target=""_blank"">http://nchdb.boch.gov.tw/assets/advanceSearch/historicalBuilding/20131216000003</a>","[{'classification': '指定/登錄', 'officialDocNo': '府授文資字第0950071514號', 'registerDate': '2006-04-24 16:22:42.929'}, {'classification': '變更/修正', 'officialDocNo': '府授文資一字第1020241430號', 'registerDate': '2013-12-16 00:00:00.0'}]",其他設施,臺中市
495,20131216000004,戰後林厝4號反空降堡,"{'code': 'A99', 'name': '其他設施', 'other': '軍事設施'}",文化資產保存法第15條暨歷史建築登錄廢止審查及輔助辦法第3、4條規定,120.601167368651,24.2099977937367,"{'itemNo': 1, 'cityName': '臺中市', 'distName': '西屯區', 'address': '大肚山都會公園內東側體健區旁'}",臺中市政府文化局,臺中市文化資產處,臺中市西區市府路41巷19號,04-22290280,"<a href=""http://nchdb.boch.gov.tw/assets/advanceSearch/historicalBuilding/20131216000004"" target=""_blank"">http://nchdb.boch.gov.tw/assets/advanceSearch/historicalBuilding/20131216000004</a>","[{'classification': '指定/登錄', 'officialDocNo': '府授文資字第0950071514號', 'registerDate': '2006-04-24 16:55:07.732'}, {'classification': '變更/修正', 'officialDocNo': '府授文資一字第1020241432號', 'registerDate': '2013-12-16 00:00:00.0'}]",其他設施,臺中市
496,20131216000005,戰後林厝6號反空降堡,"{'code': 'A99', 'name': '其他設施', 'other': '軍事設施'}",文化資產保存法第15條暨歷史建築登錄廢止審查及輔助辦法第3、4條規定,120.601164232856,24.2145344245579,"{'itemNo': 1, 'cityName': '臺中市', 'distName': '西屯區', 'address': '大肚山都會公園北側軍事營區內'}",臺中市政府,臺中市文化資產處,臺中市西區市府路41巷19號,04-22290280,"<a href=""http://nchdb.boch.gov.tw/assets/advanceSearch/historicalBuilding/20131216000005"" target=""_blank"">http://nchdb.boch.gov.tw/assets/advanceSearch/historicalBuilding/20131216000005</a>","[{'classification': '指定/登錄', 'officialDocNo': '府授文資字第0950071514號', 'registerDate': '2006-04-24 17:14:10.317'}, {'classification': '變更/修正', 'officialDocNo': '府授文資一字第1020241433號', 'registerDate': '2013-12-16 00:00:00.0'}]",其他設施,臺中市
497,20131216000006,原日軍3102高地機槍堡,"{'code': 'A99', 'name': '其他設施', 'other': '軍事設施'}",文化資產保存法第15條暨歷史建築登錄廢止審查及輔助辦法第3、4條規定,120.599936113681,24.2113487797665,"{'itemNo': 1, 'cityName': '臺中市', 'distName': '西屯區', 'address': '大肚山都會公園北側出口前主要道路旁'}",臺中市政府文化局,臺中市文化資產處,403420 臺中市西區市府路41巷19號,04-22290280,"<a href=""http://nchdb.boch.gov.tw/assets/advanceSearch/historicalBuilding/20131216000006"" target=""_blank"">http://nchdb.boch.gov.tw/assets/advanceSearch/historicalBuilding/20131216000006</a>","[{'classification': '指定/登錄', 'officialDocNo': '府授文資字第0950071514號', 'registerDate': '2006-04-24 17:29:00.101'}, {'classification': '變更/修正', 'officialDocNo': '府授文資一字第1020241425號', 'registerDate': '2013-12-16 00:00:00.0'}]",其他設施,臺中市
498,20090930000001,臺灣省糧食局中市西屯一號穀倉,"{'code': 'A16', 'name': '產業'}",〈文化資產保存法〉第15條、〈歷史建築登錄廢止審查及輔助辦法〉第4條。,120.639592063694,24.1789078843889,"{'itemNo': 1, 'cityName': '臺中市', 'distName': '西屯區', 'address': '西屯路二段307號'}",臺中市政府文化局,臺中市文化資產處,403420 臺中市西區市府路41巷19號,04-22290280,"<a href=""http://nchdb.boch.gov.tw/assets/advanceSearch/historicalBuilding/20090930000001"" target=""_blank"">http://nchdb.boch.gov.tw/assets/advanceSearch/historicalBuilding/20090930000001</a>","[{'classification': '指定/登錄', 'officialDocNo': '府授文資字第0980257440號', 'registerDate': '2009-09-30 00:00:00.0'}]",產業,臺中市
499,20090930000002,臺灣省糧食局稻種倉庫,"{'code': 'A16', 'name': '產業'}",〈文化資產保存法〉第15條、〈歷史建築登錄廢止審查及輔助辦法〉第4條。,120.639817413548,24.1785964143412,"{'itemNo': 1, 'cityName': '臺中市', 'distName': '西屯區', 'address': '西屯路二段307號'}",臺中市政府文化局,臺中市文化資產處,臺中市西區市府路41巷19號,04-22290280,"<a href=""http://nchdb.boch.gov.tw/assets/advanceSearch/historicalBuilding/20090930000002"" target=""_blank"">http://nchdb.boch.gov.tw/assets/advanceSearch/historicalBuilding/20090930000002</a>","[{'classification': '指定/登錄', 'officialDocNo': '府授文資字第0980257440號', 'registerDate': '2009-09-30 00:00:00.0'}]",產業,臺中市
500,20090806000002,張家祖廟左護龍旁建築,"{'code': 'A1', 'name': '祠堂'}",〈文化資產保存法〉第15條、〈歷史建築登錄廢止審查及輔助辦法〉第4條,120.622156829447,24.1762389859746,"{'itemNo': 1, 'cityName': '臺中市', 'distName': '西屯區', 'address': '協仁段529-2號'}",臺中市政府文化局,臺中市文化資產處,403420 臺中市西區市府路41巷19號,04-22290280,"<a href=""http://nchdb.boch.gov.tw/assets/advanceSearch/historicalBuilding/20090806000002"" target=""_blank"">http://nchdb.boch.gov.tw/assets/advanceSearch/historicalBuilding/20090806000002</a>","[{'classification': '指定/登錄', 'officialDocNo': '府授文資字第0980199018號', 'registerDate': '2009-08-06 00:00:00.0'}]",祠堂,臺中市
501,20090310000003,輔之居,"{'code': 'A3', 'name': '宅第'}",〈文化資產保存法〉第15條、〈歷史建築登錄廢止與輔助辦法〉第4條,120.642614421302,24.1251747155683,"{'itemNo': 1, 'cityName': '臺中市', 'distName': '南屯區', 'address': '臺中市南屯區豐樂里昌明巷15號'}",臺中市政府文化局,臺中市文化資產處,臺中市西區市府路41巷19號,04-22290280,"<a href=""http://nchdb.boch.gov.tw/assets/advanceSearch/historicalBuilding/20090310000003"" target=""_blank"">http://nchdb.boch.gov.tw/assets/advanceSearch/historicalBuilding/20090310000003</a>","[{'classification': '指定/登錄', 'officialDocNo': '府授文資字第0980050628號', 'registerDate': '2009-03-10 00:00:00.0'}, {'classification': '變更/修正', 'officialDocNo': '府授文資古字第10600414301號', 'registerDate': '2017-04-12 11:52:03.341'}]",宅第,臺中市
502,20130925000001,日軍見晴臺機槍堡,"{'code': 'A99', 'name': '其他設施', 'other': '碉堡'}",依據＜文化資產保存法＞第15條暨〈歷史建築登錄廢止審查及輔助辦法〉第3、4條,120.575708947656,24.146953773775,"{'itemNo': 1, 'cityName': '臺中市', 'distName': '南屯區', 'address': '大肚山望高寮地區'}",臺中市政府文化局,臺中市文化資產處,臺中市西區市府路41巷19號,04-22290280,"<a href=""http://nchdb.boch.gov.tw/assets/advanceSearch/historicalBuilding/20130925000001"" target=""_blank"">http://nchdb.boch.gov.tw/assets/advanceSearch/historicalBuilding/20130925000001</a>","[{'classification': '指定/登錄', 'officialDocNo': '府授文資字第0950071514號', 'registerDate': '2006-04-24 16:04:44.777'}, {'classification': '變更/修正', 'officialDocNo': '府授文資一字第1020177889號', 'registerDate': '2013-09-25 00:00:00.0'}]",其他設施,臺中市
503,20020701000008,貓霧拺井（番仔井）,"{'code': 'A99', 'name': '其他設施', 'other': '古井'}",<<歷史建築登錄廢止審查及輔助辦法>>第2條第1項第1、2、3款,120.607693306349,24.1390208690381,"{'itemNo': 1, 'cityName': '臺中市', 'distName': '南屯區', 'address': '永春南路188 巷79 號內'}",臺中市政府文化局,臺中市文化資產處,臺中市西區市府路41巷19號,04-22290280,"<a href=""http://nchdb.boch.gov.tw/assets/advanceSearch/historicalBuilding/20020701000008"" target=""_blank"">http://nchdb.boch.gov.tw/assets/advanceSearch/historicalBuilding/20020701000008</a>","[{'classification': '指定/登錄', 'officialDocNo': '府文推字第0910094123號', 'registerDate': '2002-07-01 16:01:23.0'}]",其他設施,臺中市
504,20101014000001,南屯三角街,"{'code': 'A3', 'name': '宅第'}",〈文化資產保存法〉第15條及〈歷史建築登錄廢止審查及補助辦法〉第4條。,120.639699030677,24.1387651824525,"{'itemNo': 1, 'cityName': '臺中市', 'distName': '南屯區', 'address': '南屯區南屯路2段549號、551號'}",臺中市政府文化局,臺中市文化資產處,臺中市西區市府路41巷19號,04-22290280,"<a href=""http://nchdb.boch.gov.tw/assets/advanceSearch/historicalBuilding/20101014000001"" target=""_blank"">http://nchdb.boch.gov.tw/assets/advanceSearch/historicalBuilding/20101014000001</a>","[{'classification': '指定/登錄', 'officialDocNo': '府授文資字第0990294658號', 'registerDate': '2010-10-14 00:00:00.0'}]",宅第,臺中市
505,20101014000002,南屯文昌公廟,"{'code': 'A2', 'name': '寺廟'}",〈文化資產保存法〉第15條及〈歷史建築登錄廢止審查及補助辦法〉第4條。,120.638706706985,24.1379564594211,"{'itemNo': 1, 'cityName': '臺中市', 'distName': '南屯區', 'address': '南屯區文昌街100號'}",臺中市政府文化局,臺中市文化資產處,臺中市西區市府路41巷19號,04-22290280,"<a href=""http://nchdb.boch.gov.tw/assets/advanceSearch/historicalBuilding/20101014000002"" target=""_blank"">http://nchdb.boch.gov.tw/assets/advanceSearch/historicalBuilding/20101014000002</a>","[{'classification': '指定/登錄', 'officialDocNo': '府授文資字第0990294658號', 'registerDate': '2010-10-14 00:00:00.0'}]",寺廟,臺中市
506,20060926000001,原彰化第二幼稚園,"{'code': 'A99', 'name': '其他設施', 'other': '教育設施'}",<<文化資產保存法>>第15條暨<<歷史建築登錄廢止審查及輔助辦法>>第4條,120.543129376551,24.0785223541996,"{'itemNo': 1, 'cityName': '彰化縣', 'distName': '彰化市', 'address': '民生路154號'}",彰化縣政府,彰化縣文化局,彰化縣彰化市卦山路3號,04-7292201,"<a href=""http://nchdb.boch.gov.tw/assets/advanceSearch/historicalBuilding/20060926000001"" target=""_blank"">http://nchdb.boch.gov.tw/assets/advanceSearch/historicalBuilding/20060926000001</a>","[{'classification': '指定/登錄', 'officialDocNo': '府授文資字第0950002952A', 'registerDate': '2006-09-26 09:20:13.0'}]",其他設施,彰化縣
507,20060801000001,八卦山紅毛井,"{'code': 'A99', 'name': '其他設施', 'other': '古井'}",<<文化資產保存法>>第15條暨<<歷史建築登錄廢止審查及輔助辦法>>第4條,120.545997407418,24.0790714121533,"{'itemNo': 1, 'cityName': '彰化縣', 'distName': '彰化市', 'address': '中山路二段542之11號（彰化市中山堂後側）'}",彰化縣政府,彰化縣文化局,彰化縣彰化市卦山路3號,04-7292201,"<a href=""http://nchdb.boch.gov.tw/assets/advanceSearch/historicalBuilding/20060801000001"" target=""_blank"">http://nchdb.boch.gov.tw/assets/advanceSearch/historicalBuilding/20060801000001</a>","[{'classification': '指定/登錄', 'officialDocNo': '府授文資字第0950002911A號', 'registerDate': '2006-08-01 11:03:10.0'}]",其他設施,彰化縣
508,20060926000002,彰化梨春園曲館,"{'code': 'A99', 'name': '其他設施', 'other': '曲館'}",<<文化資產保存法>>第15條暨<<歷史建築登錄廢止審查及輔助辦法>>第2、3、4條,120.539555342776,24.0756948148024,"{'itemNo': 1, 'cityName': '彰化縣', 'distName': '彰化市', 'address': '民權里華山路138巷51號'}",彰化縣政府,彰化縣文化局,彰化縣彰化市卦山路3號,04-7292201,"<a href=""http://nchdb.boch.gov.tw/assets/advanceSearch/historicalBuilding/20060926000002"" target=""_blank"">http://nchdb.boch.gov.tw/assets/advanceSearch/historicalBuilding/20060926000002</a>","[{'classification': '指定/登錄', 'officialDocNo': '府授文資字第0950002952B號', 'registerDate': '2006-09-26 11:04:51.0'}, {'classification': '變更/修正', 'officialDocNo': '府授文資字第1100068759B號', 'registerDate': '2021-03-04 00:00:00.0', 'note': '變更定著土地範圍'}]",其他設施,彰化縣
509,20021120000001,彰化不老泉,"{'code': 'A99', 'name': '其他設施', 'other': '蓄水池'}",<<歷史建築登錄廢止審查及輔助辦法>>第2條第1項第1款,120.556954805553,24.074427454171,"{'itemNo': 1, 'cityName': '彰化縣', 'distName': '彰化市', 'address': '公園路二段1號'}",彰化縣政府,彰化縣文化局,彰化縣彰化市卦山路3號,04-7292201,"<a href=""http://nchdb.boch.gov.tw/assets/advanceSearch/historicalBuilding/20021120000001"" target=""_blank"">http://nchdb.boch.gov.tw/assets/advanceSearch/historicalBuilding/20021120000001</a>","[{'classification': '指定/登錄', 'officialDocNo': '府授文資字第09100062416 號', 'registerDate': '2002-11-20 10:32:31.0'}]",其他設施,彰化縣
510,20021120000003,彰化市公會堂,"{'code': 'A99', 'name': '其他設施', 'other': '公會堂'}",<<文化資產保存法>>第27條之1暨<<歷史建築登錄及輔助辦法>>第7條,120.545444715946,24.0790896416945,"{'itemNo': 1, 'cityName': '彰化縣', 'distName': '彰化市', 'address': '中山路二段542號'}",彰化縣政府,彰化縣文化局,彰化縣彰化市卦山路3號,04-7292201,"<a href=""http://nchdb.boch.gov.tw/assets/advanceSearch/historicalBuilding/20021120000003"" target=""_blank"">http://nchdb.boch.gov.tw/assets/advanceSearch/historicalBuilding/20021120000003</a>","[{'classification': '指定/登錄', 'officialDocNo': '府授文資字第09100062414 號', 'registerDate': '2002-11-20 10:48:17.0'}]",其他設施,彰化縣
511,20011213000001,彰化市中山國小北棟教室,"{'code': 'A24', 'name': '學校'}",<<文化資產保存法>>第27條之1暨<<歷史建築登錄及輔助辦法>>第7條,120.547318465197,24.0820258446854,"{'itemNo': 1, 'cityName': '彰化縣', 'distName': '彰化市', 'address': '中山路二段678號'}",彰化縣政府,彰化縣文化局,彰化縣彰化市卦山路3號,04-7292201,"<a href=""http://nchdb.boch.gov.tw/assets/advanceSearch/historicalBuilding/20011213000001"" target=""_blank"">http://nchdb.boch.gov.tw/assets/advanceSearch/historicalBuilding/20011213000001</a>","[{'classification': '指定/登錄', 'officialDocNo': '90彰府文史字第0082866號', 'registerDate': '2001-07-10 15:23:53.662'}, {'classification': '指定/登錄', 'officialDocNo': '90彰府文資字第0209025號', 'registerDate': '2001-12-13 10:46:48.0', 'note': '補正公告'}]",學校,彰化縣
512,20030610000001,八卦山銀橋,"{'code': 'A15', 'name': '橋樑'}",<<文化資產保存法>>第15、22、27條1款暨<<歷史建築登錄及輔助辦法>>第2、3、4、5條,120.5488220756047,24.078416145535023,"{'itemNo': 1, 'cityName': '彰化縣', 'distName': '彰化市', 'address': '八卦山風景區'}",彰化縣政府,彰化縣文化局,彰化縣彰化市卦山路3號,04-7292201,"<a href=""http://nchdb.boch.gov.tw/assets/advanceSearch/historicalBuilding/20030610000001"" target=""_blank"">http://nchdb.boch.gov.tw/assets/advanceSearch/historicalBuilding/20030610000001</a>","[{'classification': '指定/登錄', 'officialDocNo': '府授文資字第0920003875 號', 'registerDate': '2003-06-10 10:54:24.0'}]",橋樑,彰化縣
513,20041020000001,彰化女中紅樓,"{'code': 'A99', 'name': '其他設施', 'other': '建築物類'}",<<文化資產保存法>>第27條之1暨<<歷史建築登錄及輔助辦法>>第7條,120.543771331715,24.0818791672898,"{'itemNo': 1, 'cityName': '彰化縣', 'distName': '彰化市', 'address': '光復路62號'}",彰化縣政府,彰化縣文化局,彰化縣彰化市卦山路3號,04-7292201,"<a href=""http://nchdb.boch.gov.tw/assets/advanceSearch/historicalBuilding/20041020000001"" target=""_blank"">http://nchdb.boch.gov.tw/assets/advanceSearch/historicalBuilding/20041020000001</a>","[{'classification': '指定/登錄', 'officialDocNo': '府授文資字第0930167018D號', 'registerDate': '2004-10-20 10:57:37.0'}]",其他設施,彰化縣
514,20100407000002,原彰化警察署署長宿舍,"{'code': 'A6', 'name': '衙署'}",<<文化資產保存法>>第15條暨<<歷史建築登錄及輔助辦法>>第4條,120.543340077437,24.0805772801465,"{'itemNo': 1, 'cityName': '彰化縣', 'distName': '彰化市', 'address': '光復路63號'}",彰化縣政府,彰化縣文化局,彰化縣彰化市卦山路3號,04-7292201,"<a href=""http://nchdb.boch.gov.tw/assets/advanceSearch/historicalBuilding/20100407000002"" target=""_blank"">http://nchdb.boch.gov.tw/assets/advanceSearch/historicalBuilding/20100407000002</a>","[{'classification': '指定/登錄', 'officialDocNo': '府授文資字第0990000234D號', 'registerDate': '2010-04-07 08:39:12.0'}]",衙署,彰化縣
515,20120119000002,臺灣銀行彰化日式宿舍群,"{'code': 'A99', 'name': '其他設施', 'other': '宿舍'}",<<文化資產保存法>>暨<<歷史建築登錄廢止審查及輔助辦法>>第2條,120.546210744048,24.0740418132203,"{'itemNo': 1, 'cityName': '彰化縣', 'distName': '彰化市', 'address': '博愛街33號'}",彰化縣政府,彰化縣文化局,彰化縣彰化市卦山路3號,04-7292201,"<a href=""http://nchdb.boch.gov.tw/assets/advanceSearch/historicalBuilding/20120119000002"" target=""_blank"">http://nchdb.boch.gov.tw/assets/advanceSearch/historicalBuilding/20120119000002</a>","[{'classification': '指定/登錄', 'officialDocNo': '府授文資字第1010010634C號', 'registerDate': '2012-01-19 00:00:00.0'}]",其他設施,彰化縣
515,20120119000002,臺灣銀行彰化日式宿舍群,"{'code': 'A99', 'name': '其他設施', 'other': '宿舍'}",<<文化資產保存法>>暨<<歷史建築登錄廢止審查及輔助辦法>>第2條,120.546210744048,24.0740418132203,"{'itemNo': 2, 'cityName': '彰化縣', 'distName': '彰化市', 'address': '博愛街49號'}",彰化縣政府,彰化縣文化局,彰化縣彰化市卦山路3號,04-7292201,"<a href=""http://nchdb.boch.gov.tw/assets/advanceSearch/historicalBuilding/20120119000002"" target=""_blank"">http://nchdb.boch.gov.tw/assets/advanceSearch/historicalBuilding/20120119000002</a>","[{'classification': '指定/登錄', 'officialDocNo': '府授文資字第1010010634C號', 'registerDate': '2012-01-19 00:00:00.0'}]",其他設施,彰化縣
516,20120523000001,彰化鄭成功廟,"{'code': 'A2', 'name': '寺廟'}",<<文化資產保存法>>暨<<歷史建築登錄廢止審查及輔助辦法>>第2條,120.53917,24.068072,"{'itemNo': 1, 'cityName': '彰化縣', 'distName': '彰化市', 'address': '中山路2段41號'}",彰化縣政府,彰化縣文化局,彰化縣彰化市卦山路3號,04-7292201,"<a href=""http://nchdb.boch.gov.tw/assets/advanceSearch/historicalBuilding/20120523000001"" target=""_blank"">http://nchdb.boch.gov.tw/assets/advanceSearch/historicalBuilding/20120523000001</a>","[{'classification': '指定/登錄', 'officialDocNo': '府授文資字第1010138438A號', 'registerDate': '2012-05-23 10:50:33.0'}]",寺廟,彰化縣
517,20020410000001,花壇中庄李宅正身,"{'code': 'A3', 'name': '宅第'}",<<文化資產保存法>>第27條之1暨<<歷史建築登錄及輔助辦法>>第7條,120.553788635554,24.0147964810081,"{'itemNo': 1, 'cityName': '彰化縣', 'distName': '花壇鄉', 'address': '中庄村內厝街131巷16號'}",彰化縣政府,彰化縣文化局,彰化縣彰化市卦山路3號,04-7292201,"<a href=""http://nchdb.boch.gov.tw/assets/advanceSearch/historicalBuilding/20020410000001"" target=""_blank"">http://nchdb.boch.gov.tw/assets/advanceSearch/historicalBuilding/20020410000001</a>","[{'classification': '指定/登錄', 'officialDocNo': '府授文資字第09100014562 號', 'registerDate': '2002-04-10 09:28:45.0'}]",宅第,彰化縣
518,20100621000002,花壇八卦窯,"{'code': 'A16', 'name': '產業'}",<<文化資產保存法>>暨<<歷史建築登錄廢止審查及輔助辦法>>第2條,120.549825369622,24.0252367336808,"{'itemNo': 1, 'cityName': '彰化縣', 'distName': '花壇鄉', 'address': '橋頭村中橋街660號'}",彰化縣政府,彰化縣文化局,彰化縣彰化市卦山路3號,04-7292201,"<a href=""http://nchdb.boch.gov.tw/assets/advanceSearch/historicalBuilding/20100621000002"" target=""_blank"">http://nchdb.boch.gov.tw/assets/advanceSearch/historicalBuilding/20100621000002</a>","[{'classification': '指定/登錄', 'officialDocNo': '府授文資字第0990000307號', 'registerDate': '2010-06-21 09:29:26.0'}]",產業,彰化縣
519,20130701000001,原北斗奠安宮,"{'code': 'A2', 'name': '寺廟'}",<<文化資產保存法>>暨<<歷史建築登錄廢止審查及輔助辦法>>第2條,120.5931123692169,24.020531991787454,"{'itemNo': 1, 'cityName': '彰化縣', 'distName': '花壇鄉', 'address': '灣雅村三芬路360號'}",彰化縣政府,彰化縣文化局,彰化縣彰化市卦山路3號,04-7292201,"<a href=""http://nchdb.boch.gov.tw/assets/advanceSearch/historicalBuilding/20130701000001"" target=""_blank"">http://nchdb.boch.gov.tw/assets/advanceSearch/historicalBuilding/20130701000001</a>","[{'classification': '指定/登錄', 'officialDocNo': '府授文資字第1020171448號', 'registerDate': '2013-07-01 09:30:47.0'}, {'classification': '變更/修正', 'officialDocNo': '府授文資字第1090485194A號', 'registerDate': '2021-01-07 00:00:00.0', 'note': '變更建築本體與定著土地範圍'}]",寺廟,彰化縣
520,20130701000002,原嘉義廖氏診所,"{'code': 'A99', 'name': '其他設施', 'other': '診所'}",<<文化資產保存法>暨<<歷史建築登錄廢止審查及輔助辦法>>第2條,120.59530641619108,24.02173245127553,"{'itemNo': 1, 'cityName': '彰化縣', 'distName': '花壇鄉', 'address': '灣雅村三芬路360號'}",彰化縣政府,彰化縣文化局,彰化縣彰化市卦山路3號,04-7292201,"<a href=""http://nchdb.boch.gov.tw/assets/advanceSearch/historicalBuilding/20130701000002"" target=""_blank"">http://nchdb.boch.gov.tw/assets/advanceSearch/historicalBuilding/20130701000002</a>","[{'classification': '指定/登錄', 'officialDocNo': '府授文資字第1020171448號', 'registerDate': '2013-07-01 09:33:00.0'}, {'classification': '變更/修正', 'officialDocNo': '府授文資字第1090485194C號', 'registerDate': '2021-01-07 00:00:00.0', 'note': '變更建築本體與定著土地範圍'}]",其他設施,彰化縣
521,20130701000003,原麻豆林家古厝,"{'code': 'A3', 'name': '宅第'}",<<文化資產保存法>>暨<<歷史建築登錄廢止審查及輔助辦法>>第2條,120.59544052664182,24.0191502245412,"{'itemNo': 1, 'cityName': '彰化縣', 'distName': '花壇鄉', 'address': '灣雅村三芬路360號'}",彰化縣政府,彰化縣文化局,彰化縣彰化市卦山路3號,04-7292201,"<a href=""http://nchdb.boch.gov.tw/assets/advanceSearch/historicalBuilding/20130701000003"" target=""_blank"">http://nchdb.boch.gov.tw/assets/advanceSearch/historicalBuilding/20130701000003</a>","[{'classification': '指定/登錄', 'officialDocNo': '府授文資字第1020171448號', 'registerDate': '2013-07-01 09:33:42.0'}, {'classification': '變更/修正', 'officialDocNo': '府授文資字第1090485194D號', 'registerDate': '2021-01-07 00:00:00.0', 'note': '變更建築本體及定著土地面積'}]",宅第,彰化縣
522,20090615000003,鹿港施進益古厝,"{'code': 'A3', 'name': '宅第'}",<<文化資產保存法>>第15條暨<<歷史建築登錄廢止審查及輔助辦法>>第4條,120.433575639433,24.0548089362751,"{'itemNo': 1, 'cityName': '彰化縣', 'distName': '鹿港鎮', 'address': '大有街12號'}",彰化縣政府,彰化縣文化局,彰化縣彰化市卦山路3號,04-7292201,"<a href=""http://nchdb.boch.gov.tw/assets/advanceSearch/historicalBuilding/20090615000003"" target=""_blank"">http://nchdb.boch.gov.tw/assets/advanceSearch/historicalBuilding/20090615000003</a>","[{'classification': '指定/登錄', 'officialDocNo': '府授文資字第0980001965號', 'registerDate': '2009-06-15 08:40:59.0'}]",宅第,彰化縣
523,20080513000001,鹿港蔡氏宗祠,"{'code': 'A1', 'name': '祠堂'}",<<文化資產保存法>>第15條暨<<歷史建築登錄及輔助辦法>>第4條,120.434363088082,24.0560503808139,"{'itemNo': 1, 'cityName': '彰化縣', 'distName': '鹿港鎮', 'address': '中山路256號'}",彰化縣政府,彰化縣文化局,彰化縣彰化市卦山路3號,04-7292201,"<a href=""http://nchdb.boch.gov.tw/assets/advanceSearch/historicalBuilding/20080513000001"" target=""_blank"">http://nchdb.boch.gov.tw/assets/advanceSearch/historicalBuilding/20080513000001</a>","[{'classification': '指定/登錄', 'officialDocNo': '府授文資字第0970000579A號', 'registerDate': '2008-05-13 08:43:56.0'}]",祠堂,彰化縣
524,20060801000002,鹿港玉珍齋,"{'code': 'A99', 'name': '其他設施', 'other': '店鋪'}",<<文化資產保存法>>第15條暨<<歷史建築登錄廢止審查及輔助辦法>>第4條,120.434661390597,24.0546395245809,"{'itemNo': 1, 'cityName': '彰化縣', 'distName': '鹿港鎮', 'address': '民族路168號'}",彰化縣政府,彰化縣文化局,彰化縣彰化市卦山路3號,04-7292201,"<a href=""http://nchdb.boch.gov.tw/assets/advanceSearch/historicalBuilding/20060801000002"" target=""_blank"">http://nchdb.boch.gov.tw/assets/advanceSearch/historicalBuilding/20060801000002</a>","[{'classification': '指定/登錄', 'officialDocNo': '府授文資字第0950002911C號', 'registerDate': '2006-08-01 10:35:27.0'}]",其他設施,彰化縣
525,20060801000003,鹿港意和行,"{'code': 'A99', 'name': '其他設施', 'other': '店鋪'}",<<文化資產保存法>>第15條暨<<歷史建築登錄廢止審查及輔助辦法>>第4條,120.432854128012,24.0560958425717,"{'itemNo': 1, 'cityName': '彰化縣', 'distName': '鹿港鎮', 'address': '瑤林街17號'}",彰化縣政府,彰化縣文化局,彰化縣彰化市卦山路3號,04-7292201,"<a href=""http://nchdb.boch.gov.tw/assets/advanceSearch/historicalBuilding/20060801000003"" target=""_blank"">http://nchdb.boch.gov.tw/assets/advanceSearch/historicalBuilding/20060801000003</a>","[{'classification': '指定/登錄', 'officialDocNo': '府授文資字第0950002911D號', 'registerDate': '2006-08-01 09:08:57.0'}]",其他設施,彰化縣
526,20060801000004,鹿港友鹿軒,"{'code': 'A99', 'name': '其他設施', 'other': '店鋪'}",<<文化資產保存法>>第15條暨<<歷史建築登錄廢止審查及輔助辦法>>第4條,120.432915187364,24.0561275330255,"{'itemNo': 1, 'cityName': '彰化縣', 'distName': '鹿港鎮', 'address': '瑤林街18號'}",彰化縣政府,彰化縣文化局,彰化縣彰化市卦山路3號,04-7292201,"<a href=""http://nchdb.boch.gov.tw/assets/advanceSearch/historicalBuilding/20060801000004"" target=""_blank"">http://nchdb.boch.gov.tw/assets/advanceSearch/historicalBuilding/20060801000004</a>","[{'classification': '指定/登錄', 'officialDocNo': '府授文資字第0950002911E號', 'registerDate': '2006-08-01 10:36:53.0'}]",其他設施,彰化縣
527,20050127000002,原海埔厝警察官吏派出所,"{'code': 'A6', 'name': '衙署'}",<<文化資產保存法>>第27條之1暨<<歷史建築登錄及輔助辦法>>第7條,120.444042763108,24.0845920953868,"{'itemNo': 1, 'cityName': '彰化縣', 'distName': '鹿港鎮', 'address': '海埔里鹿草路2段909號'}",彰化縣政府,彰化縣文化局,彰化縣彰化市卦山路3號,04-7292201,"<a href=""http://nchdb.boch.gov.tw/assets/advanceSearch/historicalBuilding/20050127000002"" target=""_blank"">http://nchdb.boch.gov.tw/assets/advanceSearch/historicalBuilding/20050127000002</a>","[{'classification': '指定/登錄', 'officialDocNo': '府授文資字第09400020681號', 'registerDate': '2005-01-27 10:34:17.0'}]",衙署,彰化縣
528,20021120000004,鹿港街長宿舍,"{'code': 'A99', 'name': '其他設施', 'other': '宿舍'}",<<文化資產保存法>>第27條之1暨<<歷史建築登錄及輔助辦法>>第7條,120.435303247091,24.0574660112873,"{'itemNo': 1, 'cityName': '彰化縣', 'distName': '鹿港鎮', 'address': '民權路160巷2號'}",彰化縣政府,彰化縣文化局,彰化縣彰化市卦山路3號,04-7292201,"<a href=""http://nchdb.boch.gov.tw/assets/advanceSearch/historicalBuilding/20021120000004"" target=""_blank"">http://nchdb.boch.gov.tw/assets/advanceSearch/historicalBuilding/20021120000004</a>","[{'classification': '指定/登錄', 'officialDocNo': '府授文資字第09100062413 號', 'registerDate': '2002-11-20 10:28:45.0'}]",其他設施,彰化縣
529,20011213000002,鹿港元昌行,"{'code': 'A99', 'name': '其他設施', 'other': '古市街類之街屋'}",<<文化資產保存法>>第27條第1款暨<<歷史建築登錄及輔助辦法>>,120.435007644178,24.0543818591286,"{'itemNo': 1, 'cityName': '彰化縣', 'distName': '鹿港鎮', 'address': '中山路188號'}",彰化縣政府,彰化縣文化局,彰化縣彰化市卦山路3號,04-7292201,"<a href=""http://nchdb.boch.gov.tw/assets/advanceSearch/historicalBuilding/20011213000002"" target=""_blank"">http://nchdb.boch.gov.tw/assets/advanceSearch/historicalBuilding/20011213000002</a>","[{'classification': '指定/登錄', 'officialDocNo': '90彰府文史字第0082866號', 'registerDate': '2001-07-10 15:19:04.702'}, {'classification': '指定/登錄', 'officialDocNo': '90彰府文資字第0209025號', 'registerDate': '2001-12-13 09:41:18.0', 'note': '-'}]",其他設施,彰化縣
530,20011213000003,鹿港十宜樓,"{'code': 'A99', 'name': '其他設施', 'other': '古市街類之街屋'}",<<文化資產保存法>>第27條之1暨<<歷史建築登錄及輔助辦法>>第7條,120.435194486604,24.0533807636333,"{'itemNo': 1, 'cityName': '彰化縣', 'distName': '鹿港鎮', 'address': '中山路147號'}",彰化縣政府,彰化縣文化局,彰化縣彰化市卦山路3號,04-7292201,"<a href=""http://nchdb.boch.gov.tw/assets/advanceSearch/historicalBuilding/20011213000003"" target=""_blank"">http://nchdb.boch.gov.tw/assets/advanceSearch/historicalBuilding/20011213000003</a>","[{'classification': '指定/登錄', 'officialDocNo': '90彰府文史字第0082866號', 'registerDate': '2001-07-10 15:20:17.855'}, {'classification': '指定/登錄', 'officialDocNo': '90彰府文資字第0209025號', 'registerDate': '2001-12-13 09:40:53.0'}, {'classification': '變更/修正', 'officialDocNo': '府授文資字第1050120750B號', 'registerDate': '2016-04-18 15:52:00.002', 'note': '變更指定登錄範圍'}]",其他設施,彰化縣
530,20011213000003,鹿港十宜樓,"{'code': 'A99', 'name': '其他設施', 'other': '古市街類之街屋'}",<<文化資產保存法>>第27條之1暨<<歷史建築登錄及輔助辦法>>第7條,120.435194486604,24.0533807636333,"{'itemNo': 2, 'cityName': '彰化縣', 'distName': '鹿港鎮', 'address': '中山路149號'}",彰化縣政府,彰化縣文化局,彰化縣彰化市卦山路3號,04-7292201,"<a href=""http://nchdb.boch.gov.tw/assets/advanceSearch/historicalBuilding/20011213000003"" target=""_blank"">http://nchdb.boch.gov.tw/assets/advanceSearch/historicalBuilding/20011213000003</a>","[{'classification': '指定/登錄', 'officialDocNo': '90彰府文史字第0082866號', 'registerDate': '2001-07-10 15:20:17.855'}, {'classification': '指定/登錄', 'officialDocNo': '90彰府文資字第0209025號', 'registerDate': '2001-12-13 09:40:53.0'}, {'classification': '變更/修正', 'officialDocNo': '府授文資字第1050120750B號', 'registerDate': '2016-04-18 15:52:00.002', 'note': '變更指定登錄範圍'}]",其他設施,彰化縣
531,20100407000003,鹿港鶴棲別墅,"{'code': 'A3', 'name': '宅第'}",<<文化資產保存法>>第15條暨<<歷史建築登錄廢止審查及輔助辦法>>第4條,120.43397045011,24.0549684414475,"{'itemNo': 1, 'cityName': '彰化縣', 'distName': '鹿港鎮', 'address': '大有里後車巷7號'}",彰化縣政府,彰化縣文化局,彰化縣彰化市卦山路3號,04-7292201,"<a href=""http://nchdb.boch.gov.tw/assets/advanceSearch/historicalBuilding/20100407000003"" target=""_blank"">http://nchdb.boch.gov.tw/assets/advanceSearch/historicalBuilding/20100407000003</a>","[{'classification': '指定/登錄', 'officialDocNo': '府授文資字第0990000234C號', 'registerDate': '2010-04-07 00:00:00.0'}]",宅第,彰化縣
532,20070515000002,鹿港敬義園紀念碑,"{'code': 'A9', 'name': '碑碣'}",<<文化資產保存法>>第15條暨<<歷史建築登錄廢止審查及輔助辦法>>第4條,120.431469773831,24.054996927058,"{'itemNo': 1, 'cityName': '彰化縣', 'distName': '鹿港鎮', 'address': '鹿港公園內圖書館旁（公園一路）'}",彰化縣政府,彰化縣文化局,彰化縣彰化市卦山路3號,04-7292201,"<a href=""http://nchdb.boch.gov.tw/assets/advanceSearch/historicalBuilding/20070515000002"" target=""_blank"">http://nchdb.boch.gov.tw/assets/advanceSearch/historicalBuilding/20070515000002</a>","[{'classification': '指定/登錄', 'officialDocNo': '府授文資字第0960001615G號', 'registerDate': '2007-05-15 08:56:39.0'}]",碑碣,彰化縣
533,20030610000002,福興鄉農會碾米廠暨穀倉,"{'code': 'A16', 'name': '產業'}",<<文化資產保存法>>第27條之1暨<<歷史建築登錄及輔助辦法>>第7條,120.439940373963,24.0494277543439,"{'itemNo': 1, 'cityName': '彰化縣', 'distName': '福興鄉', 'address': '橋頭村復興路27 號'}",彰化縣政府,彰化縣文化局,彰化縣彰化市卦山路3號,04-7292201,"<a href=""http://nchdb.boch.gov.tw/assets/advanceSearch/historicalBuilding/20030610000002"" target=""_blank"">http://nchdb.boch.gov.tw/assets/advanceSearch/historicalBuilding/20030610000002</a>","[{'classification': '指定/登錄', 'officialDocNo': '府授文資字第0920003872 號', 'registerDate': '2003-06-10 10:31:52.0'}]",產業,彰化縣
534,20041020000002,原福興外埔機場防空砲台,"{'code': 'A99', 'name': '其他設施', 'other': '建築物類'}",<<文化資產保存法>>第27條之1暨<<歷史建築登錄及輔助辦法>>第7條,120.462769231134,24.0429938489752,"{'itemNo': 1, 'cityName': '彰化縣', 'distName': '福興鄉', 'address': '番婆村番婆街51之12號旁'}",彰化縣政府,彰化縣文化局,彰化縣彰化市卦山路3號,04-7292201,"<a href=""http://nchdb.boch.gov.tw/assets/advanceSearch/historicalBuilding/20041020000002"" target=""_blank"">http://nchdb.boch.gov.tw/assets/advanceSearch/historicalBuilding/20041020000002</a>","[{'classification': '指定/登錄', 'officialDocNo': '府授文資字第0930167018A', 'registerDate': '2004-10-20 09:20:48.0'}]",其他設施,彰化縣
534,20041020000002,原福興外埔機場防空砲台,"{'code': 'A99', 'name': '其他設施', 'other': '建築物類'}",<<文化資產保存法>>第27條之1暨<<歷史建築登錄及輔助辦法>>第7條,120.462769231134,24.0429938489752,"{'itemNo': 2, 'cityName': '彰化縣', 'distName': '福興鄉', 'address': '外埔村復興路28號旁'}",彰化縣政府,彰化縣文化局,彰化縣彰化市卦山路3號,04-7292201,"<a href=""http://nchdb.boch.gov.tw/assets/advanceSearch/historicalBuilding/20041020000002"" target=""_blank"">http://nchdb.boch.gov.tw/assets/advanceSearch/historicalBuilding/20041020000002</a>","[{'classification': '指定/登錄', 'officialDocNo': '府授文資字第0930167018A', 'registerDate': '2004-10-20 09:20:48.0'}]",其他設施,彰化縣
535,20080513000002,和美街長宿舍,"{'code': 'A99', 'name': '其他設施', 'other': '宿舍'}",<<文化資產保存法>>第15條暨<<歷史建築登錄廢止審查及輔助辦法>>第4條,120.498379564603,24.1121119268615,"{'itemNo': 1, 'cityName': '彰化縣', 'distName': '和美鎮', 'address': '彰美路五段385號'}",彰化縣政府,彰化縣文化局,彰化縣彰化市卦山路3號,04-7292201,"<a href=""http://nchdb.boch.gov.tw/assets/advanceSearch/historicalBuilding/20080513000002"" target=""_blank"">http://nchdb.boch.gov.tw/assets/advanceSearch/historicalBuilding/20080513000002</a>","[{'classification': '指定/登錄', 'officialDocNo': '府授文資字第0970000579B號', 'registerDate': '2008-05-13 08:43:33.0'}, {'classification': '變更/修正', 'officialDocNo': '府授文資字第1050392646H號', 'registerDate': '2016-11-23 00:00:00.0', 'note': '變更擴大登錄範圍'}]",其他設施,彰化縣
536,20060801000005,員林神社遺跡,"{'code': 'A99', 'name': '其他設施', 'other': '神社'}",<<文化資產保存法>>第15條暨<<歷史建築登錄廢止審查及輔助辦法>>第4條,120.606379106742,23.9486607272975,"{'itemNo': 1, 'cityName': '彰化縣', 'distName': '員林市', 'address': '員林百果山風景區內，接近源水路與湖水巷。'}",彰化縣政府,彰化縣文化局,彰化縣彰化市卦山路3號,04-7292201,"<a href=""http://nchdb.boch.gov.tw/assets/advanceSearch/historicalBuilding/20060801000005"" target=""_blank"">http://nchdb.boch.gov.tw/assets/advanceSearch/historicalBuilding/20060801000005</a>","[{'classification': '指定/登錄', 'officialDocNo': '府授文資字第0950002911B號', 'registerDate': '2006-08-01 09:09:53.0'}]",其他設施,彰化縣
537,20060926000003,員林游氏宗祠,"{'code': 'A1', 'name': '祠堂'}",<<文化資產保存法>>第15條暨<<歷史建築登錄廢止審查及輔助辦法>>第4條,120.555428437201,23.9725817043634,"{'itemNo': 1, 'cityName': '彰化縣', 'distName': '員林市', 'address': '大埔里員大路2段59巷129弄31號'}",彰化縣政府,彰化縣文化局,彰化縣彰化市卦山路3號,04-7292201,"<a href=""http://nchdb.boch.gov.tw/assets/advanceSearch/historicalBuilding/20060926000003"" target=""_blank"">http://nchdb.boch.gov.tw/assets/advanceSearch/historicalBuilding/20060926000003</a>","[{'classification': '指定/登錄', 'officialDocNo': '府授文資字第0950002952C號', 'registerDate': '2006-09-26 09:01:21.0'}]",祠堂,彰化縣
538,20030610000003,員林鐵路穀倉,"{'code': 'A99', 'name': '其他設施', 'other': '產業建築'}",<<文化資產保存法>>第27條之1暨<<歷史建築登錄及輔助辦法>>第7條,120.569443166039,23.963194957309,"{'itemNo': 1, 'cityName': '彰化縣', 'distName': '員林市', 'address': '靜修路50號'}",彰化縣政府,彰化縣文化局,彰化縣彰化市卦山路3號,04-7292201,"<a href=""http://nchdb.boch.gov.tw/assets/advanceSearch/historicalBuilding/20030610000003"" target=""_blank"">http://nchdb.boch.gov.tw/assets/advanceSearch/historicalBuilding/20030610000003</a>","[{'classification': '指定/登錄', 'officialDocNo': '府授文資字第0920003874 號', 'registerDate': '2003-06-10 09:07:11.0'}]",其他設施,彰化縣
539,20120119000003,員林張氏追遠堂,"{'code': 'A1', 'name': '祠堂'}",<<文化資產保存法>>暨<<歷史建築登錄廢止審查及輔助辦法>>第2條,120.578479514866,23.9394502754502,"{'itemNo': 1, 'cityName': '彰化縣', 'distName': '員林市', 'address': '大明里大饒路845巷6號'}",彰化縣政府,彰化縣文化局,彰化縣彰化市卦山路3號,04-7292201,"<a href=""http://nchdb.boch.gov.tw/assets/advanceSearch/historicalBuilding/20120119000003"" target=""_blank"">http://nchdb.boch.gov.tw/assets/advanceSearch/historicalBuilding/20120119000003</a>","[{'classification': '指定/登錄', 'officialDocNo': '府授文資字第1010010634A號', 'registerDate': '2012-01-19 08:34:10.0'}]",祠堂,彰化縣
540,20120119000004,員林育英國小校長宿舍,"{'code': 'A99', 'name': '其他設施', 'other': '宿舍'}",<<文化資產保存法>>暨<<歷史建築登錄廢止審查及輔助辦法>>第2條,120.574188650204,23.9529242537061,"{'itemNo': 1, 'cityName': '彰化縣', 'distName': '員林市', 'address': '黎明里光明街26號'}",彰化縣政府,彰化縣文化局,彰化縣彰化市卦山路3號,04-7292201,"<a href=""http://nchdb.boch.gov.tw/assets/advanceSearch/historicalBuilding/20120119000004"" target=""_blank"">http://nchdb.boch.gov.tw/assets/advanceSearch/historicalBuilding/20120119000004</a>","[{'classification': '指定/登錄', 'officialDocNo': '府授文資字第1010010634B號', 'registerDate': '2012-01-19 08:33:25.0'}, {'classification': '變更/修正', 'officialDocNo': '府授文資字第1130412073B號', 'registerDate': '2024-10-28 13:26:50.625', 'note': '變更登錄範及調整地址'}]",其他設施,彰化縣
540,20120119000004,員林育英國小校長宿舍,"{'code': 'A99', 'name': '其他設施', 'other': '宿舍'}",<<文化資產保存法>>暨<<歷史建築登錄廢止審查及輔助辦法>>第2條,120.574188650204,23.9529242537061,"{'itemNo': 2, 'cityName': '彰化縣', 'distName': '員林市', 'address': '黎明里光明街32號'}",彰化縣政府,彰化縣文化局,彰化縣彰化市卦山路3號,04-7292201,"<a href=""http://nchdb.boch.gov.tw/assets/advanceSearch/historicalBuilding/20120119000004"" target=""_blank"">http://nchdb.boch.gov.tw/assets/advanceSearch/historicalBuilding/20120119000004</a>","[{'classification': '指定/登錄', 'officialDocNo': '府授文資字第1010010634B號', 'registerDate': '2012-01-19 08:33:25.0'}, {'classification': '變更/修正', 'officialDocNo': '府授文資字第1130412073B號', 'registerDate': '2024-10-28 13:26:50.625', 'note': '變更登錄範及調整地址'}]",其他設施,彰化縣
540,20120119000004,員林育英國小校長宿舍,"{'code': 'A99', 'name': '其他設施', 'other': '宿舍'}",<<文化資產保存法>>暨<<歷史建築登錄廢止審查及輔助辦法>>第2條,120.574188650204,23.9529242537061,"{'itemNo': 3, 'cityName': '彰化縣', 'distName': '員林市', 'address': '黎明里光明街42號'}",彰化縣政府,彰化縣文化局,彰化縣彰化市卦山路3號,04-7292201,"<a href=""http://nchdb.boch.gov.tw/assets/advanceSearch/historicalBuilding/20120119000004"" target=""_blank"">http://nchdb.boch.gov.tw/assets/advanceSearch/historicalBuilding/20120119000004</a>","[{'classification': '指定/登錄', 'officialDocNo': '府授文資字第1010010634B號', 'registerDate': '2012-01-19 08:33:25.0'}, {'classification': '變更/修正', 'officialDocNo': '府授文資字第1130412073B號', 'registerDate': '2024-10-28 13:26:50.625', 'note': '變更登錄範及調整地址'}]",其他設施,彰化縣
541,20070515000003,員林曹家開台祖塋,"{'code': 'A12', 'name': '墓葬'}",<<文化資產保存法>>第15條暨<<歷史建築登錄廢止審查及輔助辦法>>第4條,120.606761717177,23.9607533708927,"{'itemNo': 1, 'cityName': '彰化縣', 'distName': '員林市', 'address': '大峰巷與中州技術學院間，原第一公墓'}",彰化縣政府,彰化縣文化局,彰化縣彰化市卦山路3號,04-7292201,"<a href=""http://nchdb.boch.gov.tw/assets/advanceSearch/historicalBuilding/20070515000003"" target=""_blank"">http://nchdb.boch.gov.tw/assets/advanceSearch/historicalBuilding/20070515000003</a>","[{'classification': '指定/登錄', 'officialDocNo': '府授文資字第0960001615F號', 'registerDate': '2007-05-15 08:53:55.0'}]",墓葬,彰化縣
542,20121126000002,社頭泰安岩,"{'code': 'A2', 'name': '寺廟'}",<<文化資產保存法>>暨<<歷史建築登錄廢止審查及輔助辦法>>第2條,120.580185,23.899103,"{'itemNo': 1, 'cityName': '彰化縣', 'distName': '社頭鄉', 'address': '廣興村廣興巷13號'}",彰化縣政府,彰化縣文化局,彰化市卦山路3號,04-7292201,"<a href=""http://nchdb.boch.gov.tw/assets/advanceSearch/historicalBuilding/20121126000002"" target=""_blank"">http://nchdb.boch.gov.tw/assets/advanceSearch/historicalBuilding/20121126000002</a>","[{'classification': '指定/登錄', 'officialDocNo': '府授文資字第1010329458B號', 'registerDate': '2012-11-26 10:22:07.0'}]",寺廟,彰化縣
543,20021120000005,社頭同仁社,"{'code': 'A99', 'name': '其他設施', 'other': '運輸會社'}",<<文化資產保存法>>第27條之1暨<<歷史建築登錄及輔助辦法>>第7條,120.58105579196,23.8958659512036,"{'itemNo': 1, 'cityName': '彰化縣', 'distName': '社頭鄉', 'address': '社斗路6號'}",彰化縣政府,彰化縣文化局,彰化縣彰化市卦山路3號,04-7292201,"<a href=""http://nchdb.boch.gov.tw/assets/advanceSearch/historicalBuilding/20021120000005"" target=""_blank"">http://nchdb.boch.gov.tw/assets/advanceSearch/historicalBuilding/20021120000005</a>","[{'classification': '指定/登錄', 'officialDocNo': '府授文資字第09100062412 號', 'registerDate': '2002-11-20 10:20:25.0'}]",其他設施,彰化縣
544,20041020000003,社頭月眉池劉氏古厝,"{'code': 'A3', 'name': '宅第'}",<<文化資產保存法>>第27條之1暨<<歷史建築登錄及輔助辦法>>第7條,120.603269902323,23.924958167865,"{'itemNo': 1, 'cityName': '彰化縣', 'distName': '社頭鄉', 'address': '湳雅村山腳路3段632號'}",彰化縣政府,彰化縣文化局,彰化縣彰化市卦山路3號,04-7292201,"<a href=""http://nchdb.boch.gov.tw/assets/advanceSearch/historicalBuilding/20041020000003"" target=""_blank"">http://nchdb.boch.gov.tw/assets/advanceSearch/historicalBuilding/20041020000003</a>","[{'classification': '指定/登錄', 'officialDocNo': '府授文資字第0930167018C', 'registerDate': '2004-10-20 09:22:02.0'}]",宅第,彰化縣
545,20101008000003,社頭劉氏家廟芳山堂,"{'code': 'A1', 'name': '祠堂'}",<<文化資產保存法>>暨<<歷史建築登錄廢止審查及輔助辦法>>第2條,120.600185508741,23.9185725849232,"{'itemNo': 1, 'cityName': '彰化縣', 'distName': '社頭鄉', 'address': '龍井村水井巷23號'}",彰化縣政府,彰化縣文化局,彰化縣彰化市卦山路3號,04-7292201,"<a href=""http://nchdb.boch.gov.tw/assets/advanceSearch/historicalBuilding/20101008000003"" target=""_blank"">http://nchdb.boch.gov.tw/assets/advanceSearch/historicalBuilding/20101008000003</a>","[{'classification': '指定/登錄', 'officialDocNo': '府授文資字第0990250534號', 'registerDate': '2010-10-08 14:03:01.0'}]",祠堂,彰化縣
546,20070515000004,社頭張厝土地公廟（永安宮）,"{'code': 'A2', 'name': '寺廟'}",<<文化資產保存法>>第15條暨<<歷史建築登錄及輔助辦法>>第4條,120.57609362328,23.9045825760672,"{'itemNo': 1, 'cityName': '彰化縣', 'distName': '社頭鄉', 'address': '張厝村5鄰大圳巷9號'}",彰化縣政府,彰化縣文化局,彰化縣彰化市卦山路3號,04-7292201,"<a href=""http://nchdb.boch.gov.tw/assets/advanceSearch/historicalBuilding/20070515000004"" target=""_blank"">http://nchdb.boch.gov.tw/assets/advanceSearch/historicalBuilding/20070515000004</a>","[{'classification': '指定/登錄', 'officialDocNo': '府授文資字第0960001615E號', 'registerDate': '2007-05-15 08:49:18.0'}]",寺廟,彰化縣
547,20080421000001,永靖魏成美公堂,"{'code': 'A1', 'name': '祠堂'}",<<文化資產保存法>>第15條暨<<歷史建築登錄廢止審查及輔助辦法>>第4條,120.548143085624,23.9183671721867,"{'itemNo': 1, 'cityName': '彰化縣', 'distName': '永靖鄉', 'address': '港西村中山路一段972巷25號'}",彰化縣政府,彰化縣文化局,彰化縣彰化市卦山路3號,04-7292201,"<a href=""http://nchdb.boch.gov.tw/assets/advanceSearch/historicalBuilding/20080421000001"" target=""_blank"">http://nchdb.boch.gov.tw/assets/advanceSearch/historicalBuilding/20080421000001</a>","[{'classification': '指定/登錄', 'officialDocNo': '府授文資字第0970000563A號', 'registerDate': '2008-04-21 08:44:57.0'}]",祠堂,彰化縣
548,20060926000004,永靖邱氏宗祠,"{'code': 'A1', 'name': '祠堂'}",<<文化資產保存法>>第15條暨<<歷史建築登錄廢止審查及輔助辦法>>第4條,120.552439127567,23.9222097622538,"{'itemNo': 1, 'cityName': '彰化縣', 'distName': '永靖鄉', 'address': '瑚璉村中山路2段230號'}",彰化縣政府,彰化縣文化局,彰化縣彰化市卦山路3號,04-7292201,"<a href=""http://nchdb.boch.gov.tw/assets/advanceSearch/historicalBuilding/20060926000004"" target=""_blank"">http://nchdb.boch.gov.tw/assets/advanceSearch/historicalBuilding/20060926000004</a>","[{'classification': '指定/登錄', 'officialDocNo': '府授文資字第0950002952D號', 'registerDate': '2006-09-26 09:36:32.0'}]",祠堂,彰化縣
549,20020410000003,永靖公學校宿舍,"{'code': 'A3', 'name': '宅第'}",<<文化資產保存法>>第27條之1暨<<歷史建築登錄及輔助辦法>>第7條,120.546430838462,23.9247357594978,"{'itemNo': 1, 'cityName': '彰化縣', 'distName': '永靖鄉', 'address': '永北村永坡路25巷2號'}",彰化縣政府,彰化縣文化局,彰化縣彰化市卦山路3號,04-7292201,"<a href=""http://nchdb.boch.gov.tw/assets/advanceSearch/historicalBuilding/20020410000003"" target=""_blank"">http://nchdb.boch.gov.tw/assets/advanceSearch/historicalBuilding/20020410000003</a>","[{'classification': '指定/登錄', 'officialDocNo': '府授文資字第09100014564 號', 'registerDate': '2002-04-10 00:00:00.0'}]",宅第,彰化縣
549,20020410000003,永靖公學校宿舍,"{'code': 'A3', 'name': '宅第'}",<<文化資產保存法>>第27條之1暨<<歷史建築登錄及輔助辦法>>第7條,120.546430838462,23.9247357594978,"{'itemNo': 2, 'cityName': '彰化縣', 'distName': '永靖鄉', 'address': '永北村永坡路25巷4號'}",彰化縣政府,彰化縣文化局,彰化縣彰化市卦山路3號,04-7292201,"<a href=""http://nchdb.boch.gov.tw/assets/advanceSearch/historicalBuilding/20020410000003"" target=""_blank"">http://nchdb.boch.gov.tw/assets/advanceSearch/historicalBuilding/20020410000003</a>","[{'classification': '指定/登錄', 'officialDocNo': '府授文資字第09100014564 號', 'registerDate': '2002-04-10 00:00:00.0'}]",宅第,彰化縣
550,20110707000003,永靖清福宮石板廟,"{'code': 'A2', 'name': '寺廟'}",<<文化資產保存法>>暨<<歷史建築登錄廢止審查及輔助辦法>>第2條,120.561134,23.924192,"{'itemNo': 1, 'cityName': '彰化縣', 'distName': '永靖鄉', 'address': '光雲村永興路二段202號旁'}",彰化縣政府,彰化縣文化局,彰化縣彰化市卦山路3號,04-7292201,"<a href=""http://nchdb.boch.gov.tw/assets/advanceSearch/historicalBuilding/20110707000003"" target=""_blank"">http://nchdb.boch.gov.tw/assets/advanceSearch/historicalBuilding/20110707000003</a>","[{'classification': '指定/登錄', 'officialDocNo': '府授文資字第10002395362號', 'registerDate': '2011-07-07 08:35:04.0'}, {'classification': '變更/修正', 'officialDocNo': '府授文資字第1090362015B號', 'registerDate': '2020-10-16 00:00:00.0', 'note': '變更地址及定著土地範圍'}]",寺廟,彰化縣
551,20020410000004,埔心羅厝天主堂原教室（文物館）,"{'code': 'A10', 'name': '教堂'}",<<歷史建築登錄廢止審查及輔助辦法>>第2條第1項第1、2、3、4款,120.513411089593,23.9378797700284,"{'itemNo': 1, 'cityName': '彰化縣', 'distName': '埔心鄉', 'address': '羅厝村羅永路109號'}",彰化縣政府,彰化縣文化局,彰化縣彰化市卦山路3號,04-7292201,"<a href=""http://nchdb.boch.gov.tw/assets/advanceSearch/historicalBuilding/20020410000004"" target=""_blank"">http://nchdb.boch.gov.tw/assets/advanceSearch/historicalBuilding/20020410000004</a>","[{'classification': '指定/登錄', 'officialDocNo': '府授文資字第09100014565 號', 'registerDate': '2002-04-10 09:35:42.0'}]",教堂,彰化縣
552,20020410000005,溪湖庄役場,"{'code': 'A6', 'name': '衙署'}",<<文化資產保存法>>第27條之1暨<<歷史建築登錄及輔助辦法>>第7條,120.479235091408,23.9623267034081,"{'itemNo': 1, 'cityName': '彰化縣', 'distName': '溪湖鎮', 'address': '員鹿路三段245號'}",彰化縣政府,彰化縣文化局,彰化縣彰化市卦山路3號,04-7292201,"<a href=""http://nchdb.boch.gov.tw/assets/advanceSearch/historicalBuilding/20020410000005"" target=""_blank"">http://nchdb.boch.gov.tw/assets/advanceSearch/historicalBuilding/20020410000005</a>","[{'classification': '指定/登錄', 'officialDocNo': '府授文資字第09100014567 號', 'registerDate': '2002-04-10 11:26:16.0'}]",衙署,彰化縣
553,20020410000006,溪湖公學校校門及禮堂,"{'code': 'A24', 'name': '學校'}",<<文化資產保存法>>第27條之1暨<<歷史建築登錄及輔助辦法>>第7條,120.47861342175446,23.959288638836835,"{'itemNo': 1, 'cityName': '彰化縣', 'distName': '溪湖鎮', 'address': '二溪路一段35號'}",彰化縣政府,彰化縣文化局,彰化縣彰化市卦山路3號,04-7292201,"<a href=""http://nchdb.boch.gov.tw/assets/advanceSearch/historicalBuilding/20020410000006"" target=""_blank"">http://nchdb.boch.gov.tw/assets/advanceSearch/historicalBuilding/20020410000006</a>","[{'classification': '指定/登錄', 'officialDocNo': '府授文資字第09100014566 號', 'registerDate': '2002-04-10 11:23:39.0'}]",學校,彰化縣
554,20101008000004,溪湖糖廠五分車站,"{'code': 'A7', 'name': '車站'}",<<文化資產保存法>>暨<<歷史建築登錄廢止審查及輔助辦法>>第2條,120.482154,23.955424,"{'itemNo': 1, 'cityName': '彰化縣', 'distName': '溪湖鎮', 'address': '彰化縣溪湖鎮彰水路二段762號'}",彰化縣政府,彰化縣文化局,彰化縣彰化市卦山路3號,04-7292201,"<a href=""http://nchdb.boch.gov.tw/assets/advanceSearch/historicalBuilding/20101008000004"" target=""_blank"">http://nchdb.boch.gov.tw/assets/advanceSearch/historicalBuilding/20101008000004</a>","[{'classification': '指定/登錄', 'officialDocNo': '府授文資字第0990250536號', 'registerDate': '2010-10-08 08:35:44.0'}]",車站,彰化縣
555,20050127000003,埔東派出所舊廳舍,"{'code': 'A99', 'name': '其他設施', 'other': '建築物類'}",<<文化資產保存法>>第27條之1暨<<歷史建築登錄及輔助辦法>>第7條,120.475297027845,23.9968183017502,"{'itemNo': 1, 'cityName': '彰化縣', 'distName': '埔鹽鄉', 'address': '中正路48號'}",彰化縣政府,彰化縣文化局,彰化縣彰化市卦山路3號,04-7292201,"<a href=""http://nchdb.boch.gov.tw/assets/advanceSearch/historicalBuilding/20050127000003"" target=""_blank"">http://nchdb.boch.gov.tw/assets/advanceSearch/historicalBuilding/20050127000003</a>","[{'classification': '指定/登錄', 'officialDocNo': '府授文資字第09400020685號', 'registerDate': '2005-01-27 11:29:36.0'}]",其他設施,彰化縣
556,20050127000004,原台中州農會田中倉庫,"{'code': 'A99', 'name': '其他設施', 'other': '建築物類'}",<<文化資產保存法>>第27條之1暨<<歷史建築登錄及輔助辦法>>第7條,120.59167911280387,23.853360501378987,"{'itemNo': 1, 'cityName': '彰化縣', 'distName': '田中鎮', 'address': '南路里中南路三段405號'}",彰化縣政府,彰化縣文化局,彰化縣彰化市卦山路3號,04-7250057,"<a href=""http://nchdb.boch.gov.tw/assets/advanceSearch/historicalBuilding/20050127000004"" target=""_blank"">http://nchdb.boch.gov.tw/assets/advanceSearch/historicalBuilding/20050127000004</a>","[{'classification': '指定/登錄', 'officialDocNo': '府授文資字第09400020683號', 'registerDate': '2005-01-27 00:00:00.0'}, {'classification': '變更/修正', 'officialDocNo': '府授文資字第0940002078號', 'registerDate': '2005-02-21 00:00:00.0', 'note': '地號與面積修正'}, {'classification': '變更/修正', 'officialDocNo': '府授文資字第1090292164B號', 'registerDate': '2020-08-21 11:48:45.179', 'note': '新增土地範圍'}]",其他設施,彰化縣
557,20120523000003,田中（天受宮）殉職者之碑,"{'code': 'A9', 'name': '碑碣'}",<<文化資產保存法>>暨<<歷史建築登錄廢止審查及輔助辦法>>第2條,120.583072,23.851456,"{'itemNo': 1, 'cityName': '彰化縣', 'distName': '田中鎮', 'address': '新民里沙崙路242號'}",彰化縣政府,彰化縣文化局,彰化縣彰化市卦山路3號,04-7292201,"<a href=""http://nchdb.boch.gov.tw/assets/advanceSearch/historicalBuilding/20120523000003"" target=""_blank"">http://nchdb.boch.gov.tw/assets/advanceSearch/historicalBuilding/20120523000003</a>","[{'classification': '指定/登錄', 'officialDocNo': '府授文資字第1010138438C號', 'registerDate': '2012-05-23 08:25:55.0'}]",碑碣,彰化縣
558,20070515000005,田中書山祠,"{'code': 'A1', 'name': '祠堂'}",<<文化資產保存法>>第15條暨<<歷史建築登錄廢止審查及輔助辦法>>第4條,120.58798556732,23.8724723973082,"{'itemNo': 1, 'cityName': '彰化縣', 'distName': '田中鎮', 'address': '頂潭里東閔路三段446巷17號'}",彰化縣政府,彰化縣文化局,彰化縣彰化市卦山路3號,04-7292201,"<a href=""http://nchdb.boch.gov.tw/assets/advanceSearch/historicalBuilding/20070515000005"" target=""_blank"">http://nchdb.boch.gov.tw/assets/advanceSearch/historicalBuilding/20070515000005</a>","[{'classification': '指定/登錄', 'officialDocNo': '府授文資字第0960001616D號', 'registerDate': '2007-05-15 08:48:31.0'}]",祠堂,彰化縣
559,20080411000001,北斗中正堂,"{'code': 'A24', 'name': '學校'}",<<文化資產保存法>>第15條暨<<歷史建築登錄廢止審查及輔助辦法>>第4條,120.522178832316,23.8756515122628,"{'itemNo': 1, 'cityName': '彰化縣', 'distName': '北斗鎮', 'address': '文苑路一段136號'}",彰化縣政府,彰化縣文化局,彰化縣彰化市卦山路3號,04-7292201,"<a href=""http://nchdb.boch.gov.tw/assets/advanceSearch/historicalBuilding/20080411000001"" target=""_blank"">http://nchdb.boch.gov.tw/assets/advanceSearch/historicalBuilding/20080411000001</a>","[{'classification': '指定/登錄', 'officialDocNo': '府授文資字第0970000554F號', 'registerDate': '2008-04-11 09:45:14.0'}]",學校,彰化縣
560,20120523000004,北斗富美舘,"{'code': 'A2', 'name': '寺廟'}",<<文化資產保存法>>暨<<歷史建築登錄廢止審查及輔助辦法>>第2條,120.524319,23.874056,"{'itemNo': 1, 'cityName': '彰化縣', 'distName': '北斗鎮', 'address': '光復里光復路196號'}",彰化縣政府,彰化縣文化局,彰化縣彰化市卦山路3號,04-7292201,"<a href=""http://nchdb.boch.gov.tw/assets/advanceSearch/historicalBuilding/20120523000004"" target=""_blank"">http://nchdb.boch.gov.tw/assets/advanceSearch/historicalBuilding/20120523000004</a>","[{'classification': '指定/登錄', 'officialDocNo': '府授文資字第1010138438B號', 'registerDate': '2012-05-23 00:00:00.0'}]",寺廟,彰化縣
561,20080421000002,北斗郡守官舍,"{'code': 'A99', 'name': '其他設施', 'other': '宿舍'}",<<文化資產保存法>>第15條暨<<歷史建築登錄廢止審查及輔助辦法>>第4條,120.524807061392,23.8757792594002,"{'itemNo': 1, 'cityName': '彰化縣', 'distName': '北斗鎮', 'address': '地政2巷18號'}",彰化縣政府,彰化縣文化局,彰化縣彰化市卦山路3號,04-7292201,"<a href=""http://nchdb.boch.gov.tw/assets/advanceSearch/historicalBuilding/20080421000002"" target=""_blank"">http://nchdb.boch.gov.tw/assets/advanceSearch/historicalBuilding/20080421000002</a>","[{'classification': '指定/登錄', 'officialDocNo': '府授文資字第0970000563B號', 'registerDate': '2008-04-21 09:43:48.0'}, {'classification': '變更/修正', 'officialDocNo': '府授文資字第1130353507A號', 'registerDate': '2024-09-19 18:14:59.382', 'note': '變更登錄範圍'}]",其他設施,彰化縣
562,20080411000002,北斗紅磚市場,"{'code': 'A16', 'name': '產業'}",<<文化資產保存法>>第15條暨<<歷史建築登錄廢止審查及輔助辦法>>第4條,120.526323421559,23.8718286752365,"{'itemNo': 1, 'cityName': '彰化縣', 'distName': '北斗鎮', 'address': '新市街40號'}",彰化縣政府,彰化縣文化局,彰化縣彰化市卦山路3號,04-7292201,"<a href=""http://nchdb.boch.gov.tw/assets/advanceSearch/historicalBuilding/20080411000002"" target=""_blank"">http://nchdb.boch.gov.tw/assets/advanceSearch/historicalBuilding/20080411000002</a>","[{'classification': '指定/登錄', 'officialDocNo': '府授文資字第0970000554B號', 'registerDate': '2008-04-11 09:46:34.0'}]",產業,彰化縣
563,20080411000003,北斗大眾爺廟,"{'code': 'A2', 'name': '寺廟'}",<<文化資產保存法>>第15條暨<<歷史建築登錄廢止審查及輔助辦法>>第4條,120.52093523765,23.8724540530123,"{'itemNo': 1, 'cityName': '彰化縣', 'distName': '北斗鎮', 'address': '西德里西德街7號'}",彰化縣政府,彰化縣文化局,彰化縣彰化市卦山路3號,04-7292201,"<a href=""http://nchdb.boch.gov.tw/assets/advanceSearch/historicalBuilding/20080411000003"" target=""_blank"">http://nchdb.boch.gov.tw/assets/advanceSearch/historicalBuilding/20080411000003</a>","[{'classification': '指定/登錄', 'officialDocNo': '府授文資字第0970000554C號', 'registerDate': '2008-04-11 09:53:08.0'}]",寺廟,彰化縣
564,20080411000004,北斗普度公壇,"{'code': 'A2', 'name': '寺廟'}",<<文化資產保存法>>第15條暨<<歷史建築登錄廢止審查及輔助辦法>>第4條,120.524899227606,23.870512112547,"{'itemNo': 1, 'cityName': '彰化縣', 'distName': '北斗鎮', 'address': '五權里光復路54號'}",彰化縣政府,彰化縣文化局,彰化縣彰化市卦山路3號,04-7292201,"<a href=""http://nchdb.boch.gov.tw/assets/advanceSearch/historicalBuilding/20080411000004"" target=""_blank"">http://nchdb.boch.gov.tw/assets/advanceSearch/historicalBuilding/20080411000004</a>","[{'classification': '指定/登錄', 'officialDocNo': '府授文資字第0970000554D號', 'registerDate': '2008-04-11 09:45:55.0'}]",寺廟,彰化縣
565,20101008000005,北斗開基祖廟福德祠,"{'code': 'A2', 'name': '寺廟'}",<<文化資產保存法>>、<<歷史建築登錄廢止審查及輔助辦法>>第2條,120.523286,23.87214,"{'itemNo': 1, 'cityName': '彰化縣', 'distName': '北斗鎮', 'address': '新政里福安巷1號'}",彰化縣政府,彰化縣文化局,彰化縣彰化市卦山路3號,04-7292201,"<a href=""http://nchdb.boch.gov.tw/assets/advanceSearch/historicalBuilding/20101008000005"" target=""_blank"">http://nchdb.boch.gov.tw/assets/advanceSearch/historicalBuilding/20101008000005</a>","[{'classification': '指定/登錄', 'officialDocNo': '府授文資字第0990250535號', 'registerDate': '2010-10-08 09:49:11.0'}]",寺廟,彰化縣
566,20050127000005,田尾公學校宿舍,"{'code': 'A99', 'name': '其他設施', 'other': '宿舍'}",<<文化資產保存法>>第27條之1暨<<歷史建築登錄及輔助辦法>>第7條,120.527829088922,23.8923171510654,"{'itemNo': 1, 'cityName': '彰化縣', 'distName': '田尾鄉', 'address': '饒平村光復路三段45號'}",彰化縣政府,彰化縣文化局,彰化縣彰化市卦山路3號,04-7292201,"<a href=""http://nchdb.boch.gov.tw/assets/advanceSearch/historicalBuilding/20050127000005"" target=""_blank"">http://nchdb.boch.gov.tw/assets/advanceSearch/historicalBuilding/20050127000005</a>","[{'classification': '指定/登錄', 'officialDocNo': '府授文資字第09400020682號', 'registerDate': '2005-01-27 10:31:21.0'}]",其他設施,彰化縣
567,20090615000004,北斗郡路口厝派出所,"{'code': 'A6', 'name': '衙署'}",<<文化資產保存法>>第15條暨<<歷史建築登錄廢止審查及輔助辦法>>第4條,120.4588248927,23.8465812610284,"{'itemNo': 1, 'cityName': '彰化縣', 'distName': '埤頭鄉', 'address': '中和村溪林路337-1號'}",彰化縣政府,彰化縣文化局,彰化縣彰化市卦山路3號,04-7292201,"<a href=""http://nchdb.boch.gov.tw/assets/advanceSearch/historicalBuilding/20090615000004"" target=""_blank"">http://nchdb.boch.gov.tw/assets/advanceSearch/historicalBuilding/20090615000004</a>","[{'classification': '指定/登錄', 'officialDocNo': '府授文資字第0980001965D號', 'registerDate': '2009-06-15 08:41:29.0'}]",衙署,彰化縣
567,20090615000004,北斗郡路口厝派出所,"{'code': 'A6', 'name': '衙署'}",<<文化資產保存法>>第15條暨<<歷史建築登錄廢止審查及輔助辦法>>第4條,120.4588248927,23.8465812610284,"{'itemNo': 2, 'cityName': '彰化縣', 'distName': '埤頭鄉', 'address': '中和村溪林路337-4號'}",彰化縣政府,彰化縣文化局,彰化縣彰化市卦山路3號,04-7292201,"<a href=""http://nchdb.boch.gov.tw/assets/advanceSearch/historicalBuilding/20090615000004"" target=""_blank"">http://nchdb.boch.gov.tw/assets/advanceSearch/historicalBuilding/20090615000004</a>","[{'classification': '指定/登錄', 'officialDocNo': '府授文資字第0980001965D號', 'registerDate': '2009-06-15 08:41:29.0'}]",衙署,彰化縣
568,20050127000006,西螺大橋（北段）,"{'code': 'A15', 'name': '橋樑'}",<<文化資產保存法>>第27條之1暨<<歷史建築登錄及輔助辦法>>第7條,120.46281584847,23.8220712905566,"{'itemNo': 1, 'cityName': '彰化縣', 'distName': '溪州鄉', 'address': '水尾村'}",彰化縣政府,彰化縣文化局,彰化縣彰化市卦山路3號,04-7292201,"<a href=""http://nchdb.boch.gov.tw/assets/advanceSearch/historicalBuilding/20050127000006"" target=""_blank"">http://nchdb.boch.gov.tw/assets/advanceSearch/historicalBuilding/20050127000006</a>","[{'classification': '指定/登錄', 'officialDocNo': '府授文資字第09400020684號', 'registerDate': '2005-01-27 09:38:10.0'}]",橋樑,彰化縣
569,20100407000004,竹塘醒靈宮聖蹟亭,"{'code': 'A2', 'name': '寺廟'}",<<文化資產保存法>>第15條暨<<歷史建築登錄及輔助辦法>>第4條,120.412598,23.887617,"{'itemNo': 1, 'cityName': '彰化縣', 'distName': '竹塘鄉', 'address': '民靖村金山路34號'}",彰化縣政府,彰化縣文化局,彰化縣彰化市卦山路3號,04-7292201,"<a href=""http://nchdb.boch.gov.tw/assets/advanceSearch/historicalBuilding/20100407000004"" target=""_blank"">http://nchdb.boch.gov.tw/assets/advanceSearch/historicalBuilding/20100407000004</a>","[{'classification': '指定/登錄', 'officialDocNo': '府授文資字第0990000234B號', 'registerDate': '2010-04-07 08:40:03.0'}]",寺廟,彰化縣
570,20041020000004,二林武德殿,"{'code': 'A99', 'name': '其他設施', 'other': '建築物類'}",<<文化資產保存法>>第27條之1暨<<歷史建築紀念建築登錄廢止審查及輔助辦法>>第7條,120.369712897692,23.8997872335845,"{'itemNo': 1, 'cityName': '彰化縣', 'distName': '二林鎮', 'address': '東和里斗苑路五段110號'}",彰化縣政府,彰化縣文化局,彰化縣彰化市卦山路3號,04-7292201,"<a href=""http://nchdb.boch.gov.tw/assets/advanceSearch/historicalBuilding/20041020000004"" target=""_blank"">http://nchdb.boch.gov.tw/assets/advanceSearch/historicalBuilding/20041020000004</a>","[{'classification': '指定/登錄', 'officialDocNo': '府授文資字第0930167018B號', 'registerDate': '2004-10-20 11:28:19.0'}, {'classification': '變更/修正', 'officialDocNo': '府授文資字第0990000214號', 'registerDate': '2010-03-01 00:00:00.0', 'note': '更正定著土地地號與面積'}, {'classification': '變更/修正', 'officialDocNo': '府授文資字第1080441172B號', 'registerDate': '2019-12-23 20:59:47.501', 'note': '變更定著土地範圍'}]",其他設施,彰化縣
571,20030610000004,二林公學校禮堂,"{'code': 'A24', 'name': '學校'}",<<文化資產保存法>>第27條之1暨<<歷史建築登錄及輔助辦法>>第7條,120.370947165028,23.9003205855059,"{'itemNo': 1, 'cityName': '彰化縣', 'distName': '二林鎮', 'address': '東和里斗苑路五段22號'}",彰化縣政府,彰化縣文化局,彰化縣彰化市卦山路3號,04-7292201,"<a href=""http://nchdb.boch.gov.tw/assets/advanceSearch/historicalBuilding/20030610000004"" target=""_blank"">http://nchdb.boch.gov.tw/assets/advanceSearch/historicalBuilding/20030610000004</a>","[{'classification': '指定/登錄', 'officialDocNo': '府授文資字第0920003873 號', 'registerDate': '2003-06-10 09:20:19.0'}, {'classification': '變更/修正', 'officialDocNo': '府受文資字第1110037430A號', 'registerDate': '2022-02-07 00:00:00.0', 'note': '調整定著土地之地號'}]",學校,彰化縣
572,20080411000005,二林公學校職員宿舍群,"{'code': 'A24', 'name': '學校'}",<<文化資產保存法>>第15條暨<<歷史建築登錄及補助辦法>>第4條,120.371216446127,23.9013561400378,"{'itemNo': 1, 'cityName': '彰化縣', 'distName': '二林鎮', 'address': '東和里斗苑路五段22號'}",彰化縣政府,彰化縣文化局,彰化縣彰化市卦山路3號,04-7292201,"<a href=""http://nchdb.boch.gov.tw/assets/advanceSearch/historicalBuilding/20080411000005"" target=""_blank"">http://nchdb.boch.gov.tw/assets/advanceSearch/historicalBuilding/20080411000005</a>","[{'classification': '指定/登錄', 'officialDocNo': '府授文資字第0970000554A號', 'registerDate': '2008-04-11 11:43:39.0'}]",學校,彰化縣
573,20080411000006,大城咸安宮,"{'code': 'A2', 'name': '寺廟'}",<<文化資產保存法>>第15條暨<<歷史建築登錄廢止審查及輔助辦法>>第4條,120.321268346697,23.854989910345,"{'itemNo': 1, 'cityName': '彰化縣', 'distName': '大城鄉', 'address': '大城村中平路56號'}",彰化縣政府,彰化縣文化局,彰化縣彰化市卦山路3號,04-7292201,"<a href=""http://nchdb.boch.gov.tw/assets/advanceSearch/historicalBuilding/20080411000006"" target=""_blank"">http://nchdb.boch.gov.tw/assets/advanceSearch/historicalBuilding/20080411000006</a>","[{'classification': '指定/登錄', 'officialDocNo': '府授文資字第0970000554E號', 'registerDate': '2008-04-11 08:45:21.0'}, {'classification': '變更/修正', 'officialDocNo': '府授文資字第111003747430A號', 'registerDate': '2022-02-07 00:00:00.0', 'note': '變更地著土地地號'}]",寺廟,彰化縣
574,20090615000005,二水鼻仔頭鄭氏古厝,"{'code': 'A3', 'name': '宅第'}",<<文化資產保存法>>第15條暨<<歷史建築登錄廢止審查及輔助辦法>>第4條,120.641015219132,23.7979484474897,"{'itemNo': 1, 'cityName': '彰化縣', 'distName': '二水鄉', 'address': '合興村英義路2號'}",彰化縣政府,彰化縣文化局,彰化縣彰化市卦山路3號,04-7292201,"<a href=""http://nchdb.boch.gov.tw/assets/advanceSearch/historicalBuilding/20090615000005"" target=""_blank"">http://nchdb.boch.gov.tw/assets/advanceSearch/historicalBuilding/20090615000005</a>","[{'classification': '指定/登錄', 'officialDocNo': '府授文資字第0980001965C號', 'registerDate': '2009-06-15 13:52:22.0'}]",宅第,彰化縣
575,20060926000005,八堡圳取水口,"{'code': 'A99', 'name': '其他設施', 'other': '水利設施'}",<<文化資產保存法>>第15條暨<<歷史建築登錄廢止審查及輔助辦法>>第4條,120.657518357154,23.8000427468558,"{'itemNo': 1, 'cityName': '彰化縣', 'distName': '二水鄉', 'address': '八堡圳段1023地號，竣工紀念碑經緯度座標為23.7999327,120.6575551'}",彰化縣政府,彰化縣文化局,彰化縣彰化市卦山路3號,04-7292201,"<a href=""http://nchdb.boch.gov.tw/assets/advanceSearch/historicalBuilding/20060926000005"" target=""_blank"">http://nchdb.boch.gov.tw/assets/advanceSearch/historicalBuilding/20060926000005</a>","[{'classification': '指定/登錄', 'officialDocNo': '府授文資字第0950002952E號', 'registerDate': '2006-09-26 08:57:39.0'}, {'classification': '變更/修正', 'officialDocNo': '府授文資字第1130118956B號', 'registerDate': '2024-04-02 13:30:39.066', 'note': '變更登錄範圍'}, {'classification': '變更/修正', 'officialDocNo': '府授文資字第1130357549B號', 'registerDate': '2024-09-20 13:36:44.409', 'note': '補充位置及定著土地地號公告'}]",其他設施,彰化縣
576,20020129000001,祭祀公業張琯溪公宗祠,"{'code': 'A1', 'name': '祠堂'}",文化資產保存法第7條之暨歷史建築登錄輔助辦法第7條。,120.688107534175,23.9139598098972,"{'itemNo': 1, 'cityName': '南投縣', 'distName': '南投市', 'address': '平和里南陽路196 巷20 號'}",南投縣政府文化局,文資科,南投縣南投市建國路135號,049-2231191#409,"<a href=""http://nchdb.boch.gov.tw/assets/advanceSearch/historicalBuilding/20020129000001"" target=""_blank"">http://nchdb.boch.gov.tw/assets/advanceSearch/historicalBuilding/20020129000001</a>","[{'classification': '指定/登錄', 'officialDocNo': '府授文資字第09100230540 號', 'registerDate': '2002-01-29 15:07:27.0'}]",祠堂,南投縣
577,20020129000002,旗杆厝,"{'code': 'A99', 'name': '其他設施', 'other': '建築物類'}",文化資產保存法第7條之1暨歷史建築登錄輔助辦法第7條。,120.685723872683,23.9105537846683,"{'itemNo': 1, 'cityName': '南投縣', 'distName': '南投市', 'address': '復興路321 號'}",南投縣政府文化局,文化資產科,南投縣南投市建國路135號,049-2231191,"<a href=""http://nchdb.boch.gov.tw/assets/advanceSearch/historicalBuilding/20020129000002"" target=""_blank"">http://nchdb.boch.gov.tw/assets/advanceSearch/historicalBuilding/20020129000002</a>","[{'classification': '指定/登錄', 'officialDocNo': '府授文資字第09100230540 號', 'registerDate': '2002-01-29 15:11:10.0'}]",其他設施,南投縣
578,20020129000003,南投市農會,"{'code': 'A99', 'name': '其他設施', 'other': '建築物類'}",文化資產保存法第7條之1暨歷史建築登錄輔助辦法第7條。,120.687007909529,23.9081468928478,"{'itemNo': 1, 'cityName': '南投縣', 'distName': '南投市', 'address': '龍井街62 號'}",南投縣政府文化局,文化資產科,南投縣南投市建國路135號,049-2231191,"<a href=""http://nchdb.boch.gov.tw/assets/advanceSearch/historicalBuilding/20020129000003"" target=""_blank"">http://nchdb.boch.gov.tw/assets/advanceSearch/historicalBuilding/20020129000003</a>","[{'classification': '指定/登錄', 'officialDocNo': '府授文資字第09100230540 號', 'registerDate': '2002-01-29 15:12:21.0'}]",其他設施,南投縣
579,20020129000004,武德殿及其附屬建築群,"{'code': 'A99', 'name': '其他設施', 'other': '建築物類'}",文化資產保存法第27條之1暨歷史建築登錄及輔助辦法第7條。,120.683986068675,23.9094159841329,"{'itemNo': 1, 'cityName': '南投縣', 'distName': '南投市', 'address': '彰南路2 段65 號'}",南投縣政府文化局,文化資產科,南投縣南投市建國路135號,049-2231191,"<a href=""http://nchdb.boch.gov.tw/assets/advanceSearch/historicalBuilding/20020129000004"" target=""_blank"">http://nchdb.boch.gov.tw/assets/advanceSearch/historicalBuilding/20020129000004</a>","[{'classification': '指定/登錄', 'officialDocNo': '府授文資字第09100230540 號', 'registerDate': '2002-01-29 17:15:32.0'}]",其他設施,南投縣
580,20110413000001,行政院農業委員會農糧署(原臺灣省政府農林廳),"{'code': 'A20', 'name': '辦公廳舍'}",依據文化資產保存法第15條暨歷史建築登錄廢止審查及輔助辦法第2條規定,120.687772152092,23.9551504397662,"{'itemNo': 1, 'cityName': '南投縣', 'distName': '南投市', 'address': '中興新村光華路8號'}",南投縣政府文化局,文化資產科,南投市建國路135號,049-2231191,"<a href=""http://nchdb.boch.gov.tw/assets/advanceSearch/historicalBuilding/20110413000001"" target=""_blank"">http://nchdb.boch.gov.tw/assets/advanceSearch/historicalBuilding/20110413000001</a>","[{'classification': '指定/登錄', 'officialDocNo': '府授文資字第10000778310號', 'registerDate': '2011-04-13 12:32:35.0'}]",辦公廳舍,南投縣
581,20110413000002,經濟部中部辦公室(原臺灣省政府建設廳),"{'code': 'A20', 'name': '辦公廳舍'}",依據文化資產保存法第15條暨歷史建築登錄廢止審查及輔助辦法第2條規定。,120.686261066417,23.9578837981617,"{'itemNo': 1, 'cityName': '南投縣', 'distName': '南投市', 'address': '54003南投縣南投市省府路４號'}",南投縣政府文化局,文化資產科,南投市建國路135號,049-2231191,"<a href=""http://nchdb.boch.gov.tw/assets/advanceSearch/historicalBuilding/20110413000002"" target=""_blank"">http://nchdb.boch.gov.tw/assets/advanceSearch/historicalBuilding/20110413000002</a>","[{'classification': '指定/登錄', 'officialDocNo': '府授文資字第10000778310號', 'registerDate': '2011-04-13 12:05:59.0'}]",辦公廳舍,南投縣
582,20110413000003,臺灣銀行中興新村分行,"{'code': 'A21', 'name': '銀行'}",依據文化資產保存法第15條暨歷史建築登錄廢止審查及輔助辦法第2條規定。,120.688508006506,23.9558081444722,"{'itemNo': 1, 'cityName': '南投縣', 'distName': '南投市', 'address': '南投市中興新村光華路11號'}",南投縣政府文化局,文化資產科,南投市建國路135號,049-2231191,"<a href=""http://nchdb.boch.gov.tw/assets/advanceSearch/historicalBuilding/20110413000003"" target=""_blank"">http://nchdb.boch.gov.tw/assets/advanceSearch/historicalBuilding/20110413000003</a>","[{'classification': '指定/登錄', 'officialDocNo': '府授文資字第10000778310號', 'registerDate': '2011-04-13 15:09:57.0'}]",銀行,南投縣
583,20110413000004,行政院農業委員會水土保持局(原臺灣省政府水土保持局),"{'code': 'A20', 'name': '辦公廳舍'}",依據文化資產保存法第15條暨歷史建築登錄廢止審查及輔助辦法第2條規定。,120.687364702823,23.9555860263891,"{'itemNo': 1, 'cityName': '南投縣', 'distName': '南投市', 'address': '南投市中興新村光華路 6 號'}",南投縣政府文化局,文化資產科,南投市建國路135號,049-2231191,"<a href=""http://nchdb.boch.gov.tw/assets/advanceSearch/historicalBuilding/20110413000004"" target=""_blank"">http://nchdb.boch.gov.tw/assets/advanceSearch/historicalBuilding/20110413000004</a>","[{'classification': '指定/登錄', 'officialDocNo': '府授文資字第10000778310號', 'registerDate': '2011-04-13 16:06:13.0'}]",辦公廳舍,南投縣
584,20110413000005,中興會堂,"{'code': 'A22', 'name': '集會堂'}",依據文化資產保存法第15條暨歷史建築登錄廢止審查及輔助辦法第2條規定。,120.696204463618,23.949205721944,"{'itemNo': 1, 'cityName': '南投縣', 'distName': '南投市', 'address': '南投市中興新村光榮北路1號'}",南投縣政府文化局,文化資產科,南投市建國路135號,049-2231191,"<a href=""http://nchdb.boch.gov.tw/assets/advanceSearch/historicalBuilding/20110413000005"" target=""_blank"">http://nchdb.boch.gov.tw/assets/advanceSearch/historicalBuilding/20110413000005</a>","[{'classification': '指定/登錄', 'officialDocNo': '府授文資字第10000778310號', 'registerDate': '2011-04-13 16:55:57.0'}]",集會堂,南投縣
585,20110413000006,臺灣新生報中興新村辦事處(原館),"{'code': 'A99', 'name': '其他設施', 'other': '具有歷史、文化、藝術價值之建造物'}",依據文化資產保存法第15條暨歷史建築登錄廢止審查及輔助辦法第2條規定。,120.693662173991,23.9501846906611,"{'itemNo': 1, 'cityName': '南投縣', 'distName': '南投市', 'address': '南投市中興新村光華路121號'}",南投縣政府文化局,文化資產科,南投市建國路135號,049-2231191,"<a href=""http://nchdb.boch.gov.tw/assets/advanceSearch/historicalBuilding/20110413000006"" target=""_blank"">http://nchdb.boch.gov.tw/assets/advanceSearch/historicalBuilding/20110413000006</a>","[{'classification': '指定/登錄', 'officialDocNo': '府授文資字第10000778310號', 'registerDate': '2011-04-13 16:01:14.0'}]",其他設施,南投縣
586,20110413000007,臺灣省政資料館(舊館及貴賓招待所),"{'code': 'A25', 'name': '博物館'}",依據文化資產保存法第15條暨歷史建築登錄廢止審查及輔助辦法第2條規定。,120.686380980266,23.9558071806719,"{'itemNo': 1, 'cityName': '南投縣', 'distName': '南投市', 'address': '南投市中興新村中正路2號'}",南投縣政府文化局,文化資產科,南投縣南投市建國路135號,049-2231191,"<a href=""http://nchdb.boch.gov.tw/assets/advanceSearch/historicalBuilding/20110413000007"" target=""_blank"">http://nchdb.boch.gov.tw/assets/advanceSearch/historicalBuilding/20110413000007</a>","[{'classification': '指定/登錄', 'officialDocNo': '府授文資字第10000778310號', 'registerDate': '2011-04-13 16:28:40.0'}]",博物館,南投縣
587,20110413000009,中華電信中興服務中心,"{'code': 'A99', 'name': '其他設施', 'other': '具有歷史、文化、藝術價值之建造物'}",依據文化資產保存法第15條暨歷史建築登錄廢止審查及輔助辦法第2條規定。,120.688212410912,23.9562712796507,"{'itemNo': 1, 'cityName': '南投縣', 'distName': '南投市', 'address': '南投市中興新村光華路7號'}",南投縣政府文化局,文化資產科,南投市建國路135號,049-2231191,"<a href=""http://nchdb.boch.gov.tw/assets/advanceSearch/historicalBuilding/20110413000009"" target=""_blank"">http://nchdb.boch.gov.tw/assets/advanceSearch/historicalBuilding/20110413000009</a>","[{'classification': '指定/登錄', 'officialDocNo': '府授文資字第10000778310號', 'registerDate': '2011-04-13 12:12:51.0'}]",其他設施,南投縣
588,20110413000010,國家文官學院中區培訓中心中正堂(原臺灣省政府訓練團中正堂),"{'code': 'A99', 'name': '其他設施', 'other': '具有歷史、文化、藝術價值之建造物'}",依據文化資產保存法第15條暨歷史建築登錄廢止審查及輔助辦法第2條規定。,120.702446364132,23.937547876101,"{'itemNo': 1, 'cityName': '南投縣', 'distName': '南投市', 'address': '南投市中興新村光明路1號'}",南投縣政府文化局,文化資產科,南投市建國路135號,049-2231191,"<a href=""http://nchdb.boch.gov.tw/assets/advanceSearch/historicalBuilding/20110413000010"" target=""_blank"">http://nchdb.boch.gov.tw/assets/advanceSearch/historicalBuilding/20110413000010</a>","[{'classification': '指定/登錄', 'officialDocNo': '府授文資字第10000778310號', 'registerDate': '2011-04-13 15:17:02.0'}]",其他設施,南投縣
589,20110413000011,行政院人事行政局地方人事行政處(原臺灣省政府人事處),"{'code': 'A20', 'name': '辦公廳舍'}",依據文化資產保存法第15條暨歷史建築登錄廢止審查及輔助辦法第2條規定。,120.68640198426,23.9582941565283,"{'itemNo': 1, 'cityName': '南投縣', 'distName': '南投市', 'address': '南投市中興新村省府路2號'}",南投縣政府文化局,文化資產科,南投縣南投市建國路135號,049-2231191,"<a href=""http://nchdb.boch.gov.tw/assets/advanceSearch/historicalBuilding/20110413000011"" target=""_blank"">http://nchdb.boch.gov.tw/assets/advanceSearch/historicalBuilding/20110413000011</a>","[{'classification': '指定/登錄', 'officialDocNo': '府授文資字第10000778310號', 'registerDate': '2011-04-13 15:55:05.0'}]",辦公廳舍,南投縣
590,20041221000001,南投市中山公園「聚芳館」,"{'code': 'A99', 'name': '其他設施', 'other': '建築物類'}",文化資產保存法第27條之1暨歷史建築登錄輔助辦法第7條。,120.688224199928,23.9110592759122,"{'itemNo': 1, 'cityName': '南投縣', 'distName': '南投市', 'address': '龍泉里民生街2號'}",南投縣政府文化局,文資科,南投縣南投市建國路135號,049-2231191#409,"<a href=""http://nchdb.boch.gov.tw/assets/advanceSearch/historicalBuilding/20041221000001"" target=""_blank"">http://nchdb.boch.gov.tw/assets/advanceSearch/historicalBuilding/20041221000001</a>","[{'classification': '指定/登錄', 'officialDocNo': '府授文資字第09302383580 號', 'registerDate': '2004-12-21 15:29:04.0'}]",其他設施,南投縣
591,20020801000002,草屯國民小學禮堂,"{'code': 'A99', 'name': '其他設施', 'other': '建築物類'}",文化資產保存法第27條之1暨歷史建築登錄及輔助辦法第7條。,120.687270756905,23.9817802545728,"{'itemNo': 1, 'cityName': '南投縣', 'distName': '草屯鎮', 'address': '玉峰里玉屏路210 號'}",南投縣政府文化局,文化資產科,南投縣南投市建國路135號,049-2231191,"<a href=""http://nchdb.boch.gov.tw/assets/advanceSearch/historicalBuilding/20020801000002"" target=""_blank"">http://nchdb.boch.gov.tw/assets/advanceSearch/historicalBuilding/20020801000002</a>","[{'classification': '指定/登錄', 'officialDocNo': '府授文資字第09101332650 號', 'registerDate': '2002-08-01 15:26:47.0'}]",其他設施,南投縣
592,20020801000003,碧峰國民小學禮堂,"{'code': 'A99', 'name': '其他設施', 'other': '建築類'}",文化資產保存法第27條之1暨歷史建築登錄及輔助辦法第7條。,120.666089543514,23.9693711639761,"{'itemNo': 1, 'cityName': '南投縣', 'distName': '草屯鎮', 'address': '立人路439 號'}",南投縣政府文化局,文化資產科,南投縣南投市建國路135號,049-2231191,"<a href=""http://nchdb.boch.gov.tw/assets/advanceSearch/historicalBuilding/20020801000003"" target=""_blank"">http://nchdb.boch.gov.tw/assets/advanceSearch/historicalBuilding/20020801000003</a>","[{'classification': '指定/登錄', 'officialDocNo': '府授文資字第09101332650 號', 'registerDate': '2002-08-01 15:22:20.0'}]",其他設施,南投縣
593,20041221000002,新庄國小禮堂,"{'code': 'A99', 'name': '其他設施', 'other': '建築物類'}",文化資產保存法第27條之1暨歷史建築登錄及輔助辦第7條。,120.667439930773,23.9952651346611,"{'itemNo': 1, 'cityName': '南投縣', 'distName': '草屯鎮', 'address': '芬草路219號'}",南投縣政府文化局,文資科,南投縣南投市建國路135號,049-2231191#409,"<a href=""http://nchdb.boch.gov.tw/assets/advanceSearch/historicalBuilding/20041221000002"" target=""_blank"">http://nchdb.boch.gov.tw/assets/advanceSearch/historicalBuilding/20041221000002</a>","[{'classification': '指定/登錄', 'officialDocNo': '府授文資字第09302383580 號', 'registerDate': '2004-12-21 15:38:23.0'}]",其他設施,南投縣
594,20090423000002,新庄國小日治宿舍,"{'code': 'A99', 'name': '其他設施', 'other': '日治時期宿舍'}",歷史建築登錄廢止審查及輔助辦法第二條規定：「歷史建築之登錄，應參考下列基準（1）具歷史文化價值者。」,120.668955002445,23.995360813658,"{'itemNo': 1, 'cityName': '南投縣', 'distName': '草屯鎮', 'address': '南投縣草屯鎮新庄里新庄三路32號'}",南投縣政府文化局,文資科,南投縣南投市建國路135號,049-2231191#409,"<a href=""http://nchdb.boch.gov.tw/assets/advanceSearch/historicalBuilding/20090423000002"" target=""_blank"">http://nchdb.boch.gov.tw/assets/advanceSearch/historicalBuilding/20090423000002</a>","[{'classification': '指定/登錄', 'officialDocNo': '府授文資字第09800916733號', 'registerDate': '2009-04-23 15:47:39.0'}]",其他設施,南投縣
595,20020129000005,崇善堂,"{'code': 'A3', 'name': '宅第'}",文化資產保存法第27條之暨歷史建築登錄及輔助辦法第7條。,120.674109514703,23.9565085609792,"{'itemNo': 1, 'cityName': '南投縣', 'distName': '草屯鎮', 'address': '草溪路168 號'}",南投縣政府文化局,文化資產科,南投縣南投市建國路135號,049-2231191,"<a href=""http://nchdb.boch.gov.tw/assets/advanceSearch/historicalBuilding/20020129000005"" target=""_blank"">http://nchdb.boch.gov.tw/assets/advanceSearch/historicalBuilding/20020129000005</a>","[{'classification': '指定/登錄', 'officialDocNo': '府授文資字第09100230540 號', 'registerDate': '2002-01-29 15:04:22.0'}]",宅第,南投縣
596,20020129000006,敷榮堂,"{'code': 'A3', 'name': '宅第'}",文化資產保存法第7條之1暨歷史建築登錄輔助法第7條。,120.664998476808,23.9960471188372,"{'itemNo': 1, 'cityName': '南投縣', 'distName': '草屯鎮', 'address': '新庄里芬草路二段752號'}",南投縣政府文化局,文資科,南投縣南投市建國路135號,049-2231191#409,"<a href=""http://nchdb.boch.gov.tw/assets/advanceSearch/historicalBuilding/20020129000006"" target=""_blank"">http://nchdb.boch.gov.tw/assets/advanceSearch/historicalBuilding/20020129000006</a>","[{'classification': '指定/登錄', 'officialDocNo': '府授文資字第09100230540 號', 'registerDate': '2002-01-29 09:27:20.0'}, {'classification': '變更/修正', 'officialDocNo': '府授文資字第1090080558號', 'registerDate': '2020-04-07 00:00:00.0', 'note': '變更地號、面積'}]",宅第,南投縣
597,20090423000004,國姓鄉南港村–林屋伙房,"{'code': 'A3', 'name': '宅第'}",歷史建築登錄廢止審查及輔助辦法第二條規定：「歷史建築之登錄，應參考下列基準（1）具歷史文化價值者。」,120.865725042478,23.9438675861245,"{'itemNo': 1, 'cityName': '南投縣', 'distName': '國姓鄉', 'address': '南投縣國姓鄉南港村16鄰南港路40-1號'}",南投縣政府文化局,文化資產科,南投縣南投市建國路135號,049-2231191,"<a href=""http://nchdb.boch.gov.tw/assets/advanceSearch/historicalBuilding/20090423000004"" target=""_blank"">http://nchdb.boch.gov.tw/assets/advanceSearch/historicalBuilding/20090423000004</a>","[{'classification': '指定/登錄', 'officialDocNo': '府授文資字第09800916734', 'registerDate': '2009-04-23 11:16:41.0'}]",宅第,南投縣
598,20110415000001,國立中興大學實驗林管理處埔里連絡站(原北海道帝國大學農學部附屬台灣演習林辦公室),"{'code': 'A99', 'name': '其他設施', 'other': '建築物類'}",文化資產保存法第7條之1暨歷史建築登錄輔助辦法第7條。,120.968026296001,23.9582707278788,"{'itemNo': 1, 'cityName': '南投縣', 'distName': '埔里鎮', 'address': '南投縣埔里鎮隆生路86 號'}",南投縣政府文化局,文化資產科,南投縣南投市建國路135號,049-2231191,"<a href=""http://nchdb.boch.gov.tw/assets/advanceSearch/historicalBuilding/20110415000001"" target=""_blank"">http://nchdb.boch.gov.tw/assets/advanceSearch/historicalBuilding/20110415000001</a>","[{'classification': '指定/登錄', 'officialDocNo': '府授文資字第10000790820號', 'registerDate': '2011-04-15 15:44:50.0'}]",其他設施,南投縣
599,20020801000004,埔里黃宅,"{'code': 'A3', 'name': '宅第'}",文化資產保存法第27條之1暨歷史建築登錄及輔助辦法第7條。,120.938722003387,23.9765542419739,"{'itemNo': 1, 'cityName': '南投縣', 'distName': '埔里鎮', 'address': '鐵山里鐵山路1 巷5 號'}",南投縣政府文化局,文化資產科,南投縣建國路135號,049-2231191,"<a href=""http://nchdb.boch.gov.tw/assets/advanceSearch/historicalBuilding/20020801000004"" target=""_blank"">http://nchdb.boch.gov.tw/assets/advanceSearch/historicalBuilding/20020801000004</a>","[{'classification': '指定/登錄', 'officialDocNo': '府授文資字第09101332650 號', 'registerDate': '2002-08-01 11:43:52.0'}]",宅第,南投縣
600,20020129000007,南投縣陳姓宗親會西水祠,"{'code': 'A1', 'name': '祠堂'}",文化資產保存法第7條之1暨歷史建築登錄及輔助辦法第7條。,120.694476860856,23.8766337197059,"{'itemNo': 1, 'cityName': '南投縣', 'distName': '名間鄉', 'address': '新街村客庄巷1 號'}",南投縣政府文化局,文化資產科,南投縣南投市建國路135號,049-2231191,"<a href=""http://nchdb.boch.gov.tw/assets/advanceSearch/historicalBuilding/20020129000007"" target=""_blank"">http://nchdb.boch.gov.tw/assets/advanceSearch/historicalBuilding/20020129000007</a>","[{'classification': '指定/登錄', 'officialDocNo': '府授文資字第09100230540 號', 'registerDate': '2002-01-29 15:14:48.0'}]",祠堂,南投縣
601,20090710000001,添興窯及其附屬設施,"{'code': 'A16', 'name': '產業'}",歷史建築登錄廢止審查及輔助辦法第二條規定：「歷史建築之登錄，應參考下列基準（1）具歷史文化價值者。」,120.755273526438,23.8328780423471,"{'itemNo': 1, 'cityName': '南投縣', 'distName': '集集鎮', 'address': '南投縣集集鎮田寮里楓林巷10號'}",南投縣政府文化局,文資科,南投縣南投市建國路135號,049-2231191#409,"<a href=""http://nchdb.boch.gov.tw/assets/advanceSearch/historicalBuilding/20090710000001"" target=""_blank"">http://nchdb.boch.gov.tw/assets/advanceSearch/historicalBuilding/20090710000001</a>","[{'classification': '指定/登錄', 'officialDocNo': '府授文資字第09801477680號', 'registerDate': '2009-07-10 11:15:30.0'}]",產業,南投縣
602,20041221000003,集集火車站,"{'code': 'A7', 'name': '車站'}",文化資產保存法第27條之1暨歷史建築登錄及輔助辦法第7條。,120.784885229581,23.8265384171713,"{'itemNo': 1, 'cityName': '南投縣', 'distName': '集集鎮', 'address': '集集鎮民生路75號'}",南投縣政府文化局,文化資產科,南投縣南投市建國路135號,049-2231191#409,"<a href=""http://nchdb.boch.gov.tw/assets/advanceSearch/historicalBuilding/20041221000003"" target=""_blank"">http://nchdb.boch.gov.tw/assets/advanceSearch/historicalBuilding/20041221000003</a>","[{'classification': '指定/登錄', 'officialDocNo': '府授文資字第0930238358 號', 'registerDate': '2004-12-21 15:35:38.0'}]",車站,南投縣
603,20041221000004,集集林尾陳宅永福堂,"{'code': 'A3', 'name': '宅第'}",文化資產保存法第27條之1暨歷史建築登錄及輔助辦法第7條。,120.770136892546,23.8236093418288,"{'itemNo': 1, 'cityName': '南投縣', 'distName': '集集鎮', 'address': '集集鎮林尾路566號'}",南投縣政府文化局,文資科,南投縣南投市建國路135號,049-2231191#409,"<a href=""http://nchdb.boch.gov.tw/assets/advanceSearch/historicalBuilding/20041221000004"" target=""_blank"">http://nchdb.boch.gov.tw/assets/advanceSearch/historicalBuilding/20041221000004</a>","[{'classification': '指定/登錄', 'officialDocNo': '府授文資字第09302383580 號', 'registerDate': '2004-12-21 11:45:23.0'}]",宅第,南投縣
604,20020129000008,賴家古厝,"{'code': 'A3', 'name': '宅第'}",文化資產保存法第7條之1暨歷史建築登錄輔助辦法第7條。,120.864028765675,23.7832285968635,"{'itemNo': 1, 'cityName': '南投縣', 'distName': '水里鄉', 'address': '永興村林朋巷141、142、143 號'}",南投縣政府文化局,文化資產科,南投縣南投市建國路135號,049-2231191,"<a href=""http://nchdb.boch.gov.tw/assets/advanceSearch/historicalBuilding/20020129000008"" target=""_blank"">http://nchdb.boch.gov.tw/assets/advanceSearch/historicalBuilding/20020129000008</a>","[{'classification': '指定/登錄', 'officialDocNo': '府授文資字第09100230540 號', 'registerDate': '2002-01-29 15:16:55.0'}]",宅第,南投縣
605,20051021000001,振昌興業股份有限公司建築群,"{'code': 'A16', 'name': '產業'}",文化資產保存法第27條之1暨歷史建築登錄及輔助辦法第7條。,120.865540189817,23.8348423543739,"{'itemNo': 1, 'cityName': '南投縣', 'distName': '水里鄉', 'address': '車埕村民權巷36號、34號、101號'}",南投縣政府文化局,文化資產科,南投縣南投市建國路135號,049-2231191,"<a href=""http://nchdb.boch.gov.tw/assets/advanceSearch/historicalBuilding/20051021000001"" target=""_blank"">http://nchdb.boch.gov.tw/assets/advanceSearch/historicalBuilding/20051021000001</a>","[{'classification': '指定/登錄', 'officialDocNo': '府授文資字第09402102930號', 'registerDate': '2005-10-21 15:44:03.0'}, {'classification': '變更/修正', 'officialDocNo': '府授文資字第1020172299號', 'registerDate': '2013-09-03 00:00:00.0', 'note': '補正公告'}]",產業,南投縣
606,20110415000002,行政院農業委員會茶業改良場魚池分場,"{'code': 'A99', 'name': '其他設施', 'other': '茶葉改良場'}",文化資產保存法第27條之1暨歷史建築登錄及輔助辦法第7條。,120.913469883016,23.8769084742011,"{'itemNo': 1, 'cityName': '南投縣', 'distName': '魚池鄉', 'address': '南投縣魚池鄉水社村中山路270巷13號'}",南投縣政府文化局,文資科,南投縣南投市建國路135號,049-2231191#409,"<a href=""http://nchdb.boch.gov.tw/assets/advanceSearch/historicalBuilding/20110415000002"" target=""_blank"">http://nchdb.boch.gov.tw/assets/advanceSearch/historicalBuilding/20110415000002</a>","[{'classification': '指定/登錄', 'officialDocNo': '府授文資字第09302383580號', 'registerDate': '2004-12-21 00:00:00.0'}]",其他設施,南投縣
607,20020129000009,陳家古厝（武秀才陳獻瑞家宅）,"{'code': 'A3', 'name': '宅第'}",文化資產保存法第27條之1暨歷史建築登錄及輔助辦法第7條。,120.731969379487,23.8128517744446,"{'itemNo': 1, 'cityName': '南投縣', 'distName': '竹山鎮', 'address': '中央里集山路1 段1135 巷42 號'}",南投縣政府文化局,文化資產科,南投縣南投市建國路135號,049-2231191,"<a href=""http://nchdb.boch.gov.tw/assets/advanceSearch/historicalBuilding/20020129000009"" target=""_blank"">http://nchdb.boch.gov.tw/assets/advanceSearch/historicalBuilding/20020129000009</a>","[{'classification': '指定/登錄', 'officialDocNo': '府授文資字第09100230540 號', 'registerDate': '2002-01-29 15:15:51.0'}]",宅第,南投縣
608,20110415000003,社寮穀倉,"{'code': 'A16', 'name': '產業'}",文化資產保存法第27條之1暨歷史建築登錄及輔助辦法第7條。,120.722361958667,23.8137958257487,"{'itemNo': 1, 'cityName': '南投縣', 'distName': '竹山鎮', 'address': '南投縣竹山鎮社寮里集山路一段1762巷2號'}",南投縣政府文化局,文資科,南投縣南投市建國路135號,049-2231191#409,"<a href=""http://nchdb.boch.gov.tw/assets/advanceSearch/historicalBuilding/20110415000003"" target=""_blank"">http://nchdb.boch.gov.tw/assets/advanceSearch/historicalBuilding/20110415000003</a>","[{'classification': '指定/登錄', 'officialDocNo': '府授文資字第09402102930號', 'registerDate': '2005-10-21 00:00:00.0'}]",產業,南投縣
609,20060623000002,甘泉井及石頭公,"{'code': 'A99', 'name': '其他設施', 'other': '其他文物'}",文化資產保存法第27條之1暨歷史建築登錄及輔助辦法第7條。,120.727370030588,23.8054365892732,"{'itemNo': 1, 'cityName': '南投縣', 'distName': '竹山鎮', 'address': '山崇里第二鄰頂溝巷38-39號對面'}",南投縣政府文化局,文資科,南投縣南投市建國路135號,049-2231191#409,"<a href=""http://nchdb.boch.gov.tw/assets/advanceSearch/historicalBuilding/20060623000002"" target=""_blank"">http://nchdb.boch.gov.tw/assets/advanceSearch/historicalBuilding/20060623000002</a>","[{'classification': '指定/登錄', 'officialDocNo': '府授文資字第09302383580 號', 'registerDate': '2004-12-21 00:00:00.0'}]",其他設施,南投縣
610,20110113000001,斗南國小日式宿舍,"{'code': 'A3', 'name': '宅第'}",符合文化資產保存法第15條暨歷史建築登錄廢止審查及輔助辦法第2條第1、2、3、4項登錄評定之基準。,120.480312,23.679979,"{'itemNo': 1, 'cityName': '雲林縣', 'distName': '斗南鎮', 'address': '文昌路145、147號'}",雲林縣政府,文化觀光處,雲林縣斗六市大學路三段310號, 05-5523218,"<a href=""http://nchdb.boch.gov.tw/assets/advanceSearch/historicalBuilding/20110113000001"" target=""_blank"">http://nchdb.boch.gov.tw/assets/advanceSearch/historicalBuilding/20110113000001</a>","[{'classification': '指定/登錄', 'officialDocNo': '府文資字第10024000732號', 'registerDate': '2011-01-13 15:33:00.0'}, {'classification': '變更/修正', 'officialDocNo': '府文資二字第1047409038B號', 'registerDate': '2015-08-27 00:00:00.0'}]",宅第,雲林縣
611,20110113000002,斗南火車站北側倉庫群,"{'code': 'A16', 'name': '產業'}",符合文化資產保存法第15條暨歷史建築登錄廢止審查及輔助辦法第2條第1、2、3項登錄評定之基準。,120.481578,23.673769,"{'itemNo': 1, 'cityName': '雲林縣', 'distName': '斗南鎮', 'address': '斗南鎮興國段40、65、73、74地號'}",雲林縣政府,文化處,雲林縣斗六市大學路三段310號,05-5523159,"<a href=""http://nchdb.boch.gov.tw/assets/advanceSearch/historicalBuilding/20110113000002"" target=""_blank"">http://nchdb.boch.gov.tw/assets/advanceSearch/historicalBuilding/20110113000002</a>","[{'classification': '指定/登錄', 'officialDocNo': '府文資字第10024000722號', 'registerDate': '2011-01-13 18:51:08.0'}]",產業,雲林縣
612,20121024000001,原大埤鄉農業信用組合,"{'code': 'A20', 'name': '辦公廳舍'}",符合文化資產保存法第15條暨歷史建築登錄廢止審查及輔助辦法第2條第1、2、3、4項登錄評定基準。,120.429564,23.645738,"{'itemNo': 1, 'cityName': '雲林縣', 'distName': '大埤鄉', 'address': '中山路65號'}",雲林縣政府,文化觀光處,雲林縣大學路三段310號,05-5523218,"<a href=""http://nchdb.boch.gov.tw/assets/advanceSearch/historicalBuilding/20121024000001"" target=""_blank"">http://nchdb.boch.gov.tw/assets/advanceSearch/historicalBuilding/20121024000001</a>","[{'classification': '指定/登錄', 'officialDocNo': '府文資字第1017402335B號', 'registerDate': '2012-10-24 16:29:03.0'}]",辦公廳舍,雲林縣
613,20060501000001,台糖石龜溪鐵橋,"{'code': 'A15', 'name': '橋樑'}",符合文化資產保存法第15條,120.458176056267,23.627419636118802,"{'itemNo': 1, 'cityName': '雲林縣', 'distName': '大埤鄉', 'address': '嘉義縣大林鎮與雲林縣大埤鄉交接處'}",雲林縣政府,文化觀光處,雲林縣斗六市大學路三段310號,(05)5523218,"<a href=""http://nchdb.boch.gov.tw/assets/advanceSearch/historicalBuilding/20060501000001"" target=""_blank"">http://nchdb.boch.gov.tw/assets/advanceSearch/historicalBuilding/20060501000001</a>","[{'classification': '指定/登錄', 'officialDocNo': '府文資字第0952400035號', 'registerDate': '2006-05-01 18:56:18.0'}, {'classification': '變更/修正', 'officialDocNo': '府文資二字第1037408225B號 ', 'registerDate': '2014-08-11 12:00:51.076'}]",橋樑,雲林縣
614,20011031000001,虎尾郡役所,"{'code': 'A6', 'name': '衙署'}",符合文化資產保存法第27-1條暨歷史建築登錄及輔助辦法第7條,120.433577085318,23.7094365099051,"{'itemNo': 1, 'cityName': '雲林縣', 'distName': '虎尾鎮', 'address': '公安里林森路一段498 號'}",雲林縣政府,文化觀光處,雲林縣斗六市大學路三段310號,05-5523218,"<a href=""http://nchdb.boch.gov.tw/assets/advanceSearch/historicalBuilding/20011031000001"" target=""_blank"">http://nchdb.boch.gov.tw/assets/advanceSearch/historicalBuilding/20011031000001</a>","[{'classification': '指定/登錄', 'officialDocNo': '九十府文展字第9032003821 號', 'registerDate': '2001-10-31 12:01:03.0'}]",衙署,雲林縣
615,20011031000002,虎尾合同廳舍,"{'code': 'A99', 'name': '其他設施', 'other': '建築物類'}",符合文化資產保存法第27-1條暨歷史建築登錄及輔助辦法第7條。,120.433887,23.709198,"{'itemNo': 1, 'cityName': '雲林縣', 'distName': '虎尾鎮', 'address': '公安里林森路一段491 號'}",雲林縣政府,文化處,雲林縣斗六市大學路三段310號,05-5523159,"<a href=""http://nchdb.boch.gov.tw/assets/advanceSearch/historicalBuilding/20011031000002"" target=""_blank"">http://nchdb.boch.gov.tw/assets/advanceSearch/historicalBuilding/20011031000002</a>","[{'classification': '指定/登錄', 'officialDocNo': '九十府文展字第9032003821 號', 'registerDate': '2001-10-31 09:46:19.0'}]",其他設施,雲林縣
616,20011031000003,虎尾郡守官邸,"{'code': 'A99', 'name': '其他設施', 'other': '建築物類'}",符合文化資產保存法第二十七條之ㄧ暨歷史建築登錄及輔助辦法第七條。,120.43287208208523,23.70907019140713,"{'itemNo': 1, 'cityName': '雲林縣', 'distName': '虎尾鎮', 'address': '公安里林森路一段528號'}",雲林縣政府,文化觀光處,雲林縣斗六市大學路三段310號,05-5523218,"<a href=""http://nchdb.boch.gov.tw/assets/advanceSearch/historicalBuilding/20011031000003"" target=""_blank"">http://nchdb.boch.gov.tw/assets/advanceSearch/historicalBuilding/20011031000003</a>","[{'classification': '指定/登錄', 'officialDocNo': '九十府文展字第9032003821 號', 'registerDate': '2001-10-31 11:40:07.0'}]",其他設施,雲林縣
617,20100115000002,虎尾糖廠虎尾驛,"{'code': 'A7', 'name': '車站'}",符合文化資產保存法第15條，暨歷史建築登錄廢止審查及輔助辦法第2條第1、2、3、4項之基準。,120.436343506991,23.7040855865705,"{'itemNo': 1, 'cityName': '雲林縣', 'distName': '虎尾鎮', 'address': '中山路10號'}",雲林縣政府,文化觀光處,雲林縣斗六市斗六市大學路三段310號,05-5523218,"<a href=""http://nchdb.boch.gov.tw/assets/advanceSearch/historicalBuilding/20100115000002"" target=""_blank"">http://nchdb.boch.gov.tw/assets/advanceSearch/historicalBuilding/20100115000002</a>","[{'classification': '指定/登錄', 'officialDocNo': '雲林縣府文資字0992400077號', 'registerDate': '2010-01-15 22:40:17.0'}]",車站,雲林縣
618,20121024000002,虎尾民權路51巷老洋房,"{'code': 'A3', 'name': '宅第'}",符合文化資產保存法第15條暨歷史建築登錄廢止審查及輔助辦法第2條第1、2、3、4項登錄評定基準。,120.435977,23.709688,"{'itemNo': 1, 'cityName': '雲林縣', 'distName': '虎尾鎮', 'address': '民權路51巷3號'}",雲林縣政府,文化觀光處,雲林縣斗六市大學路三段310號,05-5523218,"<a href=""http://nchdb.boch.gov.tw/assets/advanceSearch/historicalBuilding/20121024000002"" target=""_blank"">http://nchdb.boch.gov.tw/assets/advanceSearch/historicalBuilding/20121024000002</a>","[{'classification': '指定/登錄', 'officialDocNo': '府文資字第1017402333B號', 'registerDate': '2012-10-24 11:29:51.0'}]",宅第,雲林縣
619,20121114000002,虎尾登記所,"{'code': 'A6', 'name': '衙署'}",符合文化資產保存法第15條暨歷史建築登錄廢止審查及輔助辦法第2條第1、2、3、4項登錄評定基準。,120.432831,23.708563,"{'itemNo': 1, 'cityName': '雲林縣', 'distName': '虎尾鎮', 'address': '林森路一段501號'}",雲林縣政府,文化觀光處,雲林縣斗六市大學路三段310號,05-5523218,"<a href=""http://nchdb.boch.gov.tw/assets/advanceSearch/historicalBuilding/20121114000002"" target=""_blank"">http://nchdb.boch.gov.tw/assets/advanceSearch/historicalBuilding/20121114000002</a>","[{'classification': '指定/登錄', 'officialDocNo': '府文資字第1017403258B號', 'registerDate': '2012-11-14 17:32:59.0'}, {'classification': '變更/修正', 'officialDocNo': '府文資一字第1133806558號', 'registerDate': '2024-05-31 20:13:44.551', 'note': '新增「雲林縣虎尾鎮仁愛段388、388-1、412-3、412-4地號」納入歷史建築「虎尾登記所」範圍及更正「位置或地址」及「法令依據」。'}]",衙署,雲林縣
620,20061222000002,虎尾台糖舊診所及理髮廳,"{'code': 'A99', 'name': '其他設施', 'other': '建築物類'}",文化資產保存法第15條及歷史建築登錄廢止審查及輔助辦法規定。,120.436253585722,23.7038544869264,"{'itemNo': 1, 'cityName': '雲林縣', 'distName': '虎尾鎮', 'address': '民主路1-3號'}",雲林縣政府,文化觀光處,雲林縣斗六市大學路三段310號,05-5523218,"<a href=""http://nchdb.boch.gov.tw/assets/advanceSearch/historicalBuilding/20061222000002"" target=""_blank"">http://nchdb.boch.gov.tw/assets/advanceSearch/historicalBuilding/20061222000002</a>","[{'classification': '指定/登錄', 'officialDocNo': '府文資字第0952401208號', 'registerDate': '2006-12-22 11:30:41.0'}, {'classification': '變更/修正', 'officialDocNo': '府文資字第0962400124號', 'registerDate': '2007-02-12 00:00:00.0'}]",其他設施,雲林縣
621,20130402000001,土庫第一市場,"{'code': 'A16', 'name': '產業'}",符合文化資產保存法第15條暨歷史建築登錄廢止審查及輔助辦法第2條第1、2、3、4項登錄評定基準。,120.390935,23.676157,"{'itemNo': 1, 'cityName': '雲林縣', 'distName': '土庫鎮', 'address': '中山路159-2號'}",雲林縣政府,文化觀光處,雲林縣斗六市大學路三段310號, 05-5523218,"<a href=""http://nchdb.boch.gov.tw/assets/advanceSearch/historicalBuilding/20130402000001"" target=""_blank"">http://nchdb.boch.gov.tw/assets/advanceSearch/historicalBuilding/20130402000001</a>","[{'classification': '指定/登錄', 'officialDocNo': '府文資字第1027402667B號', 'registerDate': '2013-04-02 15:27:46.0'}, {'classification': '變更/修正', 'officialDocNo': '府文資二字第1047405631B號', 'registerDate': '2015-05-28 00:00:00.0', 'note': '擴大登錄'}]",產業,雲林縣
621,20130402000001,土庫第一市場,"{'code': 'A16', 'name': '產業'}",符合文化資產保存法第15條暨歷史建築登錄廢止審查及輔助辦法第2條第1、2、3、4項登錄評定基準。,120.390935,23.676157,"{'itemNo': 2, 'cityName': '雲林縣', 'distName': '土庫鎮', 'address': '中山路168號'}",雲林縣政府,文化觀光處,雲林縣斗六市大學路三段310號, 05-5523218,"<a href=""http://nchdb.boch.gov.tw/assets/advanceSearch/historicalBuilding/20130402000001"" target=""_blank"">http://nchdb.boch.gov.tw/assets/advanceSearch/historicalBuilding/20130402000001</a>","[{'classification': '指定/登錄', 'officialDocNo': '府文資字第1027402667B號', 'registerDate': '2013-04-02 15:27:46.0'}, {'classification': '變更/修正', 'officialDocNo': '府文資二字第1047405631B號', 'registerDate': '2015-05-28 00:00:00.0', 'note': '擴大登錄'}]",產業,雲林縣
621,20130402000001,土庫第一市場,"{'code': 'A16', 'name': '產業'}",符合文化資產保存法第15條暨歷史建築登錄廢止審查及輔助辦法第2條第1、2、3、4項登錄評定基準。,120.390935,23.676157,"{'itemNo': 3, 'cityName': '雲林縣', 'distName': '土庫鎮', 'address': '大同路86號'}",雲林縣政府,文化觀光處,雲林縣斗六市大學路三段310號, 05-5523218,"<a href=""http://nchdb.boch.gov.tw/assets/advanceSearch/historicalBuilding/20130402000001"" target=""_blank"">http://nchdb.boch.gov.tw/assets/advanceSearch/historicalBuilding/20130402000001</a>","[{'classification': '指定/登錄', 'officialDocNo': '府文資字第1027402667B號', 'registerDate': '2013-04-02 15:27:46.0'}, {'classification': '變更/修正', 'officialDocNo': '府文資二字第1047405631B號', 'registerDate': '2015-05-28 00:00:00.0', 'note': '擴大登錄'}]",產業,雲林縣
621,20130402000001,土庫第一市場,"{'code': 'A16', 'name': '產業'}",符合文化資產保存法第15條暨歷史建築登錄廢止審查及輔助辦法第2條第1、2、3、4項登錄評定基準。,120.390935,23.676157,"{'itemNo': 4, 'cityName': '雲林縣', 'distName': '土庫鎮', 'address': '大同路90號'}",雲林縣政府,文化觀光處,雲林縣斗六市大學路三段310號, 05-5523218,"<a href=""http://nchdb.boch.gov.tw/assets/advanceSearch/historicalBuilding/20130402000001"" target=""_blank"">http://nchdb.boch.gov.tw/assets/advanceSearch/historicalBuilding/20130402000001</a>","[{'classification': '指定/登錄', 'officialDocNo': '府文資字第1027402667B號', 'registerDate': '2013-04-02 15:27:46.0'}, {'classification': '變更/修正', 'officialDocNo': '府文資二字第1047405631B號', 'registerDate': '2015-05-28 00:00:00.0', 'note': '擴大登錄'}]",產業,雲林縣
621,20130402000001,土庫第一市場,"{'code': 'A16', 'name': '產業'}",符合文化資產保存法第15條暨歷史建築登錄廢止審查及輔助辦法第2條第1、2、3、4項登錄評定基準。,120.390935,23.676157,"{'itemNo': 5, 'cityName': '雲林縣', 'distName': '土庫鎮', 'address': '大同路92號'}",雲林縣政府,文化觀光處,雲林縣斗六市大學路三段310號, 05-5523218,"<a href=""http://nchdb.boch.gov.tw/assets/advanceSearch/historicalBuilding/20130402000001"" target=""_blank"">http://nchdb.boch.gov.tw/assets/advanceSearch/historicalBuilding/20130402000001</a>","[{'classification': '指定/登錄', 'officialDocNo': '府文資字第1027402667B號', 'registerDate': '2013-04-02 15:27:46.0'}, {'classification': '變更/修正', 'officialDocNo': '府文資二字第1047405631B號', 'registerDate': '2015-05-28 00:00:00.0', 'note': '擴大登錄'}]",產業,雲林縣
621,20130402000001,土庫第一市場,"{'code': 'A16', 'name': '產業'}",符合文化資產保存法第15條暨歷史建築登錄廢止審查及輔助辦法第2條第1、2、3、4項登錄評定基準。,120.390935,23.676157,"{'itemNo': 6, 'cityName': '雲林縣', 'distName': '土庫鎮', 'address': '大同路94號'}",雲林縣政府,文化觀光處,雲林縣斗六市大學路三段310號, 05-5523218,"<a href=""http://nchdb.boch.gov.tw/assets/advanceSearch/historicalBuilding/20130402000001"" target=""_blank"">http://nchdb.boch.gov.tw/assets/advanceSearch/historicalBuilding/20130402000001</a>","[{'classification': '指定/登錄', 'officialDocNo': '府文資字第1027402667B號', 'registerDate': '2013-04-02 15:27:46.0'}, {'classification': '變更/修正', 'officialDocNo': '府文資二字第1047405631B號', 'registerDate': '2015-05-28 00:00:00.0', 'note': '擴大登錄'}]",產業,雲林縣
622,20130906000001,土庫國中自強樓南棟,"{'code': 'A99', 'name': '其他設施', 'other': '校舍'}",符合文化資產保存法第15條暨歷史建築登錄廢止審查及輔助辦法第2條第1、2、3、4項登錄評定基準。,120.388787,23.686103,"{'itemNo': 1, 'cityName': '雲林縣', 'distName': '土庫鎮', 'address': '復興路318號'}",雲林縣政府,文化觀光處,雲林縣斗六市大學路三段310號,05-5523218,"<a href=""http://nchdb.boch.gov.tw/assets/advanceSearch/historicalBuilding/20130906000001"" target=""_blank"">http://nchdb.boch.gov.tw/assets/advanceSearch/historicalBuilding/20130906000001</a>","[{'classification': '指定/登錄', 'officialDocNo': '府文資字第1027408684B號', 'registerDate': '2013-09-06 14:41:55.0'}]",其他設施,雲林縣
623,20130308000001,原土庫庄役場,"{'code': 'A6', 'name': '衙署'}",符合文化資產保存法第15條，暨歷史建築登錄廢止審查及輔助辦法第2條第1、2、3、4項之基準。,120.392893,23.678672,"{'itemNo': 1, 'cityName': '雲林縣', 'distName': '土庫鎮', 'address': '中山路252號'}",雲林縣政府,文化處,雲林縣斗六市大學路三段310號,05-5523159,"<a href=""http://nchdb.boch.gov.tw/assets/advanceSearch/historicalBuilding/20130308000001"" target=""_blank"">http://nchdb.boch.gov.tw/assets/advanceSearch/historicalBuilding/20130308000001</a>","[{'classification': '指定/登錄', 'officialDocNo': '府文資字第10024014212號', 'registerDate': '2011-07-11 21:54:29.086'}, {'classification': '變更/修正', 'officialDocNo': '府文資字第1027401178B號', 'registerDate': '2013-03-08 18:50:45.0'}]",衙署,雲林縣
624,20090729000001,土庫鎮公所舊宿舍,"{'code': 'A3', 'name': '宅第'}",符合文化資產保存法第15條暨歷史建築登錄廢止審查及補助辦法第2條第1、2、3、4項登錄評定基準。,120.393108070304,23.677407935858,"{'itemNo': 1, 'cityName': '雲林縣', 'distName': '土庫鎮', 'address': '越港里成功路59、61號'}",雲林縣政府,文化觀光處,雲林縣斗六市大學路三段310號,(05)5523218,"<a href=""http://nchdb.boch.gov.tw/assets/advanceSearch/historicalBuilding/20090729000001"" target=""_blank"">http://nchdb.boch.gov.tw/assets/advanceSearch/historicalBuilding/20090729000001</a>","[{'classification': '指定/登錄', 'officialDocNo': '府文資字第0982401644號', 'registerDate': '2009-07-29 15:10:52.0'}]",宅第,雲林縣
625,20100407000005,褒忠鄧麗君幼年故居,"{'code': 'A3', 'name': '宅第'}",符合文化資產保存法第15條暨歷史建築登錄廢止審查及輔助辦法第2條第1、2、3、4項之基準。,120.31177774364883,23.719896244524485,"{'itemNo': 1, 'cityName': '雲林縣', 'distName': '褒忠鄉', 'address': '田洋村頂田路9鄰37號'}",雲林縣政府,文化觀光處,雲林縣斗六市大學路三段310號,(05)5523218,"<a href=""http://nchdb.boch.gov.tw/assets/advanceSearch/historicalBuilding/20100407000005"" target=""_blank"">http://nchdb.boch.gov.tw/assets/advanceSearch/historicalBuilding/20100407000005</a>","[{'classification': '指定/登錄', 'officialDocNo': '府文資字第0992400580號', 'registerDate': '2010-04-07 09:46:39.0'}]",宅第,雲林縣
626,20060620000002,海口庄派出所,"{'code': 'A6', 'name': '衙署'}",依據文化資產保存法第15條及歷史建築登錄廢止審查及輔助辦法第4條規定辦理,120.199382053498,23.7003883787428,"{'itemNo': 1, 'cityName': '雲林縣', 'distName': '台西鄉', 'address': '台西村15中山路108號前'}",雲林縣政府,文化觀光處,雲林縣斗六市大學路三段310號, 05-5523218,"<a href=""http://nchdb.boch.gov.tw/assets/advanceSearch/historicalBuilding/20060620000002"" target=""_blank"">http://nchdb.boch.gov.tw/assets/advanceSearch/historicalBuilding/20060620000002</a>","[{'classification': '指定/登錄', 'officialDocNo': '府文資字第0952400512號', 'registerDate': '2006-06-20 13:34:07.0'}, {'classification': '變更/修正', 'officialDocNo': '府文資二字第1123805892C函', 'registerDate': '2023-02-03 18:51:42.458', 'note': '土地分割後修正'}]",衙署,雲林縣
627,20060620000003,海口庄長官舍,"{'code': 'A99', 'name': '其他設施', 'other': '宿舍'}",依據文化資產保存法第15條及歷史建築登錄廢止審查及輔助辦法第4條規定辦理,120.20004463069,23.7010127548588,"{'itemNo': 1, 'cityName': '雲林縣', 'distName': '台西鄉', 'address': '民權路24號'}",雲林縣政府,文化觀光處,640208 雲林縣斗六市大學路三段310號,05-5523199,"<a href=""http://nchdb.boch.gov.tw/assets/advanceSearch/historicalBuilding/20060620000003"" target=""_blank"">http://nchdb.boch.gov.tw/assets/advanceSearch/historicalBuilding/20060620000003</a>","[{'classification': '指定/登錄', 'officialDocNo': '府文資字第0952400513號', 'registerDate': '2006-06-20 12:05:53.0'}]",其他設施,雲林縣
628,20050810000001,公有單身宿舍,"{'code': 'A3', 'name': '宅第'}",符合文化資產保存法第27-1條規定,120.54355423274,23.7030161815705,"{'itemNo': 1, 'cityName': '雲林縣', 'distName': '斗六市', 'address': '公正街195巷8、10、12、22、24號'}",雲林縣政府,文化觀光處,雲林縣斗六市大學路三段310號,05-5523218,"<a href=""http://nchdb.boch.gov.tw/assets/advanceSearch/historicalBuilding/20050810000001"" target=""_blank"">http://nchdb.boch.gov.tw/assets/advanceSearch/historicalBuilding/20050810000001</a>","[{'classification': '指定/登錄', 'officialDocNo': '府文資字第0942400556號', 'registerDate': '2005-08-10 11:08:32.0'}]",宅第,雲林縣
629,20121114000003,雲林縣記者之家,"{'code': 'A3', 'name': '宅第'}",符合文化資產保存法第15條暨歷史建築登錄廢止審查及輔助辦法第2條第1、2、3、4項登錄評定基準。,120.541697,23.706746,"{'itemNo': 1, 'cityName': '雲林縣', 'distName': '斗六市', 'address': '府前街15號'}",雲林縣政府,文化觀光處,雲林縣斗六市大學路三段310號,05-5523218,"<a href=""http://nchdb.boch.gov.tw/assets/advanceSearch/historicalBuilding/20121114000003"" target=""_blank"">http://nchdb.boch.gov.tw/assets/advanceSearch/historicalBuilding/20121114000003</a>","[{'classification': '指定/登錄', 'officialDocNo': '府文資字第1017403247B號', 'registerDate': '2012-11-14 14:29:21.0'}]",宅第,雲林縣
630,20060712000001,稅務局(原稅捐稽徵處)職務宿舍,"{'code': 'A3', 'name': '宅第'}",依據文化資產保存法第15條及歷史建築登錄廢止審查及輔助辦法第4條規定辦理。,120.554056140562,23.7119949329004,"{'itemNo': 1, 'cityName': '雲林縣', 'distName': '斗六市', 'address': '雲林縣斗六市文化路239、241、243、245、247、249號及文化路251巷1、3、5、7、9、11、13、15、17、19、21、23、24、25、26、27、28、29、30、31、32、33、34、35、36、38、44、46、48、50號。'}",雲林縣政府,文化觀光處,雲林縣斗六市大學路三段310號,05-5523218,"<a href=""http://nchdb.boch.gov.tw/assets/advanceSearch/historicalBuilding/20060712000001"" target=""_blank"">http://nchdb.boch.gov.tw/assets/advanceSearch/historicalBuilding/20060712000001</a>","[{'classification': '指定/登錄', 'officialDocNo': '府文資字第0952400027', 'registerDate': '2006-01-24 00:00:00.0'}, {'classification': '指定/登錄', 'officialDocNo': '府文資字第0952400599號', 'registerDate': '2006-07-12 19:01:28.0'}, {'classification': '變更/修正', 'officialDocNo': '府文資二字第1037408222B號 ', 'registerDate': '2014-08-06 06:38:47.87'}]",宅第,雲林縣
631,20060124000002,農糧署宿舍,"{'code': 'A3', 'name': '宅第'}",依據文化資產保存法第15條規定辦理,120.545719202502,23.7061255312484,"{'itemNo': 1, 'cityName': '雲林縣', 'distName': '斗六市', 'address': '中正路145巷25號'}",雲林縣政府,文化觀光處,雲林縣斗六巿雲林路二段310號,05-5523218,"<a href=""http://nchdb.boch.gov.tw/assets/advanceSearch/historicalBuilding/20060124000002"" target=""_blank"">http://nchdb.boch.gov.tw/assets/advanceSearch/historicalBuilding/20060124000002</a>","[{'classification': '指定/登錄', 'officialDocNo': '府文資字第0952400033號', 'registerDate': '2006-01-24 08:43:31.0'}]",宅第,雲林縣
632,20060124000003,鎮西國小大禮堂,"{'code': 'A99', 'name': '其他設施', 'other': '學校禮堂'}",符合文化資產保存法第15條。,120.53931195875,23.7073390919004,"{'itemNo': 1, 'cityName': '雲林縣', 'distName': '斗六市', 'address': '西平路3號'}",鎮西國小,鎮西國小,雲林縣斗六市西平路3號,05-5917309,"<a href=""http://nchdb.boch.gov.tw/assets/advanceSearch/historicalBuilding/20060124000003"" target=""_blank"">http://nchdb.boch.gov.tw/assets/advanceSearch/historicalBuilding/20060124000003</a>","[{'classification': '指定/登錄', 'officialDocNo': '府文資字第0952400034號', 'registerDate': '2006-01-24 18:02:16.0'}]",其他設施,雲林縣
633,20050912000002,警察局舊宿舍群,"{'code': 'A3', 'name': '宅第'}",符合歷史建築登錄及輔助辦法第7條。,120.54024536774,23.7082333761394,"{'itemNo': 1, 'cityName': '雲林縣', 'distName': '斗六市', 'address': '雲中街12、14、16、18號'}",雲林縣政府,文化處,雲林縣斗六市大學路三段310號,05-5523159,"<a href=""http://nchdb.boch.gov.tw/assets/advanceSearch/historicalBuilding/20050912000002"" target=""_blank"">http://nchdb.boch.gov.tw/assets/advanceSearch/historicalBuilding/20050912000002</a>","[{'classification': '指定/登錄', 'officialDocNo': '府文資字第0942400666號', 'registerDate': '2005-09-12 09:20:40.0'}, {'classification': '廢止/撤銷', 'officialDocNo': '府文資字第10024014232號', 'registerDate': '2011-07-11 13:28:45.909'}, {'classification': '變更/修正', 'officialDocNo': '府文資二字第1037407998B號', 'registerDate': '2014-07-29 00:00:00.0', 'note': '變更登錄範圍'}, {'classification': '變更/修正', 'officialDocNo': '府文資二字第1123805892E號', 'registerDate': '2023-02-03 17:41:55.513'}]",宅第,雲林縣
633,20050912000002,警察局舊宿舍群,"{'code': 'A3', 'name': '宅第'}",符合歷史建築登錄及輔助辦法第7條。,120.54024536774,23.7082333761394,"{'itemNo': 2, 'cityName': '雲林縣', 'distName': '斗六市', 'address': '雲林路一段75巷3、5、7、9號'}",雲林縣政府,文化處,雲林縣斗六市大學路三段310號,05-5523159,"<a href=""http://nchdb.boch.gov.tw/assets/advanceSearch/historicalBuilding/20050912000002"" target=""_blank"">http://nchdb.boch.gov.tw/assets/advanceSearch/historicalBuilding/20050912000002</a>","[{'classification': '指定/登錄', 'officialDocNo': '府文資字第0942400666號', 'registerDate': '2005-09-12 09:20:40.0'}, {'classification': '廢止/撤銷', 'officialDocNo': '府文資字第10024014232號', 'registerDate': '2011-07-11 13:28:45.909'}, {'classification': '變更/修正', 'officialDocNo': '府文資二字第1037407998B號', 'registerDate': '2014-07-29 00:00:00.0', 'note': '變更登錄範圍'}, {'classification': '變更/修正', 'officialDocNo': '府文資二字第1123805892E號', 'registerDate': '2023-02-03 17:41:55.513'}]",宅第,雲林縣
633,20050912000002,警察局舊宿舍群,"{'code': 'A3', 'name': '宅第'}",符合歷史建築登錄及輔助辦法第7條。,120.54024536774,23.7082333761394,"{'itemNo': 3, 'cityName': '雲林縣', 'distName': '斗六市', 'address': '雲中街9巷12、14號'}",雲林縣政府,文化處,雲林縣斗六市大學路三段310號,05-5523159,"<a href=""http://nchdb.boch.gov.tw/assets/advanceSearch/historicalBuilding/20050912000002"" target=""_blank"">http://nchdb.boch.gov.tw/assets/advanceSearch/historicalBuilding/20050912000002</a>","[{'classification': '指定/登錄', 'officialDocNo': '府文資字第0942400666號', 'registerDate': '2005-09-12 09:20:40.0'}, {'classification': '廢止/撤銷', 'officialDocNo': '府文資字第10024014232號', 'registerDate': '2011-07-11 13:28:45.909'}, {'classification': '變更/修正', 'officialDocNo': '府文資二字第1037407998B號', 'registerDate': '2014-07-29 00:00:00.0', 'note': '變更登錄範圍'}, {'classification': '變更/修正', 'officialDocNo': '府文資二字第1123805892E號', 'registerDate': '2023-02-03 17:41:55.513'}]",宅第,雲林縣
634,20011031000004,斗六行啟記念館,"{'code': 'A99', 'name': '其他設施', 'other': '建築物類'}","依據:
符合文化資產保存法第27-1條及歷史建築登錄及輔助辦法第7條。

更名依據：
符合文化資產保存法第15條及歷史建築登錄廢止審查及輔助辦法第4條。",120.541884,23.705719,"{'itemNo': 1, 'cityName': '雲林縣', 'distName': '斗六市', 'address': '府前街101 號'}",雲林縣政府,文化處,雲林縣斗六市大學路三段310號,05-5523159,"<a href=""http://nchdb.boch.gov.tw/assets/advanceSearch/historicalBuilding/20011031000004"" target=""_blank"">http://nchdb.boch.gov.tw/assets/advanceSearch/historicalBuilding/20011031000004</a>","[{'classification': '指定/登錄', 'officialDocNo': '九十府文展字第9032003821號', 'registerDate': '2001-10-31 09:36:14.0'}, {'classification': '變更/修正', 'officialDocNo': '府文資字第0952400600', 'registerDate': '2006-07-18 19:40:37.361'}]",其他設施,雲林縣
635,20061222000003,石榴站車站及職員宿舍,"{'code': 'A7', 'name': '車站'}",符合文化資產保存法第15條及歷史建築登錄廢止審查及輔助辦法規定。,120.580525730825,23.7317720391012,"{'itemNo': 1, 'cityName': '雲林縣', 'distName': '斗六市', 'address': '榴北里文明路26號'}",雲林縣政府,文化觀光處,雲林縣斗六市大學路三段310號,(05)5523218,"<a href=""http://nchdb.boch.gov.tw/assets/advanceSearch/historicalBuilding/20061222000003"" target=""_blank"">http://nchdb.boch.gov.tw/assets/advanceSearch/historicalBuilding/20061222000003</a>","[{'classification': '指定/登錄', 'officialDocNo': '府文資字第0952401209號', 'registerDate': '2006-12-22 18:37:43.0'}]",車站,雲林縣
636,20061222000004,斗六市公正街196號,"{'code': 'A3', 'name': '宅第'}",符合文化資產保存法第15條及歷史建築登錄廢止審查及輔助辦法規定,120.543582321838,23.7049306949919,"{'itemNo': 1, 'cityName': '雲林縣', 'distName': '斗六市', 'address': '公正街196號'}",雲林縣政府,文化觀光處,雲林縣斗六市大學路3段310號,05-5523159,"<a href=""http://nchdb.boch.gov.tw/assets/advanceSearch/historicalBuilding/20061222000004"" target=""_blank"">http://nchdb.boch.gov.tw/assets/advanceSearch/historicalBuilding/20061222000004</a>","[{'classification': '指定/登錄', 'officialDocNo': '府文資字第0952401218號', 'registerDate': '2006-12-22 18:57:04.0'}]",宅第,雲林縣
637,20060620000004,原台灣三菱製紙所辦公廳舍,"{'code': 'A20', 'name': '辦公廳舍'}","原公告：依據文化資產保存法第15條及歷史建築登錄廢止審查及輔助辦法第4條規定辦理。
變更後：符合文化資產保存法第15條暨歷史建築登錄廢止審查及輔助辦法第2條規定之標準。",120.614053,23.763592,"{'itemNo': 1, 'cityName': '雲林縣', 'distName': '林內鄉', 'address': '林中村新興路9號'}",雲林縣政府,文化觀光處,雲林縣斗六市大學路三段310號,(05)5523218,"<a href=""http://nchdb.boch.gov.tw/assets/advanceSearch/historicalBuilding/20060620000004"" target=""_blank"">http://nchdb.boch.gov.tw/assets/advanceSearch/historicalBuilding/20060620000004</a>","[{'classification': '指定/登錄', 'officialDocNo': '府文資字第0952400510號', 'registerDate': '2006-06-20 00:00:00.0'}, {'classification': '變更/修正', 'officialDocNo': '府文資字第0982400454號', 'registerDate': '2009-03-13 00:00:00.0'}]",辦公廳舍,雲林縣
638,20070422000001,永光派出所宿舍,"{'code': 'A99', 'name': '其他設施', 'other': '宿舍'}","原：文化資產保存法第15條及歷史建築登錄廢止審查及輔助辦法第4條規定辦理。

變更依據：文化資產保存法第15條、歷史建築登錄廢止審查及輔助辦法第4條規定暨98年1月21日九十八年度第一次「古蹟、歷史建築、聚落及文化景觀審議委員會」會議決議辦理。",120.554009249464,23.6244137124316,"{'itemNo': 1, 'cityName': '雲林縣', 'distName': '古坑鄉', 'address': '永光村光昌路58-1（永光派出所舊辦公廳舍）、58-4號（永光派出所宿舍）'}",雲林縣政府,文化觀光處,雲林縣斗六市大學路三段310號,(05)5523218,"<a href=""http://nchdb.boch.gov.tw/assets/advanceSearch/historicalBuilding/20070422000001"" target=""_blank"">http://nchdb.boch.gov.tw/assets/advanceSearch/historicalBuilding/20070422000001</a>","[{'classification': '指定/登錄', 'officialDocNo': '府文資字第0972400488號', 'registerDate': '2008-04-22 00:00:00.0'}, {'classification': '變更/修正', 'officialDocNo': '府文資字第0982400413號', 'registerDate': '2009-03-16 00:00:00.0'}, {'classification': '變更/修正', 'officialDocNo': '府文資字第0982400865號', 'registerDate': '2009-05-04 00:00:00.0'}]",其他設施,雲林縣
639,20090304000002,東和派出所,"{'code': 'A6', 'name': '衙署'}",具備文化資產保存法第15條，暨歷史建築登錄廢止審查及輔助辦法第2條第1、2、3、4項之基準。,120.567986360045,23.6844436947962,"{'itemNo': 1, 'cityName': '雲林縣', 'distName': '古坑鄉', 'address': '東和村文化路137-2號'}",雲林縣政府,文化觀光處,雲林縣斗六市大學路三段310號,(05)5523218,"<a href=""http://nchdb.boch.gov.tw/assets/advanceSearch/historicalBuilding/20090304000002"" target=""_blank"">http://nchdb.boch.gov.tw/assets/advanceSearch/historicalBuilding/20090304000002</a>","[{'classification': '指定/登錄', 'officialDocNo': '府文資字第0982400374號', 'registerDate': '2009-03-04 22:44:02.0'}]",衙署,雲林縣
640,20121024000003,古坑東和陳宅,"{'code': 'A3', 'name': '宅第'}",符合文化資產保存法第15條暨歷史建築登錄廢止審查及輔助辦法第2條第1、2、3、4項登錄評定基準。,120.568189,23.683813,"{'itemNo': 1, 'cityName': '雲林縣', 'distName': '古坑鄉', 'address': '東和村文化路115-1號'}",雲林縣政府,文化觀光處,雲林縣斗六市大學路三段310號,05-5523218,"<a href=""http://nchdb.boch.gov.tw/assets/advanceSearch/historicalBuilding/20121024000003"" target=""_blank"">http://nchdb.boch.gov.tw/assets/advanceSearch/historicalBuilding/20121024000003</a>","[{'classification': '指定/登錄', 'officialDocNo': '府文資字第1017402321B號', 'registerDate': '2012-10-24 00:00:00.0'}, {'classification': '變更/修正', 'officialDocNo': '府文資二字第1123805892B號', 'registerDate': '2023-02-03 18:38:33.4'}]",宅第,雲林縣
641,20100120000001,西螺東市場,"{'code': 'A16', 'name': '產業'}",符合文化資產保存法第15條暨歷史建築登錄廢止審查及補助辦法第2條第1、2、3、4項登錄評定基準。,120.463349,23.802119,"{'itemNo': 1, 'cityName': '雲林縣', 'distName': '西螺鎮', 'address': '延平路45號'}",雲林縣政府,文化觀光處,雲林縣斗六市大學路三段310號,05-5523218,"<a href=""http://nchdb.boch.gov.tw/assets/advanceSearch/historicalBuilding/20100120000001"" target=""_blank"">http://nchdb.boch.gov.tw/assets/advanceSearch/historicalBuilding/20100120000001</a>","[{'classification': '指定/登錄', 'officialDocNo': '府文資字第0992400074號', 'registerDate': '2010-01-20 15:23:01.0'}]",產業,雲林縣
642,20090729000002,西螺鎮中山國小舊有宿舍,"{'code': 'A3', 'name': '宅第'}",符合文化資產保存法第15條暨歷史建築登錄及廢止審查辦法第2條第1、2、3、4項登錄評定基準。,120.464964,23.795137,"{'itemNo': 1, 'cityName': '雲林縣', 'distName': '西螺鎮', 'address': '新街路13、15號'}",雲林縣政府,文化處,雲林縣斗六市大學路三段310號,05-5523159,"<a href=""http://nchdb.boch.gov.tw/assets/advanceSearch/historicalBuilding/20090729000002"" target=""_blank"">http://nchdb.boch.gov.tw/assets/advanceSearch/historicalBuilding/20090729000002</a>","[{'classification': '指定/登錄', 'officialDocNo': '府文資字第0982401590號', 'registerDate': '2009-07-29 17:45:58.0'}]",宅第,雲林縣
643,20011031000005,西螺戲院,"{'code': 'A26', 'name': '戲劇院'}",符合文化資產保存法第二十七條之一暨歷史建築登錄及輔助辦法第七條。,120.463416565952,23.8013502350716,"{'itemNo': 1, 'cityName': '雲林縣', 'distName': '西螺鎮', 'address': '觀音街2 號'}",雲林縣政府,文化觀光處,雲林縣斗六市大學路三段310號,(05)5523218,"<a href=""http://nchdb.boch.gov.tw/assets/advanceSearch/historicalBuilding/20011031000005"" target=""_blank"">http://nchdb.boch.gov.tw/assets/advanceSearch/historicalBuilding/20011031000005</a>","[{'classification': '指定/登錄', 'officialDocNo': '九十府文展字第9032003821 號', 'registerDate': '2001-10-31 11:44:08.0'}, {'classification': '變更/修正', 'officialDocNo': '府文資二字第1103818277B號', 'registerDate': '2021-10-22 00:00:00.0'}]",戲劇院,雲林縣
644,20071106000001,捷發乾記茶莊,"{'code': 'A3', 'name': '宅第'}",依據文化資產保存法第15條及歷史建築登錄廢止審查及輔助辦法第4條規定辦理。,120.46252184408,23.8018757554624,"{'itemNo': 1, 'cityName': '雲林縣', 'distName': '西螺鎮', 'address': '延平路92號'}",雲林縣政府,文化觀光處,雲林縣斗六市大學路三段310號,(05)5523218,"<a href=""http://nchdb.boch.gov.tw/assets/advanceSearch/historicalBuilding/20071106000001"" target=""_blank"">http://nchdb.boch.gov.tw/assets/advanceSearch/historicalBuilding/20071106000001</a>","[{'classification': '指定/登錄', 'officialDocNo': '府文資字第0962401573號', 'registerDate': '2007-11-06 22:44:23.0'}, {'classification': '變更/修正', 'officialDocNo': '府文資字第0982400465號', 'registerDate': '2009-03-16 00:00:00.0'}]",宅第,雲林縣
645,20120223000001,西螺程秉正公古墓,"{'code': 'A12', 'name': '墓葬'}",符合文化資產保存法第15條暨歷史建築登錄廢止審查及輔助辦法第2條第1、2、3、4項登錄評定基準。,120.437117,23.795245,"{'itemNo': 1, 'cityName': '雲林縣', 'distName': '西螺鎮', 'address': '西崙路、埔心路交界附近'}",雲林縣政府,文化觀光處,雲林縣斗六市大學路三段310號,05-5523218,"<a href=""http://nchdb.boch.gov.tw/assets/advanceSearch/historicalBuilding/20120223000001"" target=""_blank"">http://nchdb.boch.gov.tw/assets/advanceSearch/historicalBuilding/20120223000001</a>","[{'classification': '指定/登錄', 'officialDocNo': '府文資字第1027401011B號', 'registerDate': '2013-02-23 00:00:00.0'}]",墓葬,雲林縣
646,20110113000003,西螺張廖家廟崇遠堂,"{'code': 'A1', 'name': '祠堂'}",符合文化資產保存法第15條暨歷史建築登錄廢止審查及輔助辦法第2條第1、2、3項登錄評定之基準。,120.423685,23.776979,"{'itemNo': 1, 'cityName': '雲林縣', 'distName': '西螺鎮', 'address': '福田里10鄰新厝22號'}",雲林縣政府,文化觀光處,雲林縣斗六市大學路三段310號, 05-5523218,"<a href=""http://nchdb.boch.gov.tw/assets/advanceSearch/historicalBuilding/20110113000003"" target=""_blank"">http://nchdb.boch.gov.tw/assets/advanceSearch/historicalBuilding/20110113000003</a>","[{'classification': '指定/登錄', 'officialDocNo': '府文資字第10024000742號', 'registerDate': '2011-01-13 22:37:15.0'}]",祠堂,雲林縣
647,20011031000006,西螺大橋,"{'code': 'A15', 'name': '橋樑'}",符合文化資產保存法第二十七條之一暨歷史建築登錄及輔助辦法第七條。,120.460628966445,23.8115052980097,"{'itemNo': 1, 'cityName': '雲林縣', 'distName': '西螺鎮', 'address': '145 縣線道濁水溪上'}",雲林縣政府,文資課,雲林縣斗六市大學路三段310號,05-5325191,"<a href=""http://nchdb.boch.gov.tw/assets/advanceSearch/historicalBuilding/20011031000006"" target=""_blank"">http://nchdb.boch.gov.tw/assets/advanceSearch/historicalBuilding/20011031000006</a>","[{'classification': '指定/登錄', 'officialDocNo': '九十府文展字第9032003821 號', 'registerDate': '2001-10-31 10:10:11.0'}]",橋樑,雲林縣
648,20100122000001,北港自來水廠歷史建築群,"{'code': 'A16', 'name': '產業'}",符合文化資產保存法第15條暨歷史建築登錄廢止審查及補助辦法第2條第1、2、3、4項登錄評定基準。,120.30552,23.56472,"{'itemNo': 1, 'cityName': '雲林縣', 'distName': '北港鎮', 'address': '民生路1號'}",雲林縣政府,文化觀光處,雲林縣斗六市大學路三段310號,(05)5523218,"<a href=""http://nchdb.boch.gov.tw/assets/advanceSearch/historicalBuilding/20100122000001"" target=""_blank"">http://nchdb.boch.gov.tw/assets/advanceSearch/historicalBuilding/20100122000001</a>","[{'classification': '指定/登錄', 'officialDocNo': '府文資字第0952400004號', 'registerDate': '2006-01-26 00:00:00.0'}, {'classification': '指定/登錄', 'officialDocNo': '府文資字第0952401206號', 'registerDate': '2006-12-22 00:00:00.0'}, {'classification': '指定/登錄', 'officialDocNo': '府文資字第0992400079號', 'registerDate': '2010-01-22 00:00:00.0'}, {'classification': '變更/修正', 'officialDocNo': '府文資二字第1093801760E號', 'registerDate': '2020-03-16 00:00:00.0'}]",產業,雲林縣
649,20100402000002,北港神社社務所暨齋館及附屬,"{'code': 'A3', 'name': '宅第'}",符合文化資產保存法第15條，暨歷史建築登錄廢止審查及輔助辦法第2條第1、2、3、4項之基準,120.304892672681,23.5747966934127,"{'itemNo': 1, 'cityName': '雲林縣', 'distName': '北港鎮', 'address': '文化路242號(社務所暨齋館)'}",雲林縣政府,文化觀光處,雲林縣斗六市大學路三段310號,(05)5523218,"<a href=""http://nchdb.boch.gov.tw/assets/advanceSearch/historicalBuilding/20100402000002"" target=""_blank"">http://nchdb.boch.gov.tw/assets/advanceSearch/historicalBuilding/20100402000002</a>","[{'classification': '指定/登錄', 'officialDocNo': '府文資字第0992400544號', 'registerDate': '2010-04-02 13:49:21.0'}, {'classification': '變更/修正', 'officialDocNo': '府文資字第1027405528B號', 'registerDate': '2013-06-11 00:00:00.0', 'note': '擴大登錄歷史建築主體及變更住址'}]",宅第,雲林縣
649,20100402000002,北港神社社務所暨齋館及附屬,"{'code': 'A3', 'name': '宅第'}",符合文化資產保存法第15條，暨歷史建築登錄廢止審查及輔助辦法第2條第1、2、3、4項之基準,120.304892672681,23.5747966934127,"{'itemNo': 2, 'cityName': '雲林縣', 'distName': '北港鎮', 'address': '文化路與大同路口(附屬:烏居)'}",雲林縣政府,文化觀光處,雲林縣斗六市大學路三段310號,(05)5523218,"<a href=""http://nchdb.boch.gov.tw/assets/advanceSearch/historicalBuilding/20100402000002"" target=""_blank"">http://nchdb.boch.gov.tw/assets/advanceSearch/historicalBuilding/20100402000002</a>","[{'classification': '指定/登錄', 'officialDocNo': '府文資字第0992400544號', 'registerDate': '2010-04-02 13:49:21.0'}, {'classification': '變更/修正', 'officialDocNo': '府文資字第1027405528B號', 'registerDate': '2013-06-11 00:00:00.0', 'note': '擴大登錄歷史建築主體及變更住址'}]",宅第,雲林縣
650,20090619000001,北港大復戲院,"{'code': 'A16', 'name': '產業'}",符合文化資產保存法第15條暨歷史建築登錄廢止審查及輔助辦法第2條第1、2、3、4項之基準。,120.304191836751,23.5699702951554,"{'itemNo': 1, 'cityName': '雲林縣', 'distName': '北港鎮', 'address': '博愛路155號'}",雲林縣政府,文化觀光處,雲林縣斗六市大學路三段310號,(05)5523218,"<a href=""http://nchdb.boch.gov.tw/assets/advanceSearch/historicalBuilding/20090619000001"" target=""_blank"">http://nchdb.boch.gov.tw/assets/advanceSearch/historicalBuilding/20090619000001</a>","[{'classification': '指定/登錄', 'officialDocNo': '府文資字第0982401251號', 'registerDate': '2009-06-19 22:43:47.0'}]",產業,雲林縣
651,20011031000007,北港溪鐵橋,"{'code': 'A15', 'name': '橋樑'}",符合文化資產保存法第二十七條之一暨歷史建築登錄及輔助辦法第七條。,120.305226098846,23.5722510868298,"{'itemNo': 1, 'cityName': '雲林縣', 'distName': '北港鎮', 'address': '北港鎮與新港鄉交界處'}",雲林縣政府,文化處,雲林縣斗六市大學路三段310號,05-5523218,"<a href=""http://nchdb.boch.gov.tw/assets/advanceSearch/historicalBuilding/20011031000007"" target=""_blank"">http://nchdb.boch.gov.tw/assets/advanceSearch/historicalBuilding/20011031000007</a>","[{'classification': '指定/登錄', 'officialDocNo': '九十府文展字第9032003821 號', 'registerDate': '2001-10-31 17:22:48.0'}]",橋樑,雲林縣
652,20061222000005,原北港農校校舍,"{'code': 'A99', 'name': '其他設施', 'other': '學校建築'}",變更依據：符合文化資產保存法第15條及歷史建築登錄廢止審查及輔助辦法第2條第1項之基準。,120.305314,23.585069,"{'itemNo': 1, 'cityName': '雲林縣', 'distName': '北港鎮', 'address': '新街里19鄰太平路80號'}",雲林縣政府,文化觀光處,雲林縣斗六市大學路三段310號,05-5523218,"<a href=""http://nchdb.boch.gov.tw/assets/advanceSearch/historicalBuilding/20061222000005"" target=""_blank"">http://nchdb.boch.gov.tw/assets/advanceSearch/historicalBuilding/20061222000005</a>","[{'classification': '指定/登錄', 'officialDocNo': '府文資字第0952401207號', 'registerDate': '2006-12-22 12:32:40.0'}, {'classification': '變更/修正', 'officialDocNo': '府文資字第09924010532號', 'registerDate': '2010-06-23 00:00:00.0'}]",其他設施,雲林縣
653,20130402000002,口湖鄭豐喜故居,"{'code': 'A3', 'name': '宅第'}",符合文化資產保存法第15條暨歷史建築登錄廢止審查及輔助辦法第2條第1、2、3、4項登錄評定基準。,120.19824,23.544435,"{'itemNo': 1, 'cityName': '雲林縣', 'distName': '口湖鄉', 'address': '後厝村67號'}",雲林縣政府,文化觀光處,雲林縣斗六市大學路三段310號,05-5523218,"<a href=""http://nchdb.boch.gov.tw/assets/advanceSearch/historicalBuilding/20130402000002"" target=""_blank"">http://nchdb.boch.gov.tw/assets/advanceSearch/historicalBuilding/20130402000002</a>","[{'classification': '指定/登錄', 'officialDocNo': '府文資字第1027402830B號', 'registerDate': '2013-04-02 16:26:11.0'}, {'classification': '變更/修正', 'officialDocNo': '府文資字第1027403955B號 ', 'registerDate': '2013-05-06 00:16:28.75'}]",宅第,雲林縣
654,20130906000002,口湖文生天主堂,"{'code': 'A10', 'name': '教堂'}",文化資產保存法第15條暨歷史建築登錄廢止審查及輔助辦法第2條第1、2、3、4項登錄評定基準。,120.187708,23.590519,"{'itemNo': 1, 'cityName': '雲林縣', 'distName': '口湖鄉', 'address': '湖東村文明路125之3號'}",雲林縣政府,文化觀光處,雲林縣斗六市大學路三段310號,05-5523218,"<a href=""http://nchdb.boch.gov.tw/assets/advanceSearch/historicalBuilding/20130906000002"" target=""_blank"">http://nchdb.boch.gov.tw/assets/advanceSearch/historicalBuilding/20130906000002</a>","[{'classification': '指定/登錄', 'officialDocNo': '府文資字第1027408677B號', 'registerDate': '2013-09-06 15:06:16.0'}]",教堂,雲林縣
655,20121024000004,元長西莊番仔井,"{'code': 'A99', 'name': '其他設施', 'other': '古井'}",符合文化資產保存法第15條暨歷史建築登錄廢止審查及輔助辦法第2條第1、2、3、4項登錄評定基準。,120.306062,23.620666,"{'itemNo': 1, 'cityName': '雲林縣', 'distName': '元長鄉', 'address': '西莊村58-1號活動中心旁廣場'}",雲林縣政府,文化觀光處,雲林縣斗六市大學路三段310號,05-5523218,"<a href=""http://nchdb.boch.gov.tw/assets/advanceSearch/historicalBuilding/20121024000004"" target=""_blank"">http://nchdb.boch.gov.tw/assets/advanceSearch/historicalBuilding/20121024000004</a>","[{'classification': '指定/登錄', 'officialDocNo': '府文資字第1017402324B號', 'registerDate': '2012-10-24 16:54:51.0'}]",其他設施,雲林縣
656,20090331000001,原嘉義城隍廟戲臺(林宅),"{'code': 'A3', 'name': '宅第'}",《文化資產保存法》第15條暨《歷史建築登錄廢止審查及輔助辦法》第4條。,120.451277294047,23.4940492244775,"{'itemNo': 1, 'cityName': '嘉義市', 'distName': '東區', 'address': '台斗街124號'}",嘉義市政府文化局,文化資產科,嘉義市東區忠孝路275號,2788225,"<a href=""http://nchdb.boch.gov.tw/assets/advanceSearch/historicalBuilding/20090331000001"" target=""_blank"">http://nchdb.boch.gov.tw/assets/advanceSearch/historicalBuilding/20090331000001</a>","[{'classification': '指定/登錄', 'officialDocNo': '府授文資字第0985100008號', 'registerDate': '2009-03-31 10:18:22.0'}]",宅第,嘉義市
657,20071005000001,嘉義區監理所宿眷舍,"{'code': 'A3', 'name': '宅第'}",《文化資產保存法》第15條及《歷史建築登錄廢止審查及輔助辦法》第4條。,120.457706,23.477857,"{'itemNo': 1, 'cityName': '嘉義市', 'distName': '東區', 'address': '和平路136巷2號'}",嘉義市政府文化局,文化資產科,嘉義市東區忠孝路275號,05-2788225,"<a href=""http://nchdb.boch.gov.tw/assets/advanceSearch/historicalBuilding/20071005000001"" target=""_blank"">http://nchdb.boch.gov.tw/assets/advanceSearch/historicalBuilding/20071005000001</a>","[{'classification': '指定/登錄', 'officialDocNo': '府授文資字第0960202166號', 'registerDate': '2007-10-05 10:19:35.0'}]",宅第,嘉義市
658,20100630000002,東門派出所,"{'code': 'A6', 'name': '衙署'}",《文化資產保存法》第15條暨《歷史建築登錄廢止審查及輔助辦法》第2條第1項第1、4款規定。,120.45550052003,23.4802554357389,"{'itemNo': 1, 'cityName': '嘉義市', 'distName': '東區', 'address': '嘉義市公明路236號'}",嘉義市政府文化局,文化資產科,嘉義市東區忠孝路275號,05-2788225,"<a href=""http://nchdb.boch.gov.tw/assets/advanceSearch/historicalBuilding/20100630000002"" target=""_blank"">http://nchdb.boch.gov.tw/assets/advanceSearch/historicalBuilding/20100630000002</a>","[{'classification': '指定/登錄', 'officialDocNo': '府授文資字第0995101367號', 'registerDate': '2010-06-30 14:52:17.0'}]",衙署,嘉義市
659,20130807000001,林母郭孺人暨二子壽域墓,"{'code': 'A12', 'name': '墓葬'}",《文化資產保存法》第15條暨《歷史建築登錄廢止審查及輔助辦法》第2條第1項第1–4款規定。,120.47127346424044,23.481494260459034,"{'itemNo': 1, 'cityName': '嘉義市', 'distName': '東區', 'address': '嘉義都會公園內'}",嘉義市政府文化局,文化資產科,嘉義市東區忠孝路275號,052788225#505,"<a href=""http://nchdb.boch.gov.tw/assets/advanceSearch/historicalBuilding/20130807000001"" target=""_blank"">http://nchdb.boch.gov.tw/assets/advanceSearch/historicalBuilding/20130807000001</a>","[{'classification': '指定/登錄', 'officialDocNo': '府授文資字第10251029311號', 'registerDate': '2013-08-07 09:14:38.0'}]",墓葬,嘉義市
660,20150324000001,一江山陣亡將士紀念碑,"{'code': 'A9', 'name': '碑碣'}",《文化資產保存法》第15條暨《歷史建築登錄廢止審查及輔助辦法》第2條第1–4款。,120.46433674774265,23.482878600661028,"{'itemNo': 1, 'cityName': '嘉義市', 'distName': '東區', 'address': '嘉義市啟明路264號(嘉義公園內)'}",嘉義市政府文化局,文化資產科,嘉義市東區忠孝路275號,052788225,"<a href=""http://nchdb.boch.gov.tw/assets/advanceSearch/historicalBuilding/20150324000001"" target=""_blank"">http://nchdb.boch.gov.tw/assets/advanceSearch/historicalBuilding/20150324000001</a>","[{'classification': '指定/登錄', 'officialDocNo': '府授文資字第10451007713號', 'registerDate': '2015-03-24 00:00:00.0'}]",碑碣,嘉義市
661,20150324000002,聖奧德天主堂,"{'code': 'A10', 'name': '教堂'}",《文化資產保存法》第15條暨《歷史建築登錄廢止審查及輔助辦法》第2條第1項第1至3款。,120.45106,23.496939,"{'itemNo': 1, 'cityName': '嘉義市', 'distName': '東區', 'address': '嘉義市忠孝路505號'}",嘉義市政府文化局,文化資產科,嘉義市東區忠孝路275號,052788225,"<a href=""http://nchdb.boch.gov.tw/assets/advanceSearch/historicalBuilding/20150324000002"" target=""_blank"">http://nchdb.boch.gov.tw/assets/advanceSearch/historicalBuilding/20150324000002</a>","[{'classification': '指定/登錄', 'officialDocNo': '府授文資字第10351025201號', 'registerDate': '2014-07-11 00:00:00.0'}, {'classification': '變更/修正', 'officialDocNo': '府授文資字第10351036482號', 'registerDate': '2014-10-17 00:00:00.0'}, {'classification': '變更/修正', 'officialDocNo': '府授文資字第10451007711號', 'registerDate': '2015-03-24 00:00:00.0'}]",教堂,嘉義市
662,20150324000003,玉山一二村,"{'code': 'A16', 'name': '產業'}",《文化資產保存法》第18條暨《歷史建築登錄廢止審查及輔助辦法》第2條第1項第1至4款規定。,120.44882,23.48648,"{'itemNo': 1, 'cityName': '嘉義市', 'distName': '東區', 'address': '玉山一村48–50木構造倉庫1棟及66號1棟;玉山二村1–2號1棟、5–6號1棟、9–10號1棟及17號1棟。'}",嘉義市政府文化局,文化資產科,嘉義市東區嘉義市忠孝路275號,052788225,"<a href=""http://nchdb.boch.gov.tw/assets/advanceSearch/historicalBuilding/20150324000003"" target=""_blank"">http://nchdb.boch.gov.tw/assets/advanceSearch/historicalBuilding/20150324000003</a>","[{'classification': '指定/登錄', 'officialDocNo': '府授文資字第10451007710號', 'registerDate': '2015-03-24 00:00:00.0'}]",產業,嘉義市
663,20150324000004,嘉義第二司法新村,"{'code': 'A3', 'name': '宅第'}",《文化資產保存法》第15條暨《歷史建築登錄廢止審查及輔助辦法》第2條第1項第1至3款規定。,120.458631,23.48538,"{'itemNo': 1, 'cityName': '嘉義市', 'distName': '東區', 'address': '嘉義市維新路136巷1號'}",嘉義市政府文化局,文化資產科,嘉義市東區忠孝路275號,052788225,"<a href=""http://nchdb.boch.gov.tw/assets/advanceSearch/historicalBuilding/20150324000004"" target=""_blank"">http://nchdb.boch.gov.tw/assets/advanceSearch/historicalBuilding/20150324000004</a>","[{'classification': '變更/修正', 'officialDocNo': '府授文資字第10451000122號', 'registerDate': '2015-01-05 00:00:00.0'}, {'classification': '變更/修正', 'officialDocNo': '府授文資字第10451007712號', 'registerDate': '2015-03-24 00:00:00.0'}]",宅第,嘉義市
664,20020806000002,水源地水錶室,"{'code': 'A16', 'name': '產業'}",《文化資產保存法》第廿七條之一暨《歷史建築登錄及輔助辦法》第七條。,120.470779490749,23.4841103968688,"{'itemNo': 1, 'cityName': '嘉義市', 'distName': '東區', 'address': '王田里民權路旁'}",嘉義市政府文化局,文化資產科,嘉義市東區忠孝路275號,05-2788225,"<a href=""http://nchdb.boch.gov.tw/assets/advanceSearch/historicalBuilding/20020806000002"" target=""_blank"">http://nchdb.boch.gov.tw/assets/advanceSearch/historicalBuilding/20020806000002</a>","[{'classification': '指定/登錄', 'officialDocNo': '府授文資字第09102039122號', 'registerDate': '2002-08-06 09:13:55.0'}]",產業,嘉義市
665,20051026000002,原嘉義製材所(竹材工藝品加工廠),"{'code': 'A16', 'name': '產業'}",《文化資產保存法》第廿七條之一暨《歷史建築登錄及輔助辦法》第七條。,120.450696129117,23.4872492280768,"{'itemNo': 1, 'cityName': '嘉義市', 'distName': '東區', 'address': '泰安里6 鄰林森西路4 號'}",嘉義市政府文化局,文化資產科,嘉義市東區忠孝路275號,05-2788225,"<a href=""http://nchdb.boch.gov.tw/assets/advanceSearch/historicalBuilding/20051026000002"" target=""_blank"">http://nchdb.boch.gov.tw/assets/advanceSearch/historicalBuilding/20051026000002</a>","[{'classification': '指定/登錄', 'officialDocNo': '府授文資字第09102039123號', 'registerDate': '2002-08-06 00:00:00.0'}, {'classification': '變更/修正', 'officialDocNo': '府授文資字第0940202055號', 'registerDate': '2005-10-26 10:20:49.0'}, {'classification': '變更/修正', 'officialDocNo': '府授文資字第10651009240號', 'registerDate': '2017-03-03 00:00:00.0'}]",產業,嘉義市
666,20020806000003,嘉義農業試驗分所辦公室,"{'code': 'A6', 'name': '衙署'}",《文化資產保存法》第廿七條之一暨《歷史建築登錄及輔助辦法》第七條。,120.46798500984194,23.48434962272447,"{'itemNo': 1, 'cityName': '嘉義市', 'distName': '東區', 'address': '王田里民權路2 號'}",嘉義市政府文化局,文化資產科,嘉義市東區忠孝路275號,05-2788225,"<a href=""http://nchdb.boch.gov.tw/assets/advanceSearch/historicalBuilding/20020806000003"" target=""_blank"">http://nchdb.boch.gov.tw/assets/advanceSearch/historicalBuilding/20020806000003</a>","[{'classification': '指定/登錄', 'officialDocNo': '府授文資字第09102039124號', 'registerDate': '2002-08-06 10:02:57.0'}]",衙署,嘉義市
667,20041101000001,原嘉義電信局,"{'code': 'A6', 'name': '衙署'}",《文化資產保存法》第二十七條之一暨《歷史建築登錄及輔助辦法》第七條。,120.45128248685138,23.47817724318971,"{'itemNo': 1, 'cityName': '嘉義市', 'distName': '東區', 'address': '府路里6鄰光彩街269號'}",嘉義市政府文化局,文化資產科,嘉義市東區忠孝路275號,05-2788225,"<a href=""http://nchdb.boch.gov.tw/assets/advanceSearch/historicalBuilding/20041101000001"" target=""_blank"">http://nchdb.boch.gov.tw/assets/advanceSearch/historicalBuilding/20041101000001</a>","[{'classification': '指定/登錄', 'officialDocNo': '府授文資字第0930203855號', 'registerDate': '2004-11-01 13:29:12.0'}]",衙署,嘉義市
668,20041101000002,原嘉義郵局,"{'code': 'A6', 'name': '衙署'}",《文化資產保存法》第二十七條之一暨《歷史建築登錄及輔助辦法》第七條。,120.44995687542776,23.477870913871364,"{'itemNo': 1, 'cityName': '嘉義市', 'distName': '東區', 'address': '府路里6鄰文化路134號'}",嘉義市政府文化局,文化資產科,嘉義市東區忠孝路275號,05-2788225,"<a href=""http://nchdb.boch.gov.tw/assets/advanceSearch/historicalBuilding/20041101000002"" target=""_blank"">http://nchdb.boch.gov.tw/assets/advanceSearch/historicalBuilding/20041101000002</a>","[{'classification': '指定/登錄', 'officialDocNo': '府授文資字第0930203856號', 'registerDate': '2004-11-01 10:23:08.0'}]",衙署,嘉義市
669,20051026000003,嘉義市共和路與北門街林管處國有宿眷舍,"{'code': 'A3', 'name': '宅第'}",《文化資產保存法》第十五條暨《歷史建築登錄及輔助辦法》第七條。,120.45400487883467,23.48615260929081,"{'itemNo': 1, 'cityName': '嘉義市', 'distName': '東區', 'address': '共和街191巷1-12號199巷1-11號201巷2-5號243巷2.4-7號356巷2-8號378巷1-12號14-17號382.384.354.372號北門街1-3號19.19-1.21號共65戶'}",嘉義市政府文化局,文化資產科,嘉義市東區忠孝路275號,05-2788225,"<a href=""http://nchdb.boch.gov.tw/assets/advanceSearch/historicalBuilding/20051026000003"" target=""_blank"">http://nchdb.boch.gov.tw/assets/advanceSearch/historicalBuilding/20051026000003</a>","[{'classification': '指定/登錄', 'officialDocNo': '府授文資字第09402020561號', 'registerDate': '2005-10-26 09:52:24.0'}, {'classification': '變更/修正', 'officialDocNo': '府授文資字第0950202473號', 'registerDate': '2006-11-06 00:00:00.0'}, {'classification': '變更/修正', 'officialDocNo': '府授文資字第1085104166號', 'registerDate': '2019-10-16 00:00:00.0'}]",宅第,嘉義市
670,20051026000004,嘉義林區管理處辦公區內木構造建築群,"{'code': 'A6', 'name': '衙署'}",《文化資產保存法》第十五條暨《歷史建築登錄及輔助辦法》第七條。,120.45316835985,23.4852690704752,"{'itemNo': 1, 'cityName': '嘉義市', 'distName': '東區', 'address': '林森西路1號'}",嘉義市政府文化局,文化資產科,嘉義市東區忠孝路275號,05-2788225,"<a href=""http://nchdb.boch.gov.tw/assets/advanceSearch/historicalBuilding/20051026000004"" target=""_blank"">http://nchdb.boch.gov.tw/assets/advanceSearch/historicalBuilding/20051026000004</a>","[{'classification': '指定/登錄', 'officialDocNo': '府授文資字第09402020562號', 'registerDate': '2005-10-26 09:55:14.0'}]",衙署,嘉義市
671,20090706000002,後寮羅氏宗祠,"{'code': 'A1', 'name': '祠堂'}","一、《文化資產保存法》
二、《歷史建築登錄廢止審查及輔助辦法》",120.362419581395,23.411256966519,"{'itemNo': 1, 'cityName': '嘉義縣', 'distName': '水上鄉', 'address': '南和村後寮9鄰2之1號旁'}",嘉義縣政府,嘉義縣文化觀光局,嘉義縣太保市太子大道158號,05-3628123*310,"<a href=""http://nchdb.boch.gov.tw/assets/advanceSearch/historicalBuilding/20090706000002"" target=""_blank"">http://nchdb.boch.gov.tw/assets/advanceSearch/historicalBuilding/20090706000002</a>","[{'classification': '指定/登錄', 'officialDocNo': '府文資字第0980104182號', 'registerDate': '2009-07-06 13:27:36.0'}]",祠堂,嘉義縣
672,20140121000003,朴子國小舊禮堂,"{'code': 'A24', 'name': '學校'}","１、文化資產保存法第15條。
２、歷史建築登錄廢止審查及輔助辦法第2、3、4條。",120.24818563581782,23.467142881977356,"{'itemNo': 1, 'cityName': '嘉義縣', 'distName': '朴子市', 'address': '山通路11號'}",嘉義縣文化觀光局,文化資產科,嘉義縣太保市太子大道158號,05-3628123#310,"<a href=""http://nchdb.boch.gov.tw/assets/advanceSearch/historicalBuilding/20140121000003"" target=""_blank"">http://nchdb.boch.gov.tw/assets/advanceSearch/historicalBuilding/20140121000003</a>","[{'classification': '指定/登錄', 'officialDocNo': '府授文資字第1030003628號', 'registerDate': '2014-01-21 13:28:44.0'}]",學校,嘉義縣
673,20140121000004,牛挑灣吳杯初濟生病院,"{'code': 'A27', 'name': '醫院'}","1、《文化資產保存法》第15條。
2、《歷史建築登錄廢止審查及輔助辦法》第2、3、4條。",120.25301,23.41074,"{'itemNo': 1, 'cityName': '嘉義縣', 'distName': '朴子市', 'address': '松華里牛桃灣300號'}",嘉義縣文化觀光局,文化資產科,嘉義縣太保市太子大道158號,05-3628123,"<a href=""http://nchdb.boch.gov.tw/assets/advanceSearch/historicalBuilding/20140121000004"" target=""_blank"">http://nchdb.boch.gov.tw/assets/advanceSearch/historicalBuilding/20140121000004</a>","[{'classification': '指定/登錄', 'officialDocNo': '府授文資字第1030003776號', 'registerDate': '2014-01-21 11:28:44.0'}]",醫院,嘉義縣
674,20140513000001,原牛挑灣公學校校長宿舍,"{'code': 'A3', 'name': '宅第'}","1、《文化資產保存法》第15條。
2、《歷史建築登錄廢止審查及輔助辦法》第2、3、4條。",120.250959,23.410713,"{'itemNo': 1, 'cityName': '嘉義縣', 'distName': '朴子市', 'address': '松華里345號'}",嘉義縣文化觀光局,文化資產科,嘉義縣太保市太子大道158號,05-3628123#310,"<a href=""http://nchdb.boch.gov.tw/assets/advanceSearch/historicalBuilding/20140513000001"" target=""_blank"">http://nchdb.boch.gov.tw/assets/advanceSearch/historicalBuilding/20140513000001</a>","[{'classification': '指定/登錄', 'officialDocNo': '府授文資字第1030088968號', 'registerDate': '2014-05-13 13:20:36.0'}]",宅第,嘉義縣
675,20080312000001,新港藝術高中傳統民宅,"{'code': 'A3', 'name': '宅第'}","一、《文化資產保存法》第15條規定
二、《歷史建築登錄廢止審查及輔助辦法》
",120.349027380202,23.5603948535187,"{'itemNo': 1, 'cityName': '嘉義縣', 'distName': '新港鄉', 'address': '宮後村20鄰藝高路1號'}",嘉義縣政府,嘉義縣文化觀光局,嘉義縣太保市太子大道158號,05-3625275#39,"<a href=""http://nchdb.boch.gov.tw/assets/advanceSearch/historicalBuilding/20080312000001"" target=""_blank"">http://nchdb.boch.gov.tw/assets/advanceSearch/historicalBuilding/20080312000001</a>","[{'classification': '指定/登錄', 'officialDocNo': '府文資字第0970043126號', 'registerDate': '2008-03-12 13:35:17.0'}]",宅第,嘉義縣
676,20011128000002,新港台糖復興鐵橋(原臺糖嘉北線五分仔鐵道暨北港溪鐵橋),"{'code': 'A16', 'name': '產業'}",《文化資產保存法》第27條之 1暨《歷史建築登錄及輔助辦法》第7條,120.313472587168,23.5696842777928,"{'itemNo': 1, 'cityName': '嘉義縣', 'distName': '新港鄉', 'address': '公園段921號等'}",嘉義縣文化觀光局,文化資產科,嘉義縣太保市太子大道158號,05-3628123,"<a href=""http://nchdb.boch.gov.tw/assets/advanceSearch/historicalBuilding/20011128000002"" target=""_blank"">http://nchdb.boch.gov.tw/assets/advanceSearch/historicalBuilding/20011128000002</a>","[{'classification': '指定/登錄', 'officialDocNo': '九十府文資字第091702號', 'registerDate': '2001-11-28 13:37:19.0'}]",產業,嘉義縣
677,20011128000003,中央廣播電臺民雄分臺日式招待所,"{'code': 'A3', 'name': '宅第'}",《文化資產保存法》第二十七條之一暨《歷史建築登錄及輔助辦法》第七條,120.430522720678,23.5603386366534,"{'itemNo': 1, 'cityName': '嘉義縣', 'distName': '民雄鄉', 'address': '寮頂村民權路50號'}",嘉義縣文化觀光局,文化資產科,嘉義縣太保市太子大道158號,05-3628123*310,"<a href=""http://nchdb.boch.gov.tw/assets/advanceSearch/historicalBuilding/20011128000003"" target=""_blank"">http://nchdb.boch.gov.tw/assets/advanceSearch/historicalBuilding/20011128000003</a>","[{'classification': '指定/登錄', 'officialDocNo': '九十府文資字第091704號', 'registerDate': '2001-11-28 13:40:12.0'}]",宅第,嘉義縣
678,20090706000003,民雄「何元英祠堂」,"{'code': 'A1', 'name': '祠堂'}","一、文化資產保存法
二、《歷史建築登錄廢止審查及輔助辦法》",120.392348838338,23.5455499626526,"{'itemNo': 1, 'cityName': '嘉義縣', 'distName': '民雄鄉', 'address': '嘉義縣民雄鄉平和村28號'}",嘉義縣文化觀光局,文化資產科,嘉義縣太保市太子大道158號,05-3625275#313,"<a href=""http://nchdb.boch.gov.tw/assets/advanceSearch/historicalBuilding/20090706000003"" target=""_blank"">http://nchdb.boch.gov.tw/assets/advanceSearch/historicalBuilding/20090706000003</a>","[{'classification': '指定/登錄', 'officialDocNo': '府文資字第0980104186號', 'registerDate': '2009-07-06 13:27:06.0'}]",祠堂,嘉義縣
679,20090706000004,中央廣播電臺民雄分台日式宿舍區,"{'code': 'A3', 'name': '宅第'}","一、《文化資產保存法》
二、《歷史建築登錄廢止審查及輔助辦法》",120.42992782111,23.5605940590077,"{'itemNo': 1, 'cityName': '嘉義縣', 'distName': '民雄鄉', 'address': '民權路50號'}",嘉義縣文化觀光局,文化資產科,嘉義縣太保市太子大道158號,05-3625275#39,"<a href=""http://nchdb.boch.gov.tw/assets/advanceSearch/historicalBuilding/20090706000004"" target=""_blank"">http://nchdb.boch.gov.tw/assets/advanceSearch/historicalBuilding/20090706000004</a>","[{'classification': '指定/登錄', 'officialDocNo': '府文資字第0980104188號', 'registerDate': '2009-07-06 13:28:00.0'}]",宅第,嘉義縣
679,20090706000004,中央廣播電臺民雄分台日式宿舍區,"{'code': 'A3', 'name': '宅第'}","一、《文化資產保存法》
二、《歷史建築登錄廢止審查及輔助辦法》",120.42992782111,23.5605940590077,"{'itemNo': 2, 'cityName': '嘉義縣', 'distName': '民雄鄉', 'address': '民權路52號'}",嘉義縣文化觀光局,文化資產科,嘉義縣太保市太子大道158號,05-3625275#39,"<a href=""http://nchdb.boch.gov.tw/assets/advanceSearch/historicalBuilding/20090706000004"" target=""_blank"">http://nchdb.boch.gov.tw/assets/advanceSearch/historicalBuilding/20090706000004</a>","[{'classification': '指定/登錄', 'officialDocNo': '府文資字第0980104188號', 'registerDate': '2009-07-06 13:28:00.0'}]",宅第,嘉義縣
679,20090706000004,中央廣播電臺民雄分台日式宿舍區,"{'code': 'A3', 'name': '宅第'}","一、《文化資產保存法》
二、《歷史建築登錄廢止審查及輔助辦法》",120.42992782111,23.5605940590077,"{'itemNo': 3, 'cityName': '嘉義縣', 'distName': '民雄鄉', 'address': '民權路54號'}",嘉義縣文化觀光局,文化資產科,嘉義縣太保市太子大道158號,05-3625275#39,"<a href=""http://nchdb.boch.gov.tw/assets/advanceSearch/historicalBuilding/20090706000004"" target=""_blank"">http://nchdb.boch.gov.tw/assets/advanceSearch/historicalBuilding/20090706000004</a>","[{'classification': '指定/登錄', 'officialDocNo': '府文資字第0980104188號', 'registerDate': '2009-07-06 13:28:00.0'}]",宅第,嘉義縣
679,20090706000004,中央廣播電臺民雄分台日式宿舍區,"{'code': 'A3', 'name': '宅第'}","一、《文化資產保存法》
二、《歷史建築登錄廢止審查及輔助辦法》",120.42992782111,23.5605940590077,"{'itemNo': 4, 'cityName': '嘉義縣', 'distName': '民雄鄉', 'address': '民權路56號'}",嘉義縣文化觀光局,文化資產科,嘉義縣太保市太子大道158號,05-3625275#39,"<a href=""http://nchdb.boch.gov.tw/assets/advanceSearch/historicalBuilding/20090706000004"" target=""_blank"">http://nchdb.boch.gov.tw/assets/advanceSearch/historicalBuilding/20090706000004</a>","[{'classification': '指定/登錄', 'officialDocNo': '府文資字第0980104188號', 'registerDate': '2009-07-06 13:28:00.0'}]",宅第,嘉義縣
679,20090706000004,中央廣播電臺民雄分台日式宿舍區,"{'code': 'A3', 'name': '宅第'}","一、《文化資產保存法》
二、《歷史建築登錄廢止審查及輔助辦法》",120.42992782111,23.5605940590077,"{'itemNo': 5, 'cityName': '嘉義縣', 'distName': '民雄鄉', 'address': '民權路58號'}",嘉義縣文化觀光局,文化資產科,嘉義縣太保市太子大道158號,05-3625275#39,"<a href=""http://nchdb.boch.gov.tw/assets/advanceSearch/historicalBuilding/20090706000004"" target=""_blank"">http://nchdb.boch.gov.tw/assets/advanceSearch/historicalBuilding/20090706000004</a>","[{'classification': '指定/登錄', 'officialDocNo': '府文資字第0980104188號', 'registerDate': '2009-07-06 13:28:00.0'}]",宅第,嘉義縣
679,20090706000004,中央廣播電臺民雄分台日式宿舍區,"{'code': 'A3', 'name': '宅第'}","一、《文化資產保存法》
二、《歷史建築登錄廢止審查及輔助辦法》",120.42992782111,23.5605940590077,"{'itemNo': 6, 'cityName': '嘉義縣', 'distName': '民雄鄉', 'address': '民權路60號'}",嘉義縣文化觀光局,文化資產科,嘉義縣太保市太子大道158號,05-3625275#39,"<a href=""http://nchdb.boch.gov.tw/assets/advanceSearch/historicalBuilding/20090706000004"" target=""_blank"">http://nchdb.boch.gov.tw/assets/advanceSearch/historicalBuilding/20090706000004</a>","[{'classification': '指定/登錄', 'officialDocNo': '府文資字第0980104188號', 'registerDate': '2009-07-06 13:28:00.0'}]",宅第,嘉義縣
679,20090706000004,中央廣播電臺民雄分台日式宿舍區,"{'code': 'A3', 'name': '宅第'}","一、《文化資產保存法》
二、《歷史建築登錄廢止審查及輔助辦法》",120.42992782111,23.5605940590077,"{'itemNo': 7, 'cityName': '嘉義縣', 'distName': '民雄鄉', 'address': '民權路62號'}",嘉義縣文化觀光局,文化資產科,嘉義縣太保市太子大道158號,05-3625275#39,"<a href=""http://nchdb.boch.gov.tw/assets/advanceSearch/historicalBuilding/20090706000004"" target=""_blank"">http://nchdb.boch.gov.tw/assets/advanceSearch/historicalBuilding/20090706000004</a>","[{'classification': '指定/登錄', 'officialDocNo': '府文資字第0980104188號', 'registerDate': '2009-07-06 13:28:00.0'}]",宅第,嘉義縣
679,20090706000004,中央廣播電臺民雄分台日式宿舍區,"{'code': 'A3', 'name': '宅第'}","一、《文化資產保存法》
二、《歷史建築登錄廢止審查及輔助辦法》",120.42992782111,23.5605940590077,"{'itemNo': 8, 'cityName': '嘉義縣', 'distName': '民雄鄉', 'address': '民權路66號'}",嘉義縣文化觀光局,文化資產科,嘉義縣太保市太子大道158號,05-3625275#39,"<a href=""http://nchdb.boch.gov.tw/assets/advanceSearch/historicalBuilding/20090706000004"" target=""_blank"">http://nchdb.boch.gov.tw/assets/advanceSearch/historicalBuilding/20090706000004</a>","[{'classification': '指定/登錄', 'officialDocNo': '府文資字第0980104188號', 'registerDate': '2009-07-06 13:28:00.0'}]",宅第,嘉義縣
679,20090706000004,中央廣播電臺民雄分台日式宿舍區,"{'code': 'A3', 'name': '宅第'}","一、《文化資產保存法》
二、《歷史建築登錄廢止審查及輔助辦法》",120.42992782111,23.5605940590077,"{'itemNo': 9, 'cityName': '嘉義縣', 'distName': '民雄鄉', 'address': '民權路68號'}",嘉義縣文化觀光局,文化資產科,嘉義縣太保市太子大道158號,05-3625275#39,"<a href=""http://nchdb.boch.gov.tw/assets/advanceSearch/historicalBuilding/20090706000004"" target=""_blank"">http://nchdb.boch.gov.tw/assets/advanceSearch/historicalBuilding/20090706000004</a>","[{'classification': '指定/登錄', 'officialDocNo': '府文資字第0980104188號', 'registerDate': '2009-07-06 13:28:00.0'}]",宅第,嘉義縣
679,20090706000004,中央廣播電臺民雄分台日式宿舍區,"{'code': 'A3', 'name': '宅第'}","一、《文化資產保存法》
二、《歷史建築登錄廢止審查及輔助辦法》",120.42992782111,23.5605940590077,"{'itemNo': 10, 'cityName': '嘉義縣', 'distName': '民雄鄉', 'address': '民權路70號'}",嘉義縣文化觀光局,文化資產科,嘉義縣太保市太子大道158號,05-3625275#39,"<a href=""http://nchdb.boch.gov.tw/assets/advanceSearch/historicalBuilding/20090706000004"" target=""_blank"">http://nchdb.boch.gov.tw/assets/advanceSearch/historicalBuilding/20090706000004</a>","[{'classification': '指定/登錄', 'officialDocNo': '府文資字第0980104188號', 'registerDate': '2009-07-06 13:28:00.0'}]",宅第,嘉義縣
679,20090706000004,中央廣播電臺民雄分台日式宿舍區,"{'code': 'A3', 'name': '宅第'}","一、《文化資產保存法》
二、《歷史建築登錄廢止審查及輔助辦法》",120.42992782111,23.5605940590077,"{'itemNo': 11, 'cityName': '嘉義縣', 'distName': '民雄鄉', 'address': '民權路72號'}",嘉義縣文化觀光局,文化資產科,嘉義縣太保市太子大道158號,05-3625275#39,"<a href=""http://nchdb.boch.gov.tw/assets/advanceSearch/historicalBuilding/20090706000004"" target=""_blank"">http://nchdb.boch.gov.tw/assets/advanceSearch/historicalBuilding/20090706000004</a>","[{'classification': '指定/登錄', 'officialDocNo': '府文資字第0980104188號', 'registerDate': '2009-07-06 13:28:00.0'}]",宅第,嘉義縣
680,20011128000004,中央廣播電臺民雄分臺廣播文物館,"{'code': 'A16', 'name': '產業'}",《文化資產保存法》第二十七條之一暨《歷史建築登錄及輔助辦法》第七條,120.429683926079,23.5645797099452,"{'itemNo': 1, 'cityName': '嘉義縣', 'distName': '民雄鄉', 'address': '寮頂村民權路74 號'}",嘉義縣文化觀光局,文化資產科,嘉義縣太保市故宮大道886號,05-3625275#39,"<a href=""http://nchdb.boch.gov.tw/assets/advanceSearch/historicalBuilding/20011128000004"" target=""_blank"">http://nchdb.boch.gov.tw/assets/advanceSearch/historicalBuilding/20011128000004</a>","[{'classification': '指定/登錄', 'officialDocNo': '九十府文資產字第091701號', 'registerDate': '2001-11-28 14:40:34.0'}]",產業,嘉義縣
681,20080109000001,貞愛親王殿下御上陸紀念之碑,"{'code': 'A9', 'name': '碑碣'}","1.《文化資產保存法》
2.《歷史建築登錄廢止審查及輔助辦法》
",120.156850125265,23.3780750174788,"{'itemNo': 1, 'cityName': '嘉義縣', 'distName': '布袋鎮', 'address': '岑海里入船路8號'}",嘉義縣政府,嘉義縣文化觀光局,嘉義縣太保市太子大道158號,05-3628123*310,"<a href=""http://nchdb.boch.gov.tw/assets/advanceSearch/historicalBuilding/20080109000001"" target=""_blank"">http://nchdb.boch.gov.tw/assets/advanceSearch/historicalBuilding/20080109000001</a>","[{'classification': '指定/登錄', 'officialDocNo': '府文資字第0970014535號', 'registerDate': '2008-01-09 13:36:12.0'}]",碑碣,嘉義縣
682,20070426000001,臺南重慶寺,"{'code': 'A99', 'name': '其他設施', 'other': '祠廟'}",文化資產保存法第15條、「歷史建築登錄廢止審查及輔助辦法」暨本市歷史建築歷史建築聚落及文化景觀審議委員會第1屆第6次定期會會議決議。,120.203612198104,22.9915840107805,"{'itemNo': 1, 'cityName': '臺南市', 'distName': '中西區', 'address': '臺南市中西區中正路5巷2號'}",臺南市政府,臺南市文化資產管理處,臺南市中西區 中正路5巷1號,06-2213597,"<a href=""http://nchdb.boch.gov.tw/assets/advanceSearch/historicalBuilding/20070426000001"" target=""_blank"">http://nchdb.boch.gov.tw/assets/advanceSearch/historicalBuilding/20070426000001</a>","[{'classification': '指定/登錄', 'officialDocNo': '南市文維字第09618507620號', 'registerDate': '2007-04-26 10:36:43.0'}]",其他設施,臺南市
683,20100817000001,延平郡王祠（含鄭成功文物館）,"{'code': 'A1', 'name': '祠堂'}",符合歷史建築登錄廢止審查及輔助辦法第二條第一項第一款「具歷史文化價值者」之登錄基準規定。,120.2079636043746,22.987679807197033,"{'itemNo': 1, 'cityName': '臺南市', 'distName': '中西區', 'address': '開山路152號'}",臺南市政府,臺南市文化資產管理處,臺南市中西區中正路5巷1號,06-2213597,"<a href=""http://nchdb.boch.gov.tw/assets/advanceSearch/historicalBuilding/20100817000001"" target=""_blank"">http://nchdb.boch.gov.tw/assets/advanceSearch/historicalBuilding/20100817000001</a>","[{'classification': '指定/登錄', 'officialDocNo': '南市文維字第09918526440', 'registerDate': '2010-08-17 09:19:32.0'}]",祠堂,臺南市
684,20120515000002,八吉境關帝廳,"{'code': 'A2', 'name': '寺廟'}","文化資產保存法第15條
歷史建築登錄廢止審查及輔助辦法第2、3條",120.20109190468658,22.991449302318465,"{'itemNo': 1, 'cityName': '臺南市', 'distName': '中西區', 'address': '友愛街40巷11號'}",臺南市政府,臺南市文化資產管理處,臺南市中西區中正路5巷1號3樓,06-2213569,"<a href=""http://nchdb.boch.gov.tw/assets/advanceSearch/historicalBuilding/20120515000002"" target=""_blank"">http://nchdb.boch.gov.tw/assets/advanceSearch/historicalBuilding/20120515000002</a>","[{'classification': '指定/登錄', 'officialDocNo': '府文資處1010342823號', 'registerDate': '2012-05-15 09:13:46.0'}]",寺廟,臺南市
685,20010716000004,原南門尋常小學校舍,"{'code': 'A99', 'name': '其他設施', 'other': '學校'}",依據文化資產保存法（71年5月26日總統令公布）第27條之1、「歷史建築登錄及輔助辦法」暨本府90年6月20日審查會議決議。,120.20288080732024,22.988377915054134,"{'itemNo': 1, 'cityName': '臺南市', 'distName': '中西區', 'address': '府前路一段239 號'}",臺南市政府,臺南市文化資產管理處,臺南市中西區中正路5巷1號,06-2213597,"<a href=""http://nchdb.boch.gov.tw/assets/advanceSearch/historicalBuilding/20010716000004"" target=""_blank"">http://nchdb.boch.gov.tw/assets/advanceSearch/historicalBuilding/20010716000004</a>","[{'classification': '指定/登錄', 'officialDocNo': '南市文維字第222361號', 'registerDate': '2001-07-16 13:50:32.0'}]",其他設施,臺南市
686,20051006000001,原勝利國民學校禮堂,"{'code': 'A99', 'name': '其他設施', 'other': '學校'}",文化資產保存法（71年5月27日總統令公布）第二十七條之一、「歷史建築登錄及輔助辦法」暨本市第三屆古蹟暨歷史建築審查委員會第四次及臨時定期會會議決議。,120.219301418128,22.988977591984302,"{'itemNo': 1, 'cityName': '臺南市', 'distName': '東區', 'address': '勝利路10號'}",臺南市政府,臺南市文化資產管理處,臺南市中西區中正路5巷1號,06-2213597,"<a href=""http://nchdb.boch.gov.tw/assets/advanceSearch/historicalBuilding/20051006000001"" target=""_blank"">http://nchdb.boch.gov.tw/assets/advanceSearch/historicalBuilding/20051006000001</a>","[{'classification': '指定/登錄', 'officialDocNo': '南市文維字第09418518380號', 'registerDate': '2005-10-06 10:38:44.0'}]",其他設施,臺南市
687,20030710000001,原花園尋常小學校本館,"{'code': 'A99', 'name': '其他設施', 'other': '建築物類'}",文化資產保存法第二十七條之一、「歷史建築登錄及輔助辦法」暨本府91年度「臺南市古蹟暨歷史建築審查委員會」審查會議決議。,120.209141044826,23.0002531037354,"{'itemNo': 1, 'cityName': '臺南市', 'distName': '北區', 'address': '公園路180號'}",臺南市政府,臺南市文化資產管理處,臺南市中西區中正路5巷1號3樓,06-2213569,"<a href=""http://nchdb.boch.gov.tw/assets/advanceSearch/historicalBuilding/20030710000001"" target=""_blank"">http://nchdb.boch.gov.tw/assets/advanceSearch/historicalBuilding/20030710000001</a>","[{'classification': '指定/登錄', 'officialDocNo': '南市文維字第09218510100號', 'registerDate': '2003-07-10 10:45:17.0'}]",其他設施,臺南市
688,20070911000001,原日本陸軍臺南偕行社,"{'code': 'A22', 'name': '集會堂'}",文化資產保存法第17條、「歷史建築登錄廢止審查及輔助辦法」暨本市古蹟歷史建築聚落及文化景觀審議委員會第一屆第七次定期會會議決議。,120.212002180112,22.9999526141185,"{'itemNo': 1, 'cityName': '臺南市', 'distName': '北區', 'address': '公園南路21號'}",臺南市政府,臺南市文化資產管理處,臺南市中西區中正路5巷1號,06-2213597,"<a href=""http://nchdb.boch.gov.tw/assets/advanceSearch/historicalBuilding/20070911000001"" target=""_blank"">http://nchdb.boch.gov.tw/assets/advanceSearch/historicalBuilding/20070911000001</a>","[{'classification': '指定/登錄', 'officialDocNo': '南市文維字第09618520620、府文資處字第1071388380A號', 'registerDate': '2007-09-11 10:34:39.0'}, {'classification': '變更/修正', 'officialDocNo': '南市文資字第1120652947A號', 'registerDate': '2023-06-02 13:48:42.402'}]",集會堂,臺南市
689,20060705000003,原安平陳保正厝,"{'code': 'A3', 'name': '宅第'}",依據文化資產保存法第15條、歷史建築登錄廢止審查及輔助辦法暨本市第1屆古蹟歷史建築聚落及文化景觀審議委員會第3次定期會會議決議。,120.163446111478,23.0005641969171,"{'itemNo': 1, 'cityName': '臺南市', 'distName': '安平區', 'address': '臺南市安平區石門里延平街58號'}",臺南市立文化資產管理處,有形文化資產組,臺南市中西區 中正路5巷1號3樓,(06)2213597,"<a href=""http://nchdb.boch.gov.tw/assets/advanceSearch/historicalBuilding/20060705000003"" target=""_blank"">http://nchdb.boch.gov.tw/assets/advanceSearch/historicalBuilding/20060705000003</a>","[{'classification': '指定/登錄', 'officialDocNo': '南市文維字第09518513290號', 'registerDate': '2006-07-05 14:00:36.0'}]",宅第,臺南市
690,20051006000002,原日本鐘淵曹達株式會社臺南工場辦公廳舍,"{'code': 'A99', 'name': '其他設施', 'other': '建築物類'}",文化資產保存法（71年5月26日總統令公布）第二十七條之一、「歷史建築登錄及輔助辦法」暨本市第三屆古蹟暨歷史建築審查委員會第四次及定期會會議決議。,120.123381334568,23.0302490062045,"{'itemNo': 1, 'cityName': '臺南市', 'distName': '安南區', 'address': '北汕尾2路421號'}",臺南市政府,臺南市文化資產管理處,臺南市中西區中正路5巷1號3樓,06-2213569 ,"<a href=""http://nchdb.boch.gov.tw/assets/advanceSearch/historicalBuilding/20051006000002"" target=""_blank"">http://nchdb.boch.gov.tw/assets/advanceSearch/historicalBuilding/20051006000002</a>","[{'classification': '指定/登錄', 'officialDocNo': '南市文維字第09418518380號', 'registerDate': '2005-10-06 11:36:11.0'}]",其他設施,臺南市
691,20090527000002,永康三崁店糖廠防空洞群,"{'code': 'A99', 'name': '其他設施', 'other': '防空洞'}",文化資產保存法第 14 條、第15條，古蹟指定及廢止審查辦法第4條，歷史建築登錄廢止審查及輔助辦法第4條。,120.245015323984,23.0547755219245,"{'itemNo': 1, 'cityName': '臺南市', 'distName': '永康區', 'address': '仁愛街與三民街交界'}",臺南市政府,臺南市文化資產管理處,臺南市中西區中正路5巷1號3樓,06-2213569,"<a href=""http://nchdb.boch.gov.tw/assets/advanceSearch/historicalBuilding/20090527000002"" target=""_blank"">http://nchdb.boch.gov.tw/assets/advanceSearch/historicalBuilding/20090527000002</a>","[{'classification': '指定/登錄', 'officialDocNo': '府文資字第0980124997  號', 'registerDate': '2009-05-27 09:52:15.0'}]",其他設施,臺南市
692,20090818000001,原台南農校日式宿舍群,"{'code': 'A99', 'name': '其他設施', 'other': '宿舍'}",文化資產保存法第15條，歷史建築登錄廢止審查及補助方法第4條、第6條、第7條。,120.251354347021,23.02352708231,"{'itemNo': 1, 'cityName': '臺南市', 'distName': '永康區', 'address': '台南市永康區中山南路948號'}",臺南市政府,臺南市文化資產管理處,臺南市中西區中正路5巷1號,06-2213597,"<a href=""http://nchdb.boch.gov.tw/assets/advanceSearch/historicalBuilding/20090818000001"" target=""_blank"">http://nchdb.boch.gov.tw/assets/advanceSearch/historicalBuilding/20090818000001</a>","[{'classification': '指定/登錄', 'officialDocNo': '府文資字第0980195208A號', 'registerDate': '2009-08-18 14:44:54.0'}, {'classification': '變更/修正', 'officialDocNo': '南市文資字第1120652947A號', 'registerDate': '2023-06-02 00:00:00.0'}]",其他設施,臺南市
693,20090527000003,原永康飛行場無線羅針所,"{'code': 'A99', 'name': '其他設施', 'other': '軍事設備'}",<<歷史建築紀念建築登錄廢止審查及輔助辦法>>第2條第1項第3款,120.220110086843,23.0217237517444,"{'itemNo': 1, 'cityName': '臺南市', 'distName': '永康區', 'address': '永康區六甲頂南台街135巷8號旁'}",臺南市政府,臺南市文化資產管理處,臺南市中西區中正路5巷1號,06-2213597,"<a href=""http://nchdb.boch.gov.tw/assets/advanceSearch/historicalBuilding/20090527000003"" target=""_blank"">http://nchdb.boch.gov.tw/assets/advanceSearch/historicalBuilding/20090527000003</a>","[{'classification': '指定/登錄', 'officialDocNo': '府文資字0980125113號', 'registerDate': '2009-05-27 14:36:01.0'}, {'classification': '變更/修正', 'officialDocNo': '南市文資字第1101036402A', 'registerDate': '2021-09-02 07:55:35.479'}]",其他設施,臺南市
694,20030527000001,歸仁潁川家廟,"{'code': 'A1', 'name': '祠堂'}","1.	文化資產保存法第27條之1第1項。
2.	行政院文化建設委員會函頒「歷史建築登錄及輔助辦法」
3.	本案業經92年1月3日臺南縣歷史建築登錄審查會議審議通過。",120.274927815173,22.9966940849782,"{'itemNo': 1, 'cityName': '臺南市', 'distName': '歸仁區', 'address': '大廟里大廟一街28 巷46 號'}",臺南市政府,臺南市文化資產管理處,臺南市中西區中正路5巷1號3樓,06-2213569,"<a href=""http://nchdb.boch.gov.tw/assets/advanceSearch/historicalBuilding/20030527000001"" target=""_blank"">http://nchdb.boch.gov.tw/assets/advanceSearch/historicalBuilding/20030527000001</a>","[{'classification': '指定/登錄', 'officialDocNo': '府文資字第0920086345號', 'registerDate': '2003-05-27 16:43:34.0'}]",祠堂,臺南市
695,20140626000001,新化神社遺構,"{'code': 'A2', 'name': '寺廟'}","法令依據：
1.文化資產保存法第15條第1項
2.歷史建築登錄廢止審查及輔助辦法第2條第1項第1、2、3、4款",120.336783,23.026783,"{'itemNo': 1, 'cityName': '臺南市', 'distName': '新化區', 'address': '臺南市新化區虎頭埤風景區內'}",臺南市政府,臺南市文化資產管理處,臺南市中西區中正路5巷1號,06-2213597,"<a href=""http://nchdb.boch.gov.tw/assets/advanceSearch/historicalBuilding/20140626000001"" target=""_blank"">http://nchdb.boch.gov.tw/assets/advanceSearch/historicalBuilding/20140626000001</a>","[{'classification': '指定/登錄', 'officialDocNo': '府文資處字第1030582183B號', 'registerDate': '2014-06-26 18:13:27.0'}, {'classification': '變更/修正', 'officialDocNo': '南市文資字第1120916164A號', 'registerDate': '2023-08-11 16:27:42.963'}]",寺廟,臺南市
696,20021118000001,原新化街役場,"{'code': 'A99', 'name': '其他設施', 'other': '建築物類'}","1.	文化資產保存法第27條之1第1項
2.	行政院文化建設委員會函頒「歷史建築登錄及補助辦法」。",120.307376607887,23.0382515893148,"{'itemNo': 1, 'cityName': '臺南市', 'distName': '新化區', 'address': '中正路500 號'}",臺南市政府,臺南市文化資產管理處,臺南市中西區中正路5巷1號3樓,06-2213569,"<a href=""http://nchdb.boch.gov.tw/assets/advanceSearch/historicalBuilding/20021118000001"" target=""_blank"">http://nchdb.boch.gov.tw/assets/advanceSearch/historicalBuilding/20021118000001</a>","[{'classification': '指定/登錄', 'officialDocNo': '府文資字第0910190059號', 'registerDate': '2002-11-18 10:07:02.0'}]",其他設施,臺南市
697,20040408000001,原新化尋常小學校「御真影奉安殿」,"{'code': 'A99', 'name': '其他設施', 'other': '奉安殿'}","一、文化資產保存法第二十七條之一第一項。
二、行政院文化建設委員會函頒「歷史建築登錄及輔助辦法」。
三、本案業經九十三年三月十五日第二次古蹟審查會議審議通過。",120.311201066211,23.0367735887679,"{'itemNo': 1, 'cityName': '臺南市', 'distName': '新化區', 'address': '信義路142-1號'}",臺南市政府,臺南市文化資產管理處,臺南市中西區中正路5巷1號3樓,06-2213569,"<a href=""http://nchdb.boch.gov.tw/assets/advanceSearch/historicalBuilding/20040408000001"" target=""_blank"">http://nchdb.boch.gov.tw/assets/advanceSearch/historicalBuilding/20040408000001</a>","[{'classification': '指定/登錄', 'officialDocNo': '府文資字第0930063388號', 'registerDate': '2004-04-08 17:11:17.0'}]",其他設施,臺南市
698,20080610000001,原新化郡公會堂,"{'code': 'A99', 'name': '其他設施', 'other': '公會堂'}",文化資產保存法第15條、歷史建築登錄廢止審查及輔助辦法第2、3、4條。,120.310446991786,23.0379543622543,"{'itemNo': 1, 'cityName': '臺南市', 'distName': '新化區', 'address': '新化區護國里6鄰中山路134號'}",臺南市政府,臺南市文化資產管理處,臺南市中西區中正路5巷1號,06-2213597,"<a href=""http://nchdb.boch.gov.tw/assets/advanceSearch/historicalBuilding/20080610000001"" target=""_blank"">http://nchdb.boch.gov.tw/assets/advanceSearch/historicalBuilding/20080610000001</a>","[{'classification': '指定/登錄', 'officialDocNo': '府文資字第0970127951號', 'registerDate': '2008-06-10 14:57:52.0'}]",其他設施,臺南市
699,20060605000001,新化武德殿,"{'code': 'A99', 'name': '其他設施', 'other': '武德殿'}",文資法第15條及歷史建築登錄廢止審查及輔助辦法,120.308821327263,23.0332626718158,"{'itemNo': 1, 'cityName': '臺南市', 'distName': '新化區', 'address': '新化區東榮里和平街53號'}",臺南市政府,臺南市文化資產管理處,臺南市中西區中正路5巷1號,06-2213597,"<a href=""http://nchdb.boch.gov.tw/assets/advanceSearch/historicalBuilding/20060605000001"" target=""_blank"">http://nchdb.boch.gov.tw/assets/advanceSearch/historicalBuilding/20060605000001</a>","[{'classification': '指定/登錄', 'officialDocNo': '府文資字第0950117115號', 'registerDate': '2006-06-05 12:35:13.0'}, {'classification': '變更/修正', 'officialDocNo': '府文資處字第1040889301B號', 'registerDate': '2015-09-29 17:35:14.915'}]",其他設施,臺南市
700,20130402000003,楠西龜丹石造土地公廟,"{'code': 'A2', 'name': '寺廟'}","文化資產保存法第15條第1項
歷史建築登錄廢止審查及輔助辦法第2條第1項第2、3、4款",120.49775379987756,23.133270090413145,"{'itemNo': 1, 'cityName': '臺南市', 'distName': '楠西區', 'address': '龜丹里龜丹40-5號'}",臺南市政府,臺南市文化資產管理處,臺南市中西區中正路5巷1號3樓,06-2213569 ,"<a href=""http://nchdb.boch.gov.tw/assets/advanceSearch/historicalBuilding/20130402000003"" target=""_blank"">http://nchdb.boch.gov.tw/assets/advanceSearch/historicalBuilding/20130402000003</a>","[{'classification': '指定/登錄', 'officialDocNo': '府文資處字第1020164967號', 'registerDate': '2013-04-02 15:34:10.0'}]",寺廟,臺南市
701,20090716000001,鹿陶洋江家宗祠,"{'code': 'A1', 'name': '祠堂'}",文化資產保存法第15條、第16條，歷史建築登錄廢止審查及輔助辦法第4條、聚落登錄廢止審查及輔助辦理第6條。,120.490144825125,23.1555175361831,"{'itemNo': 1, 'cityName': '臺南市', 'distName': '楠西區', 'address': '鹿陶洋'}",臺南市政府,臺南市文化資產管理處,臺南市中西區中正路5巷1號3樓,06-2213569 ,"<a href=""http://nchdb.boch.gov.tw/assets/advanceSearch/historicalBuilding/20090716000001"" target=""_blank"">http://nchdb.boch.gov.tw/assets/advanceSearch/historicalBuilding/20090716000001</a>","[{'classification': '指定/登錄', 'officialDocNo': '府文資字第0980169730號', 'registerDate': '2009-07-16 09:12:26.0'}]",祠堂,臺南市
702,20081110000002,曾文溪鐵道舊橋遺蹟,"{'code': 'A99', 'name': '其他設施', 'other': '歷史文化遺蹟'}","文化資產保存法第14條、第15條。
",120.321195293356,23.1715427168183,"{'itemNo': 1, 'cityName': '臺南市', 'distName': '善化區', 'address': '東勢寮段'}",臺南市政府,臺南市文化資產管理處,臺南市中西區中正路5巷1號3樓,(06)2213569,"<a href=""http://nchdb.boch.gov.tw/assets/advanceSearch/historicalBuilding/20081110000002"" target=""_blank"">http://nchdb.boch.gov.tw/assets/advanceSearch/historicalBuilding/20081110000002</a>","[{'classification': '指定/登錄', 'officialDocNo': '府文資字第0970256496號', 'registerDate': '2008-11-10 15:24:14.0'}]",其他設施,臺南市
702,20081110000002,曾文溪鐵道舊橋遺蹟,"{'code': 'A99', 'name': '其他設施', 'other': '歷史文化遺蹟'}","文化資產保存法第14條、第15條。
",120.321195293356,23.1715427168183,"{'itemNo': 2, 'cityName': '臺南市', 'distName': '官田區', 'address': '拔子林段'}",臺南市政府,臺南市文化資產管理處,臺南市中西區中正路5巷1號3樓,(06)2213569,"<a href=""http://nchdb.boch.gov.tw/assets/advanceSearch/historicalBuilding/20081110000002"" target=""_blank"">http://nchdb.boch.gov.tw/assets/advanceSearch/historicalBuilding/20081110000002</a>","[{'classification': '指定/登錄', 'officialDocNo': '府文資字第0970256496號', 'registerDate': '2008-11-10 15:24:14.0'}]",其他設施,臺南市
703,20091221000001,八田與一故居群,"{'code': 'A3', 'name': '宅第'}",文化資產保存法第15條，歷史建築登錄廢止審查及補助辦法第4條。,120.364687571005,23.2143238226036,"{'itemNo': 1, 'cityName': '臺南市', 'distName': '官田區', 'address': '台南市官田區嘉南65、66號'}",臺南市政府,臺南市文化資產管理處,臺南市中西區中正路5巷1號,06-2213597,"<a href=""http://nchdb.boch.gov.tw/assets/advanceSearch/historicalBuilding/20091221000001"" target=""_blank"">http://nchdb.boch.gov.tw/assets/advanceSearch/historicalBuilding/20091221000001</a>","[{'classification': '指定/登錄', 'officialDocNo': '府文資字第0980310624A號', 'registerDate': '2009-12-21 16:32:41.0'}]",宅第,臺南市
704,20040922000001,台鹽隆田儲運站,"{'code': 'A16', 'name': '產業'}",文化資產保存法,120.319065427707,23.1907051945849,"{'itemNo': 1, 'cityName': '臺南市', 'distName': '官田區', 'address': '隆田村新生街43、45、47號'}",臺南市政府,臺南市文化資產管理處,臺南市中西區中正路5巷1號,06-2213597,"<a href=""http://nchdb.boch.gov.tw/assets/advanceSearch/historicalBuilding/20040922000001"" target=""_blank"">http://nchdb.boch.gov.tw/assets/advanceSearch/historicalBuilding/20040922000001</a>","[{'classification': '指定/登錄', 'officialDocNo': '府文資字第0930180756號', 'registerDate': '2004-09-21 00:00:00.0'}]",產業,臺南市
705,20080409000002,麻豆林家四房厝,"{'code': 'A3', 'name': '宅第'}",文化資產保存法第14、15條，古蹟指定及廢止審查辦 法第 4 條歷史建築登錄廢止審查及輔助辦法第4條。,120.244955947562,23.1797109022685,"{'itemNo': 1, 'cityName': '臺南市', 'distName': '麻豆區', 'address': '和平路20號'}",臺南市政府,臺南市文化資產管理處,臺南市中西區中正路5巷1號3樓,06-2213569,"<a href=""http://nchdb.boch.gov.tw/assets/advanceSearch/historicalBuilding/20080409000002"" target=""_blank"">http://nchdb.boch.gov.tw/assets/advanceSearch/historicalBuilding/20080409000002</a>","[{'classification': '指定/登錄', 'officialDocNo': '府文資字第0970077999號', 'registerDate': '2008-04-09 16:55:24.0'}]",宅第,臺南市
706,20030527000002,佳里北極玄天宮,"{'code': 'A99', 'name': '其他設施', 'other': '古建築物類'}",文化資產保存法,120.179297482166,23.1539199017967,"{'itemNo': 1, 'cityName': '臺南市', 'distName': '佳里區', 'address': '鎮山里仁愛路300 號'}",臺南市政府,臺南市文化資產管理處,臺南市中西區中正路5巷1號, 06-2213597,"<a href=""http://nchdb.boch.gov.tw/assets/advanceSearch/historicalBuilding/20030527000002"" target=""_blank"">http://nchdb.boch.gov.tw/assets/advanceSearch/historicalBuilding/20030527000002</a>","[{'classification': '指定/登錄', 'officialDocNo': '府文資字第0920086345號', 'registerDate': '2003-05-27 10:08:51.0'}]",其他設施,臺南市
707,20090824000001,七股頂山鹽警槍樓,"{'code': 'A16', 'name': '產業'}",<<歷史建築紀念建築登錄廢止審查及輔助辦法>>第2條第1項第3款,120.116814987143,23.1782473841331,"{'itemNo': 1, 'cityName': '臺南市', 'distName': '七股區', 'address': '頂山里東南郊'}",臺南市政府,臺南市文化資產管理處,臺南市中西區中正路5巷1號3樓,06-2213569 ,"<a href=""http://nchdb.boch.gov.tw/assets/advanceSearch/historicalBuilding/20090824000001"" target=""_blank"">http://nchdb.boch.gov.tw/assets/advanceSearch/historicalBuilding/20090824000001</a>","[{'classification': '指定/登錄', 'officialDocNo': '府文資字第0980199845A號', 'registerDate': '2009-08-24 09:07:34.0'}, {'classification': '變更/修正', 'officialDocNo': '府文資處字第1071386545A號', 'registerDate': '2018-12-19 10:16:49.102'}]",產業,臺南市
708,20050318000001,台鹽七股機車庫,"{'code': 'A99', 'name': '其他設施', 'other': '其他歷史文化遺蹟'}","一、	文化資產保存法第27、27之1條
二、	內政部函頒「古蹟指定審查處理要點」及行政院文化建設委員會函頒「歷建築登錄及輔助辦法」
三、	本案業經94年1月24日古蹟暨歷史建築審查會議審議通過。
",120.105653059317,23.1520729135042,"{'itemNo': 1, 'cityName': '臺南市', 'distName': '七股區', 'address': '下山子寮段166地號'}",臺南市政府,臺南市文化資產管理處,臺南市中西區中正路5巷1號,06-2213597,"<a href=""http://nchdb.boch.gov.tw/assets/advanceSearch/historicalBuilding/20050318000001"" target=""_blank"">http://nchdb.boch.gov.tw/assets/advanceSearch/historicalBuilding/20050318000001</a>","[{'classification': '指定/登錄', 'officialDocNo': '府文資字第0940057308號', 'registerDate': '2005-03-18 14:19:45.0'}]",其他設施,臺南市
709,20090824000003,七股鹽場減資建物群,"{'code': 'A99', 'name': '其他設施', 'other': '其他'}",文化資產保存法第15條,120.092588212247,23.1782619559218,"{'itemNo': 1, 'cityName': '臺南市', 'distName': '將軍區', 'address': '鯤鯓里253-286號'}",臺南市政府,臺南市文化資產管理處,臺南市中西區中正路5巷1號3樓,06-2213569 ,"<a href=""http://nchdb.boch.gov.tw/assets/advanceSearch/historicalBuilding/20090824000003"" target=""_blank"">http://nchdb.boch.gov.tw/assets/advanceSearch/historicalBuilding/20090824000003</a>","[{'classification': '指定/登錄', 'officialDocNo': '府文資字第0980199845A號', 'registerDate': '2009-08-24 14:20:53.0'}]",其他設施,臺南市
709,20090824000003,七股鹽場減資建物群,"{'code': 'A99', 'name': '其他設施', 'other': '其他'}",文化資產保存法第15條,120.092588212247,23.1782619559218,"{'itemNo': 2, 'cityName': '臺南市', 'distName': '七股區', 'address': '頂山里25-30號'}",臺南市政府,臺南市文化資產管理處,臺南市中西區中正路5巷1號3樓,06-2213569 ,"<a href=""http://nchdb.boch.gov.tw/assets/advanceSearch/historicalBuilding/20090824000003"" target=""_blank"">http://nchdb.boch.gov.tw/assets/advanceSearch/historicalBuilding/20090824000003</a>","[{'classification': '指定/登錄', 'officialDocNo': '府文資字第0980199845A號', 'registerDate': '2009-08-24 14:20:53.0'}]",其他設施,臺南市
710,20100730000001,台南漚汪原遂園,"{'code': 'A3', 'name': '宅第'}",文化資產保存法第14、15條、，古蹟指定及廢止審查辦 法第 4 條歷史建築登錄廢止審查及輔助辦法第4條。,120.101183,23.205494,"{'itemNo': 1, 'cityName': '臺南市', 'distName': '將軍區', 'address': '西華里1號'}",臺南市政府,臺南市文化資產管理處,臺南市中西區中正路5巷1號3樓,06-2213569,"<a href=""http://nchdb.boch.gov.tw/assets/advanceSearch/historicalBuilding/20100730000001"" target=""_blank"">http://nchdb.boch.gov.tw/assets/advanceSearch/historicalBuilding/20100730000001</a>","[{'classification': '指定/登錄', 'officialDocNo': '府文資字第0990189676A號', 'registerDate': '2010-07-30 15:34:19.0'}]",宅第,臺南市
711,20090824000004,北門鹽場建物群及週邊古鹽田,"{'code': 'A99', 'name': '其他設施', 'other': '建物群及鹽田'}",文化資產保存法第15條,120.124389980535,23.2688396721949,"{'itemNo': 1, 'cityName': '臺南市', 'distName': '北門區', 'address': '北門區舊埕里105號；北門區北門里20鄰舊埕100、102、104、105、106、106之1號；北門區北門里21鄰舊埕(位於雲嘉南風管處旁)'}",臺南市政府,臺南市文化資產管理處,臺南市中西區中正路5巷1號,06-2213597,"<a href=""http://nchdb.boch.gov.tw/assets/advanceSearch/historicalBuilding/20090824000004"" target=""_blank"">http://nchdb.boch.gov.tw/assets/advanceSearch/historicalBuilding/20090824000004</a>","[{'classification': '指定/登錄', 'officialDocNo': '府文資字第0980199845A號', 'registerDate': '2009-08-24 00:00:00.0'}]",其他設施,臺南市
712,20090824000005,北門井仔腳瓦盤鹽田,"{'code': 'A99', 'name': '其他設施', 'other': '其他'}",文化資產保存法第15條,120.107804,23.259441,"{'itemNo': 1, 'cityName': '臺南市', 'distName': '北門區', 'address': '永華里西南郊'}",臺南市政府,臺南市文化資產管理處,臺南市中西區中正路5巷1號3樓,06-2213569,"<a href=""http://nchdb.boch.gov.tw/assets/advanceSearch/historicalBuilding/20090824000005"" target=""_blank"">http://nchdb.boch.gov.tw/assets/advanceSearch/historicalBuilding/20090824000005</a>","[{'classification': '指定/登錄', 'officialDocNo': '府文資字第0980199845A號', 'registerDate': '2009-08-24 17:51:04.0'}]",其他設施,臺南市
713,20100528000001,新營縣府日式木造官舍,"{'code': 'A3', 'name': '宅第'}",文化資產保存法第15條，歷史建築登錄廢止審查及補助辦法第4條。,120.322405,23.310295,"{'itemNo': 1, 'cityName': '臺南市', 'distName': '新營區', 'address': '大同路39號'}",臺南市政府,臺南市文化資產管理處,臺南市中西區中正路5巷1號,06-2213597,"<a href=""http://nchdb.boch.gov.tw/assets/advanceSearch/historicalBuilding/20100528000001"" target=""_blank"">http://nchdb.boch.gov.tw/assets/advanceSearch/historicalBuilding/20100528000001</a>","[{'classification': '指定/登錄', 'officialDocNo': '府文資字第0990130592A號', 'registerDate': '2010-05-28 10:44:24.0'}]",宅第,臺南市
714,20100125000002,台糖新營糖廠宿舍群,"{'code': 'A99', 'name': '其他設施', 'other': '宿舍'}",文化資產保存法第15條。,120.315307257511,23.2979605248672,"{'itemNo': 1, 'cityName': '臺南市', 'distName': '新營區', 'address': '台南市新營區中興路66巷4號；台南市新營區中興路31巷4號'}",臺南市政府,臺南市文化資產管理處,臺南市中西區中正路5巷1號,06-2213597,"<a href=""http://nchdb.boch.gov.tw/assets/advanceSearch/historicalBuilding/20100125000002"" target=""_blank"">http://nchdb.boch.gov.tw/assets/advanceSearch/historicalBuilding/20100125000002</a>","[{'classification': '指定/登錄', 'officialDocNo': '府文資字第0990021269A號', 'registerDate': '2010-01-25 14:04:07.0'}]",其他設施,臺南市
715,20030527000003,菁寮國小木造禮堂、辦公室暨日治時期升旗臺,"{'code': 'A99', 'name': '其他設施', 'other': '學校'}",文化資產保存法,120.33963,23.37894,"{'itemNo': 1, 'cityName': '臺南市', 'distName': '後壁區', 'address': '墨林村282 號'}",臺南市政府,臺南市文化資產管理處,臺南市中西區中正路5巷1號,06-2213597,"<a href=""http://nchdb.boch.gov.tw/assets/advanceSearch/historicalBuilding/20030527000003"" target=""_blank"">http://nchdb.boch.gov.tw/assets/advanceSearch/historicalBuilding/20030527000003</a>","[{'classification': '指定/登錄', 'officialDocNo': '府文資字第0920086345號', 'registerDate': '2003-05-27 10:10:06.0'}]",其他設施,臺南市
716,20050318000002,後壁車站,"{'code': 'A99', 'name': '其他設施', 'other': '古建築物類'}",文化資產保存法第27、27之1條,120.360529119465,23.366246390209,"{'itemNo': 1, 'cityName': '臺南市', 'distName': '後壁區', 'address': '後壁里77號'}",臺南市政府,臺南市文化資產管理處,臺南市中西區中正路5巷1號,06-2213597,"<a href=""http://nchdb.boch.gov.tw/assets/advanceSearch/historicalBuilding/20050318000002"" target=""_blank"">http://nchdb.boch.gov.tw/assets/advanceSearch/historicalBuilding/20050318000002</a>","[{'classification': '指定/登錄', 'officialDocNo': '府文資字第0940057308號', 'registerDate': '2005-03-18 15:30:09.0'}]",其他設施,臺南市
717,20040922000002,後壁安溪國小原辦公廳及禮堂,"{'code': 'A99', 'name': '其他設施', 'other': '古建築物類'}","一、文化資產保存法
二、本案業經本府九十三年九月二十日以甫文資字第0930180756號函辦理歷史建築公告。
三、依據本府地政局九十三年十月一日地用字第0930009799號函辦理更正。",120.360384264089,23.3329253290723,"{'itemNo': 1, 'cityName': '臺南市', 'distName': '後壁區', 'address': '長安村五號'}",臺南市政府,臺南市文化資產管理處,臺南市中西區中正路5巷1號,06-2213597,"<a href=""http://nchdb.boch.gov.tw/assets/advanceSearch/historicalBuilding/20040922000002"" target=""_blank"">http://nchdb.boch.gov.tw/assets/advanceSearch/historicalBuilding/20040922000002</a>","[{'classification': '指定/登錄', 'officialDocNo': '府文資字第0930180756號', 'registerDate': '2004-09-22 15:39:09.0'}]",其他設施,臺南市
718,20100125000003,後菁寮義昌碾米廠,"{'code': 'A16', 'name': '產業'}",文化資產保存法第15條。,120.336625145543,23.3801249476968,"{'itemNo': 1, 'cityName': '臺南市', 'distName': '後壁區', 'address': '台南市後壁區墨林里243號'}",臺南市政府,臺南市文化資產管理處,臺南市中西區中正路5巷1號,06-2213597,"<a href=""http://nchdb.boch.gov.tw/assets/advanceSearch/historicalBuilding/20100125000003"" target=""_blank"">http://nchdb.boch.gov.tw/assets/advanceSearch/historicalBuilding/20100125000003</a>","[{'classification': '指定/登錄', 'officialDocNo': '府文資字第0990021269A號', 'registerDate': '2010-01-25 11:19:37.0'}]",產業,臺南市
719,20080610000002,後壁新東國小木造辦公室及校長宿舍,"{'code': 'A99', 'name': '其他設施', 'other': '校舍'}",文化資產保存法第15條、歷史建築登錄廢止審查及輔助辦法第2、3、4條。,120.316461011693,23.3443861099082,"{'itemNo': 1, 'cityName': '臺南市', 'distName': '後壁區', 'address': '後壁區仕安里81號'}",臺南市政府,臺南市文化資產管理處,臺南市中西區中正路5巷1號,06-2213597,"<a href=""http://nchdb.boch.gov.tw/assets/advanceSearch/historicalBuilding/20080610000002"" target=""_blank"">http://nchdb.boch.gov.tw/assets/advanceSearch/historicalBuilding/20080610000002</a>","[{'classification': '指定/登錄', 'officialDocNo': '府文資字第0970127951號', 'registerDate': '2008-06-10 16:46:29.0'}]",其他設施,臺南市
720,20030122000001,白河沈氏宗祠,"{'code': 'A99', 'name': '其他設施', 'other': '建築物類'}","文化資產保存法第27條之1第1項
行政院文化建設委員會函頒「歷史建築登錄及輔助辦法」 本案業經91年8月28日臺南縣古蹟審查會議審議通過；本府91年10月30日府文資字第0910161425號函知在案。",120.432780263444,23.3640564883641,"{'itemNo': 1, 'cityName': '臺南市', 'distName': '白河區', 'address': '昇安里三間厝81號'}",臺南市政府,臺南市文化資產管理處,臺南市中西區中正路5巷1號3樓,06-2213569,"<a href=""http://nchdb.boch.gov.tw/assets/advanceSearch/historicalBuilding/20030122000001"" target=""_blank"">http://nchdb.boch.gov.tw/assets/advanceSearch/historicalBuilding/20030122000001</a>","[{'classification': '指定/登錄', 'officialDocNo': '府文資字第0920013840-1號', 'registerDate': '2003-01-22 10:07:52.0'}]",其他設施,臺南市
721,20050905000001,東山鄉農會日式碾米廠,"{'code': 'A16', 'name': '產業'}",文化資產保存法第27之1條,120.402849938322,23.3218320088761,"{'itemNo': 1, 'cityName': '臺南市', 'distName': '東山區', 'address': '東中村中興路1號'}",臺南市政府,臺南市文化資產管理處,臺南市中西區中正路5巷1號,06-2213597,"<a href=""http://nchdb.boch.gov.tw/assets/advanceSearch/historicalBuilding/20050905000001"" target=""_blank"">http://nchdb.boch.gov.tw/assets/advanceSearch/historicalBuilding/20050905000001</a>","[{'classification': '指定/登錄', 'officialDocNo': '府文資字第0940191832號', 'registerDate': '2005-09-05 15:13:56.0'}]",產業,臺南市
722,20090818000002,東山牛肉崎警察官吏派出所,"{'code': 'A6', 'name': '衙署'}",文化資產保存法第15條,120.415216796733,23.279523503801,"{'itemNo': 1, 'cityName': '臺南市', 'distName': '東山區', 'address': '東山區水雲里12號'}",臺南市政府,臺南市文化資產管理處,臺南市中西區中正路5巷1號,06-2213597,"<a href=""http://nchdb.boch.gov.tw/assets/advanceSearch/historicalBuilding/20090818000002"" target=""_blank"">http://nchdb.boch.gov.tw/assets/advanceSearch/historicalBuilding/20090818000002</a>","[{'classification': '指定/登錄', 'officialDocNo': '府文資字第0980195208A號', 'registerDate': '2009-08-18 16:44:36.0'}]",衙署,臺南市
723,20050318000003,林鳳營車站,"{'code': 'A7', 'name': '車站'}",文化資產保存法,120.320966067377,23.2426124493943,"{'itemNo': 1, 'cityName': '臺南市', 'distName': '六甲區', 'address': '林鳳營16號'}",臺南市文化資產管理處,有形資產組,臺南市中西區 中正路5巷1號3樓,(06)2213569,"<a href=""http://nchdb.boch.gov.tw/assets/advanceSearch/historicalBuilding/20050318000003"" target=""_blank"">http://nchdb.boch.gov.tw/assets/advanceSearch/historicalBuilding/20050318000003</a>","[{'classification': '指定/登錄', 'officialDocNo': '府文資字第0940057308號函', 'registerDate': '2005-03-18 11:15:36.0'}]",車站,臺南市
724,20090511000003,陳永華墓原址及墓碑,"{'code': 'A9', 'name': '碑碣'}",文化資產保存法第14條、第15條，古蹟指定及廢止審查辦法第4條，歷史建築登錄廢止審查及補助辦法第4條、第6條、第7條。,120.371079110426,23.2474186278858,"{'itemNo': 1, 'cityName': '臺南市', 'distName': '柳營區', 'address': '果毅後'}",臺南市政府,臺南市文化資產管理處,臺南市中西區中正路5巷1號3樓,06-2213569,"<a href=""http://nchdb.boch.gov.tw/assets/advanceSearch/historicalBuilding/20090511000003"" target=""_blank"">http://nchdb.boch.gov.tw/assets/advanceSearch/historicalBuilding/20090511000003</a>","[{'classification': '指定/登錄', 'officialDocNo': '府文資字第0980110108號', 'registerDate': '2009-05-11 14:07:55.0'}]",碑碣,臺南市
725,20050318000004,柳營吳晉淮故居,"{'code': 'A3', 'name': '宅第'}","1. <<歷史建築登錄廢止審查及輔助辦法>>第2條第1項第1、3款
2. 文化資產保存法第27、27之1條。",120.301771418664,23.287038151722,"{'itemNo': 1, 'cityName': '臺南市', 'distName': '柳營區', 'address': '柳營火燒店界和路158號'}",臺南市政府,臺南市文化資產管理處,臺南市中西區中正路5巷1號,06-2213597,"<a href=""http://nchdb.boch.gov.tw/assets/advanceSearch/historicalBuilding/20050318000004"" target=""_blank"">http://nchdb.boch.gov.tw/assets/advanceSearch/historicalBuilding/20050318000004</a>","[{'classification': '指定/登錄', 'officialDocNo': '府文資字第0940057308號', 'registerDate': '2005-03-18 16:54:06.0'}]",宅第,臺南市
726,20050318000005,鹽水國小神社,"{'code': 'A99', 'name': '其他設施', 'other': '其他歷史文化遺跡'}",文化資產保存法第27、27之1條。,120.271551404138,23.3232016366424,"{'itemNo': 1, 'cityName': '臺南市', 'distName': '鹽水區', 'address': '朝琴路137號鹽水國小內'}",臺南市政府,臺南市文化資產管理處,臺南市中西區中正路5巷1號,06-2213597,"<a href=""http://nchdb.boch.gov.tw/assets/advanceSearch/historicalBuilding/20050318000005"" target=""_blank"">http://nchdb.boch.gov.tw/assets/advanceSearch/historicalBuilding/20050318000005</a>","[{'classification': '指定/登錄', 'officialDocNo': '府文資字第0940057308號', 'registerDate': '2005-03-18 10:23:03.0'}]",其他設施,臺南市
727,20040922000003,鹽水歡雅國小原大禮堂及時鐘座,"{'code': 'A99', 'name': '其他設施', 'other': '學校'}",文化資產保存法,120.24359419428,23.2929869833551,"{'itemNo': 1, 'cityName': '臺南市', 'distName': '鹽水區', 'address': '台南市鹽水區歡雅里31號'}",臺南市政府,臺南市文化資產管理處,臺南市中西區中正路5巷1號,06-2213597,"<a href=""http://nchdb.boch.gov.tw/assets/advanceSearch/historicalBuilding/20040922000003"" target=""_blank"">http://nchdb.boch.gov.tw/assets/advanceSearch/historicalBuilding/20040922000003</a>","[{'classification': '指定/登錄', 'officialDocNo': '府文資字第0930180756號', 'registerDate': '2004-09-22 10:13:20.0'}]",其他設施,臺南市
728,20090511000004,鹽水竹埔國小時鐘座,"{'code': 'A99', 'name': '其他設施', 'other': '時鐘座'}",文化資產保存法第15條,120.246360251703,23.2671186051659,"{'itemNo': 1, 'cityName': '臺南市', 'distName': '鹽水區', 'address': '竹埔里92之1號'}",臺南市政府,臺南市文化資產管理處,臺南市中西區中正路5巷1號3樓,06-2213569 ,"<a href=""http://nchdb.boch.gov.tw/assets/advanceSearch/historicalBuilding/20090511000004"" target=""_blank"">http://nchdb.boch.gov.tw/assets/advanceSearch/historicalBuilding/20090511000004</a>","[{'classification': '指定/登錄', 'officialDocNo': '府文資字第098011010 號', 'registerDate': '2009-05-11 11:18:25.0'}]",其他設施,臺南市
729,20100730000002,善化茄拔天后宮古井,"{'code': 'A99', 'name': '其他設施', 'other': '古井'}",文化資產保存法第15條,120.32691264298435,23.135307817843497,"{'itemNo': 1, 'cityName': '臺南市', 'distName': '善化區', 'address': '台南市善化區嘉南里茄拔80號'}",臺南市立文化資產管理處,有形文化資產組,臺南市中西區 中正路5巷1號3樓,06-2213569,"<a href=""http://nchdb.boch.gov.tw/assets/advanceSearch/historicalBuilding/20100730000002"" target=""_blank"">http://nchdb.boch.gov.tw/assets/advanceSearch/historicalBuilding/20100730000002</a>","[{'classification': '指定/登錄', 'officialDocNo': '府文資字第0990189676A', 'registerDate': '2010-07-30 15:35:48.0'}]",其他設施,臺南市
730,20040409000004,柯旗化故居,"{'code': 'A3', 'name': '宅第'}",<<歷史建築登錄廢止審查及輔助辦法>>第2條第1項第1款,120.299900609942,22.6360396069492,"{'itemNo': 1, 'cityName': '高雄市', 'distName': '新興區', 'address': '高雄市新興區八德二路37號'}",高雄市政府文化局,文化資產中心,高雄市苓雅區 五福一路67號,(07)222-5136分機8322,"<a href=""http://nchdb.boch.gov.tw/assets/advanceSearch/historicalBuilding/20040409000004"" target=""_blank"">http://nchdb.boch.gov.tw/assets/advanceSearch/historicalBuilding/20040409000004</a>","[{'classification': '指定/登錄', 'officialDocNo': '高市府文二字第0960027987號', 'registerDate': '2007-05-30 00:00:00.0'}]",宅第,高雄市
731,20040409000005,美麗島雜誌社高雄服務處原址,"{'code': 'A99', 'name': '其他設施', 'other': '會址'}",<<歷史建築登錄廢止審查及輔助辦法>>第2條第1項第1款,120.301460663551,22.6292709775786,"{'itemNo': 1, 'cityName': '高雄市', 'distName': '新興區', 'address': '中山一路53號'}",高雄市政府文化局,文化資產中心,高雄市苓雅區 五福一路67號,(07)222-5136分機8322,"<a href=""http://nchdb.boch.gov.tw/assets/advanceSearch/historicalBuilding/20040409000005"" target=""_blank"">http://nchdb.boch.gov.tw/assets/advanceSearch/historicalBuilding/20040409000005</a>","[{'classification': '指定/登錄', 'officialDocNo': '高市府文二字第0960027987號', 'registerDate': '2007-05-30 00:00:00.0'}]",其他設施,高雄市
732,20100126000001,逍遙園,"{'code': 'A3', 'name': '宅第'}",<<歷史建築登錄廢止審查及輔助辦法>>第2條第1項第1、3款,120.30912247328638,22.63176985309557,"{'itemNo': 1, 'cityName': '高雄市', 'distName': '新興區', 'address': '高雄市新興區六合一路55巷內'}",高雄市政府文化局,文化資產中心,高雄市苓雅區 五福一路67號,(07)222-5136分機8321,"<a href=""http://nchdb.boch.gov.tw/assets/advanceSearch/historicalBuilding/20100126000001"" target=""_blank"">http://nchdb.boch.gov.tw/assets/advanceSearch/historicalBuilding/20100126000001</a>","[{'classification': '指定/登錄', 'officialDocNo': '高市府文資字第10930502701號', 'registerDate': '2020-03-16 00:00:00.0'}]",宅第,高雄市
733,20030226000001,陳中和紀念館,"{'code': 'A3', 'name': '宅第'}",<<歷史建築登錄廢止審查及輔助辦法>>第2條第1項第1款,120.295571617475,22.6133892523594,"{'itemNo': 1, 'cityName': '高雄市', 'distName': '苓雅區', 'address': '苓東路14 號'}",高雄市政府文化局,文化資產中心,高雄市苓雅區 五福一路67號,(07)222-5136分機8322,"<a href=""http://nchdb.boch.gov.tw/assets/advanceSearch/historicalBuilding/20030226000001"" target=""_blank"">http://nchdb.boch.gov.tw/assets/advanceSearch/historicalBuilding/20030226000001</a>","[{'classification': '指定/登錄', 'officialDocNo': '高市府文二字第0960027987號', 'registerDate': '2007-05-30 00:00:00.0'}]",宅第,高雄市
734,20030226000002,玫瑰聖母堂,"{'code': 'A10', 'name': '教堂'}",<<歷史建築登錄廢止審查及輔助辦法>>第2條第1項第1款,120.291608892131,22.6202664067821,"{'itemNo': 1, 'cityName': '高雄市', 'distName': '苓雅區', 'address': '五福三 路151 號'}",高雄市政府文化局,文化資產中心,高雄市苓雅區 五福一路67號,(07)222-5136分機8322,"<a href=""http://nchdb.boch.gov.tw/assets/advanceSearch/historicalBuilding/20030226000002"" target=""_blank"">http://nchdb.boch.gov.tw/assets/advanceSearch/historicalBuilding/20030226000002</a>","[{'classification': '指定/登錄', 'officialDocNo': '高市府文二字第0960027987號', 'registerDate': '2007-05-30 00:00:00.0'}]",教堂,高雄市
735,20071221000001,高雄市忠烈祠及原高雄神社遺跡,"{'code': 'A1', 'name': '祠堂'}",<<歷史建築登錄廢止審查及輔助辦法>>第2條第1項第1、3款,120.273743,22.626584,"{'itemNo': 1, 'cityName': '高雄市', 'distName': '鼓山區', 'address': '高雄巿鼓山區忠義路30、32號'}",高雄市政府文化局,文化資產中心,高雄市苓雅區五福一路67號,(07)222-5136分機8323,"<a href=""http://nchdb.boch.gov.tw/assets/advanceSearch/historicalBuilding/20071221000001"" target=""_blank"">http://nchdb.boch.gov.tw/assets/advanceSearch/historicalBuilding/20071221000001</a>","[{'classification': '指定/登錄', 'officialDocNo': '高市府文二字0960066920號', 'registerDate': '2007-12-21 09:31:14.0'}]",祠堂,高雄市
736,20100729000001,舊打狗驛,"{'code': 'A7', 'name': '車站'}",<<歷史建築登錄廢止審查及輔助辦法>>第2條第1項第1款,120.275441531973,22.6217418233817,"{'itemNo': 1, 'cityName': '高雄市', 'distName': '鼓山區', 'address': '鼓山一 路32 號'}",高雄市政府文化局,文化資產中心,高雄市苓雅區五福一路67號,(07)222-5136分機8956,"<a href=""http://nchdb.boch.gov.tw/assets/advanceSearch/historicalBuilding/20100729000001"" target=""_blank"">http://nchdb.boch.gov.tw/assets/advanceSearch/historicalBuilding/20100729000001</a>","[{'classification': '指定/登錄', 'officialDocNo': '高市府文二字第0990044677 號', 'registerDate': '2010-07-29 12:01:15.0'}]",車站,高雄市
737,20030226000004,舊三和銀行,"{'code': 'A99', 'name': '其他設施', 'other': '行庫'}",<<歷史建築登錄廢止審查及輔助辦法>>第2條第1項第1款,120.274505487884,22.6221066424671,"{'itemNo': 1, 'cityName': '高雄市', 'distName': '鼓山區', 'address': '臨海三路7 號'}",高雄市政府文化局,文化資產中心,高雄市苓雅區五福一路67號,(07)222-5136分機8956,"<a href=""http://nchdb.boch.gov.tw/assets/advanceSearch/historicalBuilding/20030226000004"" target=""_blank"">http://nchdb.boch.gov.tw/assets/advanceSearch/historicalBuilding/20030226000004</a>","[{'classification': '指定/登錄', 'officialDocNo': '高市府文二字第0960027987號', 'registerDate': '2007-05-30 00:00:00.0'}]",其他設施,高雄市
738,20031201000001,棧二庫、棧二之一庫,"{'code': 'A99', 'name': '其他設施', 'other': '棧埠'}",<<歷史建築登錄廢止審查及輔助辦法>>第2條第1項第1款,120.277196732408,22.6189162653054,"{'itemNo': 1, 'cityName': '高雄市', 'distName': '鼓山區', 'address': '蓬萊路17號(七賢三路底)'}",高雄市政府文化局,文化資產中心,高雄市苓雅區五福一路67號,(07)222-5136分機8323,"<a href=""http://nchdb.boch.gov.tw/assets/advanceSearch/historicalBuilding/20031201000001"" target=""_blank"">http://nchdb.boch.gov.tw/assets/advanceSearch/historicalBuilding/20031201000001</a>","[{'classification': '指定/登錄', 'officialDocNo': '高市府文二字第0920065768 號', 'registerDate': '2003-12-01 09:42:23.0'}]",其他設施,高雄市
739,20031201000002,香蕉棚,"{'code': 'A99', 'name': '其他設施', 'other': '棧埠'}",文化資產保存法,120.278298411934,22.6182854125154,"{'itemNo': 1, 'cityName': '高雄市', 'distName': '鼓山區', 'address': '蓬萊路23號'}",高雄市政府文化局,文化資產中心,高雄市苓雅區五福一路67號,(07)222-5136分機8323,"<a href=""http://nchdb.boch.gov.tw/assets/advanceSearch/historicalBuilding/20031201000002"" target=""_blank"">http://nchdb.boch.gov.tw/assets/advanceSearch/historicalBuilding/20031201000002</a>","[{'classification': '指定/登錄', 'officialDocNo': '高市府文二字第0920065768 號', 'registerDate': '2003-12-01 09:42:03.0'}]",其他設施,高雄市
740,20060811000002,葉宗禮墓,"{'code': 'A12', 'name': '墓葬'}",<<歷史建築登錄廢止審查及輔助辦法>>第2條第1項第1款,120.28492345109339,22.590592234283733,"{'itemNo': 1, 'cityName': '高雄市', 'distName': '旗津區', 'address': '旗津公墓(旗津二路與中洲二路間，靠近清靜寺、慈惠堂)'}",高雄市政府文化局,文化資產中心,高雄市苓雅區 五福一路67號,(07)222-5136分機8322,"<a href=""http://nchdb.boch.gov.tw/assets/advanceSearch/historicalBuilding/20060811000002"" target=""_blank"">http://nchdb.boch.gov.tw/assets/advanceSearch/historicalBuilding/20060811000002</a>","[{'classification': '指定/登錄', 'officialDocNo': '高市府文二字第0950041395號', 'registerDate': '2006-08-11 09:32:31.0'}]",墓葬,高雄市
741,20030226000005,高雄火車站,"{'code': 'A7', 'name': '車站'}",<<歷史建築登錄廢止審查及輔助辦法>>第2條第1項第1款,120.303113932194,22.638273974148,"{'itemNo': 1, 'cityName': '高雄市', 'distName': '三民區', 'address': '建國二路318 號'}",高雄市政府文化局,文化資產中心,高雄市苓雅區 五福一路67號,(07)222-5136分機8324,"<a href=""http://nchdb.boch.gov.tw/assets/advanceSearch/historicalBuilding/20030226000005"" target=""_blank"">http://nchdb.boch.gov.tw/assets/advanceSearch/historicalBuilding/20030226000005</a>","[{'classification': '指定/登錄', 'officialDocNo': '高市府文二字第0920010663 號', 'registerDate': '2003-02-26 09:57:48.0'}]",車站,高雄市
742,20040225000001,台灣煉瓦會社打狗工場﹝中都唐榮磚窯廠﹞--東北角倒焰窯,"{'code': 'A16', 'name': '產業'}",<<歷史建築登錄廢止審查及輔助辦法>>第2條第1項第1款,120.285749458353,22.6423062819569,"{'itemNo': 1, 'cityName': '高雄市', 'distName': '三民區', 'address': '中華橫路220號'}",高雄市政府文化局,文化資產中心,高雄市苓雅區 五福一路67號,(07)222-5136分機8321,"<a href=""http://nchdb.boch.gov.tw/assets/advanceSearch/historicalBuilding/20040225000001"" target=""_blank"">http://nchdb.boch.gov.tw/assets/advanceSearch/historicalBuilding/20040225000001</a>","[{'classification': '指定/登錄', 'officialDocNo': '高市府文二字第0980011629號', 'registerDate': '2009-02-26 00:00:00.0'}]",產業,高雄市
743,20030226000006,高雄中學紅樓,"{'code': 'A24', 'name': '學校'}",<<歷史建築登錄廢止審查及輔助辦法>>第2條第1項第2、3款,120.297982558018,22.6384096551484,"{'itemNo': 1, 'cityName': '高雄市', 'distName': '三民區', 'address': '建國三路50 號'}",高雄市政府文化局,文化資產中心,高雄市苓雅區 五福一路67號,(07)2225136#8425,"<a href=""http://nchdb.boch.gov.tw/assets/advanceSearch/historicalBuilding/20030226000006"" target=""_blank"">http://nchdb.boch.gov.tw/assets/advanceSearch/historicalBuilding/20030226000006</a>","[{'classification': '指定/登錄', 'officialDocNo': '高市府文二字第0920010663 號', 'registerDate': '2003-02-26 09:45:09.0'}, {'classification': '變更/修正', 'officialDocNo': '高市府文資字第11331356001號', 'registerDate': '2024-09-18 16:50:03.305'}]",學校,高雄市
744,20030815000001,舊城國小後曾家古建物,"{'code': 'A3', 'name': '宅第'}",<<歷史建築登錄廢止審查及輔助辦法>>第2條第1項第1款,120.292120312334,22.6837887994813,"{'itemNo': 1, 'cityName': '高雄市', 'distName': '左營區', 'address': '左營下路1 巷22 弄1、3、5 號，30 弄1、3、5、7、9、11 號'}",高雄市政府文化局,文化資產中心,高雄市苓雅區 五福一路67號,(07)222-5136分機8326,"<a href=""http://nchdb.boch.gov.tw/assets/advanceSearch/historicalBuilding/20030815000001"" target=""_blank"">http://nchdb.boch.gov.tw/assets/advanceSearch/historicalBuilding/20030815000001</a>","[{'classification': '指定/登錄', 'officialDocNo': '高市府文二字第0960027987 號', 'registerDate': '2007-05-30 00:00:00.0'}]",宅第,高雄市
745,20040302000001,岡山水塔,"{'code': 'A16', 'name': '產業'}",<<歷史建築登錄廢止審查及輔助辦法>>第2條第1項第1、3款,120.295569085225,22.7975616492925,"{'itemNo': 1, 'cityName': '高雄市', 'distName': '岡山區', 'address': '岡山路450號'}",高雄市政府文化局,文化資產中心,高雄市苓雅區 五福一路67號,(07)222-5136分機8327,"<a href=""http://nchdb.boch.gov.tw/assets/advanceSearch/historicalBuilding/20040302000001"" target=""_blank"">http://nchdb.boch.gov.tw/assets/advanceSearch/historicalBuilding/20040302000001</a>","[{'classification': '指定/登錄', 'officialDocNo': '府文資字第0930017747E號', 'registerDate': '2004-03-02 09:40:01.0'}]",產業,高雄市
746,20040302000002,原橋仔頭驛站(橋頭車站),"{'code': 'A7', 'name': '車站'}",<<歷史建築登錄廢止審查及輔助辦法>>第2條第1項第1、3款,120.310423971528,22.7611212013894,"{'itemNo': 1, 'cityName': '高雄市', 'distName': '橋頭區', 'address': '站前街14號'}",高雄市政府文化局,文化資產中心,高雄市苓雅區五福一路67號,(07)222-5136分機8521,"<a href=""http://nchdb.boch.gov.tw/assets/advanceSearch/historicalBuilding/20040302000002"" target=""_blank"">http://nchdb.boch.gov.tw/assets/advanceSearch/historicalBuilding/20040302000002</a>","[{'classification': '指定/登錄', 'officialDocNo': '府文資字第0930017747A號', 'registerDate': '2004-03-02 09:39:42.0'}]",車站,高雄市
747,20040309000001,曹公圳舊圳頭,"{'code': 'A13', 'name': '堤閘'}",<<歷史建築登錄廢止審查及輔助辦法>>第2條第1項第4款,120.426355151921,22.6494530706586,"{'itemNo': 1, 'cityName': '高雄市', 'distName': '大寮區', 'address': '鳳屏二路旁'}",高雄市政府文化局,文化資產中心,高雄市苓雅區五福一路67號,(07)222-5136分機8128,"<a href=""http://nchdb.boch.gov.tw/assets/advanceSearch/historicalBuilding/20040309000001"" target=""_blank"">http://nchdb.boch.gov.tw/assets/advanceSearch/historicalBuilding/20040309000001</a>","[{'classification': '指定/登錄', 'officialDocNo': '府文資字第0930017519A號', 'registerDate': '2004-03-09 14:22:22.0'}]",堤閘,高雄市
748,20031215000002,林園清水巖原日軍戰備坑道,"{'code': 'A99', 'name': '其他設施', 'other': '歷史遺蹟'}",<<歷史建築登錄廢止審查及輔助辦法>>第2條第1項第1、3款,120.389856464828,22.5236915530199,"{'itemNo': 1, 'cityName': '高雄市', 'distName': '林園區', 'address': '林園區境內鳳山丘陵清水巖'}",高雄市政府文化局,文化資產中心,高雄市苓雅區五福一路67號,(07)222-5136分機8623,"<a href=""http://nchdb.boch.gov.tw/assets/advanceSearch/historicalBuilding/20031215000002"" target=""_blank"">http://nchdb.boch.gov.tw/assets/advanceSearch/historicalBuilding/20031215000002</a>","[{'classification': '指定/登錄', 'officialDocNo': '府文資字第0920216617B 號', 'registerDate': '2003-12-15 14:09:19.0'}]",其他設施,高雄市
749,20031215000003,林園港埔黃家（江夏派）古厝,"{'code': 'A3', 'name': '宅第'}",<<歷史建築登錄廢止審查及輔助辦法>>第2條第1項第1、2、3款,120.380459758446,22.4961084233223,"{'itemNo': 1, 'cityName': '高雄市', 'distName': '林園區', 'address': '港埔里港埔一 路78 號'}",高雄市政府文化局,文化資產中心,高雄市苓雅區五福一路67號,(07)222-5136分機8623,"<a href=""http://nchdb.boch.gov.tw/assets/advanceSearch/historicalBuilding/20031215000003"" target=""_blank"">http://nchdb.boch.gov.tw/assets/advanceSearch/historicalBuilding/20031215000003</a>","[{'classification': '指定/登錄', 'officialDocNo': '府文資字第0920216617C 號', 'registerDate': '2003-12-15 14:08:52.0'}]",宅第,高雄市
750,20070605000001,原頂林仔邊警察官吏派出所,"{'code': 'A6', 'name': '衙署'}",<<歷史建築登錄廢止審查及輔助辦法>>第2條第1項第1、2、3款,120.394576855549,22.5050583696565,"{'itemNo': 1, 'cityName': '高雄市', 'distName': '林園區', 'address': '高雄市林園區福興街97號(福興街上、郵局對面)'}",高雄市政府文化局,文化資產中心,高雄市苓雅區五福一路67號,(07)222-5136分機8623,"<a href=""http://nchdb.boch.gov.tw/assets/advanceSearch/historicalBuilding/20070605000001"" target=""_blank"">http://nchdb.boch.gov.tw/assets/advanceSearch/historicalBuilding/20070605000001</a>","[{'classification': '指定/登錄', 'officialDocNo': '府文資字第0960129058 號', 'registerDate': '2007-06-05 10:40:54.0'}]",衙署,高雄市
751,20040302000003,大樹三和瓦窯,"{'code': 'A16', 'name': '產業'}",文化資產保存法第27條之一及歷史建築登入及輔助辦法第7條(民國89年公佈),120.426738407092,22.6636567358958,"{'itemNo': 1, 'cityName': '高雄市', 'distName': '大樹區', 'address': '大樹區竹寮里竹寮路94號'}",高雄市政府文化局,文化資產中心,高雄市苓雅區五福一路67號,(07)222-5136分機8128,"<a href=""http://nchdb.boch.gov.tw/assets/advanceSearch/historicalBuilding/20040302000003"" target=""_blank"">http://nchdb.boch.gov.tw/assets/advanceSearch/historicalBuilding/20040302000003</a>","[{'classification': '指定/登錄', 'officialDocNo': '府文資字第0930017747B號', 'registerDate': '2004-03-02 14:07:58.0'}]",產業,高雄市
752,20040302000004,九曲堂泰芳商會鳳梨罐詰工場,"{'code': 'A16', 'name': '產業'}",<<歷史建築登錄廢止審查及輔助辦法>>第2條第1項第1、2款,120.420932265037,22.6578496485164,"{'itemNo': 1, 'cityName': '高雄市', 'distName': '大樹區', 'address': '久堂里復興街勝利巷18號'}",高雄市政府文化局,文化資產中心,高雄市苓雅區五福一路67號,(07)222-5136分機8529,"<a href=""http://nchdb.boch.gov.tw/assets/advanceSearch/historicalBuilding/20040302000004"" target=""_blank"">http://nchdb.boch.gov.tw/assets/advanceSearch/historicalBuilding/20040302000004</a>","[{'classification': '指定/登錄', 'officialDocNo': '府文資字第0930017747C號', 'registerDate': '2015-01-27 00:00:00.0'}]",產業,高雄市
752,20040302000004,九曲堂泰芳商會鳳梨罐詰工場,"{'code': 'A16', 'name': '產業'}",<<歷史建築登錄廢止審查及輔助辦法>>第2條第1項第1、2款,120.420932265037,22.6578496485164,"{'itemNo': 2, 'cityName': '高雄市', 'distName': '大樹區', 'address': '久堂里復興街勝利巷21號'}",高雄市政府文化局,文化資產中心,高雄市苓雅區五福一路67號,(07)222-5136分機8529,"<a href=""http://nchdb.boch.gov.tw/assets/advanceSearch/historicalBuilding/20040302000004"" target=""_blank"">http://nchdb.boch.gov.tw/assets/advanceSearch/historicalBuilding/20040302000004</a>","[{'classification': '指定/登錄', 'officialDocNo': '府文資字第0930017747C號', 'registerDate': '2015-01-27 00:00:00.0'}]",產業,高雄市
752,20040302000004,九曲堂泰芳商會鳳梨罐詰工場,"{'code': 'A16', 'name': '產業'}",<<歷史建築登錄廢止審查及輔助辦法>>第2條第1項第1、2款,120.420932265037,22.6578496485164,"{'itemNo': 3, 'cityName': '高雄市', 'distName': '大樹區', 'address': '久堂里復興街42號'}",高雄市政府文化局,文化資產中心,高雄市苓雅區五福一路67號,(07)222-5136分機8529,"<a href=""http://nchdb.boch.gov.tw/assets/advanceSearch/historicalBuilding/20040302000004"" target=""_blank"">http://nchdb.boch.gov.tw/assets/advanceSearch/historicalBuilding/20040302000004</a>","[{'classification': '指定/登錄', 'officialDocNo': '府文資字第0930017747C號', 'registerDate': '2015-01-27 00:00:00.0'}]",產業,高雄市
753,20040309000002,旗山碾米廠,"{'code': 'A16', 'name': '產業'}",<<歷史建築登錄廢止審查及輔助辦法>>第2條第1項第1、3款,120.481896389423,22.8837126248456,"{'itemNo': 1, 'cityName': '高雄市', 'distName': '旗山區', 'address': '大德里延平一路688巷20號'}",高雄市政府文化局,文化資產中心,高雄市苓雅區 五福一路67號,(07)222-5136分機8537,"<a href=""http://nchdb.boch.gov.tw/assets/advanceSearch/historicalBuilding/20040309000002"" target=""_blank"">http://nchdb.boch.gov.tw/assets/advanceSearch/historicalBuilding/20040309000002</a>","[{'classification': '指定/登錄', 'officialDocNo': '府文資字第0920017519B號', 'registerDate': '2004-03-09 18:17:47.0'}]",產業,高雄市
754,20050629000001,旗山亭仔腳（石拱圈）,"{'code': 'A99', 'name': '其他設施', 'other': '亭仔腳'}",<<歷史建築登錄廢止審查及輔助辦法>>第2條第1項第1、3款,120.481851051851,22.8848983449356,"{'itemNo': 1, 'cityName': '高雄市', 'distName': '旗山區', 'address': '復新街21、23、25、27、29、26、28、30、32號、中山路3號'}",高雄市政府文化局,文化資產中心,高雄市苓雅區 五福一路67號,(07)222-5136分機8537,"<a href=""http://nchdb.boch.gov.tw/assets/advanceSearch/historicalBuilding/20050629000001"" target=""_blank"">http://nchdb.boch.gov.tw/assets/advanceSearch/historicalBuilding/20050629000001</a>","[{'classification': '指定/登錄', 'officialDocNo': '府文資字第0940135214A號', 'registerDate': '2005-07-19 00:00:00.0'}]",其他設施,高雄市
755,20050719000001,旗山車站(原旗山驛),"{'code': 'A7', 'name': '車站'}",<<歷史建築登錄廢止審查及輔助辦法>>第2條第1項第1、3款,120.481889419815,22.884618903578,"{'itemNo': 1, 'cityName': '高雄市', 'distName': '旗山區', 'address': '大德里中山路1號'}",高雄市政府文化局,文化資產中心,高雄市苓雅區五福一路67號,(07)222-5136分機8537,"<a href=""http://nchdb.boch.gov.tw/assets/advanceSearch/historicalBuilding/20050719000001"" target=""_blank"">http://nchdb.boch.gov.tw/assets/advanceSearch/historicalBuilding/20050719000001</a>","[{'classification': '指定/登錄', 'officialDocNo': '府文資字第0940149542B號', 'registerDate': '2005-07-19 00:00:00.0'}]",車站,高雄市
756,20040309000003,原旗山上水道,"{'code': 'A16', 'name': '產業'}",<<歷史建築登錄廢止審查及輔助辦法>>第2條第1項第4款,120.479613831717,22.8904392568465,"{'itemNo': 1, 'cityName': '高雄市', 'distName': '旗山區', 'address': '仁和路及中山路交叉口（社福館基地內）'}",高雄市政府文化局,文化資產中心,高雄市苓雅區五福一路67號,(07)222-5136分機8537,"<a href=""http://nchdb.boch.gov.tw/assets/advanceSearch/historicalBuilding/20040309000003"" target=""_blank"">http://nchdb.boch.gov.tw/assets/advanceSearch/historicalBuilding/20040309000003</a>","[{'classification': '指定/登錄', 'officialDocNo': '府文資字第0930017519C號函', 'registerDate': '2004-03-09 14:03:55.0'}]",產業,高雄市
757,20050524000001,美濃廣善堂,"{'code': 'A2', 'name': '寺廟'}",<<歷史建築登錄廢止審查及輔助辦法>>第2條第1項第1款,120.529649157337,22.9076199334742,"{'itemNo': 1, 'cityName': '高雄市', 'distName': '美濃區', 'address': '福美路281號'}",高雄市政府文化局,文化資產中心,高雄市苓雅區五福一路67號,(07)222-5136分機8521,"<a href=""http://nchdb.boch.gov.tw/assets/advanceSearch/historicalBuilding/20050524000001"" target=""_blank"">http://nchdb.boch.gov.tw/assets/advanceSearch/historicalBuilding/20050524000001</a>","[{'classification': '指定/登錄', 'officialDocNo': '府文資字第0940107826B號', 'registerDate': '2005-05-24 09:33:55.0'}]",寺廟,高雄市
758,20050524000002,美濃舊橋,"{'code': 'A15', 'name': '橋樑'}",<<歷史建築登錄廢止審查及輔助辦法>>第2條第1項第1款,120.542473613698,22.8989506476889,"{'itemNo': 1, 'cityName': '高雄市', 'distName': '美濃區', 'address': '美濃區永安路213號旁'}",高雄市政府文化局,文化資產中心,高雄市苓雅區五福一路67號,(07)222-5136分機8521,"<a href=""http://nchdb.boch.gov.tw/assets/advanceSearch/historicalBuilding/20050524000002"" target=""_blank"">http://nchdb.boch.gov.tw/assets/advanceSearch/historicalBuilding/20050524000002</a>","[{'classification': '指定/登錄', 'officialDocNo': '府文資字第0940107826A號', 'registerDate': '2005-05-24 14:03:09.0'}]",橋樑,高雄市
759,20100823000001,美濃南隆輔天五穀宮,"{'code': 'A2', 'name': '寺廟'}",<<歷史建築登錄廢止審查及輔助辦法>>第2條第1項第1、3、4款,120.543141596771,22.8663956301288,"{'itemNo': 1, 'cityName': '高雄市', 'distName': '美濃區', 'address': '高雄市美濃區中壇里五穀街32號'}",高雄市政府文化局,文化資產中心,高雄市苓雅區 五福一路67號,(07)222-5136分機8521,"<a href=""http://nchdb.boch.gov.tw/assets/advanceSearch/historicalBuilding/20100823000001"" target=""_blank"">http://nchdb.boch.gov.tw/assets/advanceSearch/historicalBuilding/20100823000001</a>","[{'classification': '指定/登錄', 'officialDocNo': '府文資字第0990185601號', 'registerDate': '2010-08-23 09:29:04.0'}]",寺廟,高雄市
760,20030908000001,原六龜里池田屋（高雄客運六龜站）,"{'code': 'A99', 'name': '其他設施', 'other': '旅舍'}",<<歷史建築登錄廢止審查及輔助辦法>>第2條第1項第1、2、3款,120.634525018793,22.997842201025,"{'itemNo': 1, 'cityName': '高雄市', 'distName': '六龜區', 'address': '六龜里華南街30 號'}",六龜區公所,農業課,高雄市六龜區六龜里民治路18號,(07)689-2100分機60,"<a href=""http://nchdb.boch.gov.tw/assets/advanceSearch/historicalBuilding/20030908000001"" target=""_blank"">http://nchdb.boch.gov.tw/assets/advanceSearch/historicalBuilding/20030908000001</a>","[{'classification': '指定/登錄', 'officialDocNo': '府文資字第0920159159 號', 'registerDate': '2003-09-08 09:43:33.0'}]",其他設施,高雄市
761,20120612000002,茄萣竹滬鹽灘鹽警槍樓,"{'code': 'A16', 'name': '產業'}",<<歷史建築登錄廢止審查及輔助辦法>>第2條第1項第1、4款,120.202388,22.887217,"{'itemNo': 1, 'cityName': '高雄市', 'distName': '茄萣區', 'address': '高雄市茄定區(崎漏里)竹滬溼地東北側'}",高雄市政府文化局,文化資產中心,高雄市苓雅區五福一路67號,(07)222-5136分機8528,"<a href=""http://nchdb.boch.gov.tw/assets/advanceSearch/historicalBuilding/20120612000002"" target=""_blank"">http://nchdb.boch.gov.tw/assets/advanceSearch/historicalBuilding/20120612000002</a>","[{'classification': '指定/登錄', 'officialDocNo': '高市府文資字第10130975201號函', 'registerDate': '2012-06-12 17:00:00.0'}]",產業,高雄市
762,20030806000002,邱姓河南堂忠實第,"{'code': 'A3', 'name': '宅第'}",文化資產保存法,120.507306,22.673333,"{'itemNo': 1, 'cityName': '屏東縣', 'distName': '屏東市', 'address': '田寮巷26號'}",屏東縣政府,屏東縣文化資產保護所	,屏東縣屏東市菸廠路1號,08-7210234,"<a href=""http://nchdb.boch.gov.tw/assets/advanceSearch/historicalBuilding/20030806000002"" target=""_blank"">http://nchdb.boch.gov.tw/assets/advanceSearch/historicalBuilding/20030806000002</a>","[{'classification': '指定/登錄', 'officialDocNo': '屏府文資字第0920133559號', 'registerDate': '2003-08-06 15:44:43.0'}]",宅第,屏東縣
763,20020207000001,原日本第八飛行聯隊隊長官舍,"{'code': 'A99', 'name': '其他設施', 'other': '建築物類'}",《文化資產保存法》第15條暨《歷史建築紀念建築登錄廢止審查及輔助辦法》,120.484806,22.674778,"{'itemNo': 1, 'cityName': '屏東縣', 'distName': '屏東市', 'address': '中山路61號'}",屏東縣政府,屏東縣文化資產保護所	,屏東縣屏東市菸廠路1號	,08-7210234,"<a href=""http://nchdb.boch.gov.tw/assets/advanceSearch/historicalBuilding/20020207000001"" target=""_blank"">http://nchdb.boch.gov.tw/assets/advanceSearch/historicalBuilding/20020207000001</a>","[{'classification': '指定/登錄', 'officialDocNo': '屏府文資字第0910000498 號', 'registerDate': '2002-02-07 14:20:37.0'}, {'classification': '變更/修正', 'officialDocNo': '屏府文資字第1000254845號', 'registerDate': '2011-09-27 00:00:00.0'}]",其他設施,屏東縣
764,20031215000004,中山公園內水池橋樑,"{'code': 'A99', 'name': '其他設施', 'other': '其他歷史遺蹟'}",文化資產保存法,120.492611,22.675639,"{'itemNo': 1, 'cityName': '屏東縣', 'distName': '屏東市', 'address': '中山公園內'}",屏東縣政府,屏東縣文化資產保護所	,屏東縣屏東市菸廠路1號,08-7210234,"<a href=""http://nchdb.boch.gov.tw/assets/advanceSearch/historicalBuilding/20031215000004"" target=""_blank"">http://nchdb.boch.gov.tw/assets/advanceSearch/historicalBuilding/20031215000004</a>","[{'classification': '指定/登錄', 'officialDocNo': '屏府文資字第0920133600號', 'registerDate': '2003-08-06 00:00:00.0'}]",其他設施,屏東縣
765,20031215000005,中山公園內防空洞與涼亭,"{'code': 'A99', 'name': '其他設施', 'other': '其他歷史遺蹟'}",文化資產保存法,120.492611,22.675639,"{'itemNo': 1, 'cityName': '屏東縣', 'distName': '屏東市', 'address': '中山公園內'}",屏東縣政府,屏東縣文化資產保護所	,屏東縣屏東市菸廠路1號,08-7210234,"<a href=""http://nchdb.boch.gov.tw/assets/advanceSearch/historicalBuilding/20031215000005"" target=""_blank"">http://nchdb.boch.gov.tw/assets/advanceSearch/historicalBuilding/20031215000005</a>","[{'classification': '指定/登錄', 'officialDocNo': '府文資字第0920132800 號', 'registerDate': '2003-08-05 00:00:00.0'}]",其他設施,屏東縣
766,20031215000006,牛疫紀念碑,"{'code': 'A99', 'name': '其他設施', 'other': '其他歷史遺蹟'}",文化資產保存法,120.505070722384,22.673861,"{'itemNo': 1, 'cityName': '屏東縣', 'distName': '屏東市', 'address': '水源街100 號之1'}",屏東縣政府,屏東縣文化資產保護所	,屏東縣屏東市菸廠路1號	,08-7210234,"<a href=""http://nchdb.boch.gov.tw/assets/advanceSearch/historicalBuilding/20031215000006"" target=""_blank"">http://nchdb.boch.gov.tw/assets/advanceSearch/historicalBuilding/20031215000006</a>","[{'classification': '指定/登錄', 'officialDocNo': '屏府文資字第0920132824號', 'registerDate': '2003-12-15 13:54:23.0'}]",其他設施,屏東縣
767,20031215000007,光復紀念碑,"{'code': 'A99', 'name': '其他設施', 'other': '其他歷史遺蹟'}",文化資產保存法,120.492611,22.675639,"{'itemNo': 1, 'cityName': '屏東縣', 'distName': '屏東市', 'address': '中山公園'}",屏東縣政府,屏東縣文化資產保護所	,屏東縣屏東市菸廠路1號	,08-7210234,"<a href=""http://nchdb.boch.gov.tw/assets/advanceSearch/historicalBuilding/20031215000007"" target=""_blank"">http://nchdb.boch.gov.tw/assets/advanceSearch/historicalBuilding/20031215000007</a>","[{'classification': '指定/登錄', 'officialDocNo': '屏府文資字第0920133622號', 'registerDate': '2003-08-06 00:00:00.0'}]",其他設施,屏東縣
768,20031215000008,屏東縣長官邸,"{'code': 'A99', 'name': '其他設施', 'other': '建築物類'}",文化資產保存法,120.487056,22.67425,"{'itemNo': 1, 'cityName': '屏東縣', 'distName': '屏東市', 'address': '文明里林森路147 號'}",屏東縣政府,屏東縣文化資產保護所	,屏東縣屏東市菸廠路1號	,08-7210234,"<a href=""http://nchdb.boch.gov.tw/assets/advanceSearch/historicalBuilding/20031215000008"" target=""_blank"">http://nchdb.boch.gov.tw/assets/advanceSearch/historicalBuilding/20031215000008</a>","[{'classification': '指定/登錄', 'officialDocNo': '屏府文資字第0920133584號', 'registerDate': '2003-08-06 00:00:00.0'}]",其他設施,屏東縣
769,20070508000001,屏東市勝利新村、崇仁新村（成功區）日治時期軍官眷舍,"{'code': 'A99', 'name': '其他設施', 'other': '官舍建築群'}",文化資產保存法第15條暨歷史建築登錄廢止審查及輔助辦法辦理,120.48434946689,22.674238097756,"{'itemNo': 1, 'cityName': '屏東縣', 'distName': '屏東市', 'address': '屏東市成功路134號、136號、138號、140號、146號，成都街22弄2號、3號、4號，中山路56號、57號，忠孝路93號、95號、100號、101號、102號，信義路137號、139號....等'}",屏東縣政府,屏東縣文化資產保護所	,屏東縣屏東市菸廠路1號	,08-7210234,"<a href=""http://nchdb.boch.gov.tw/assets/advanceSearch/historicalBuilding/20070508000001"" target=""_blank"">http://nchdb.boch.gov.tw/assets/advanceSearch/historicalBuilding/20070508000001</a>","[{'classification': '指定/登錄', 'officialDocNo': '屏府文資字第0960094523號', 'registerDate': '2007-05-08 15:22:19.0'}, {'classification': '變更/修正', 'officialDocNo': '屏府文資字第0960149850號', 'registerDate': '2007-07-24 00:00:00.0'}]",其他設施,屏東縣
770,20080515000001,原屏東師範學校校長官舍,"{'code': 'A6', 'name': '衙署'}",文化資產保存法第15條暨歷史建築登錄廢止審查及輔助辦法辦理,120.499833,22.670972,"{'itemNo': 1, 'cityName': '屏東縣', 'distName': '屏東市', 'address': '林森路11號'}",屏東縣政府,屏東縣文化資產保護所	,屏東縣屏東市菸廠路1號	,08-7210234	,"<a href=""http://nchdb.boch.gov.tw/assets/advanceSearch/historicalBuilding/20080515000001"" target=""_blank"">http://nchdb.boch.gov.tw/assets/advanceSearch/historicalBuilding/20080515000001</a>","[{'classification': '指定/登錄', 'officialDocNo': '屏府文資字第0970100267號', 'registerDate': '2008-05-15 17:08:13.0'}, {'classification': '變更/修正', 'officialDocNo': '屏府文資字第0970179588號', 'registerDate': '2008-09-03 00:00:00.0'}, {'classification': '變更/修正', 'officialDocNo': '屏府文資字第0980215618號', 'registerDate': '2009-09-21 00:00:00.0'}]",衙署,屏東縣
771,20070731000001,高雄區農業改良場之農業資料館,"{'code': 'A99', 'name': '其他設施', 'other': '具有歷史、文化、藝術價值之建造物'}",屏東縣政府96年02月07日屏府文資第0960030386號函辦理,120.50775,22.666,"{'itemNo': 1, 'cityName': '屏東縣', 'distName': '屏東市', 'address': '瑞光里農事巷1號'}",屏東縣政府	,屏東縣文化資產保護所	,屏東縣屏東市菸廠路1號	,08-7210234,"<a href=""http://nchdb.boch.gov.tw/assets/advanceSearch/historicalBuilding/20070731000001"" target=""_blank"">http://nchdb.boch.gov.tw/assets/advanceSearch/historicalBuilding/20070731000001</a>","[{'classification': '指定/登錄', 'officialDocNo': '屏府文資字第0960154298號', 'registerDate': '2007-07-31 07:54:39.0'}]",其他設施,屏東縣
772,20100430000002,屏東菸葉廠及其附屬設施,"{'code': 'A16', 'name': '產業'}",文化資產保存法第15條暨歷史建築登錄廢止審查及輔助辦法辦理,120.505167,22.661833,"{'itemNo': 1, 'cityName': '屏東縣', 'distName': '屏東市', 'address': '民生路57-5號'}",屏東縣政府,屏東縣文化資產保護所,屏東縣屏東市菸廠路1號	,08-7210234,"<a href=""http://nchdb.boch.gov.tw/assets/advanceSearch/historicalBuilding/20100430000002"" target=""_blank"">http://nchdb.boch.gov.tw/assets/advanceSearch/historicalBuilding/20100430000002</a>","[{'classification': '指定/登錄', 'officialDocNo': '屏府文資字第0990106165號', 'registerDate': '2010-04-30 16:17:17.0'}, {'classification': '變更/修正', 'officialDocNo': '屏府文資字第0990297762號', 'registerDate': '2010-12-03 00:00:00.0'}, {'classification': '變更/修正', 'officialDocNo': '屏府文保字第10630453800號', 'registerDate': '2017-11-02 00:00:00.0'}, {'classification': '變更/修正', 'officialDocNo': '屏府文保字第10830020600號', 'registerDate': '2019-01-16 00:00:00.0'}, {'classification': '變更/修正', 'officialDocNo': '屏府文保字第10830411800號', 'registerDate': '2019-10-02 16:10:33.756'}, {'classification': '變更/修正', 'officialDocNo': '屏府文保字第1138001181號', 'registerDate': '2024-09-02 16:28:13.019'}]",產業,屏東縣
773,20121120000001,九如鄉九塊厝三山國王廟左右護龍,"{'code': 'A2', 'name': '寺廟'}",文化資產保存法第15條暨歷史建築登錄廢止審查及輔助辦法辦理。,120.484528,22.730824,"{'itemNo': 1, 'cityName': '屏東縣', 'distName': '九如鄉', 'address': '九明村仁愛街174號'}",屏東縣政府,屏東縣文化資產保護所	,屏東縣屏東市菸廠路1號,08-7210234,"<a href=""http://nchdb.boch.gov.tw/assets/advanceSearch/historicalBuilding/20121120000001"" target=""_blank"">http://nchdb.boch.gov.tw/assets/advanceSearch/historicalBuilding/20121120000001</a>","[{'classification': '指定/登錄', 'officialDocNo': '屏府文資字第10134779500號', 'registerDate': '2012-11-05 00:00:00.0'}]",寺廟,屏東縣
774,20121203000001,里港鄉敬聖亭,"{'code': 'A99', 'name': '其他設施', 'other': ''}",文化資產保存法第15條暨歷史建築登錄廢止審查及輔助辦法辦理。,120.494409,22.780435,"{'itemNo': 1, 'cityName': '屏東縣', 'distName': '里港鄉', 'address': '過江村過江路41號(里港國小內)'}",屏東縣政府,屏東縣文化資產保護所	,屏東縣屏東市菸廠路1號,08-7210234,"<a href=""http://nchdb.boch.gov.tw/assets/advanceSearch/historicalBuilding/20121203000001"" target=""_blank"">http://nchdb.boch.gov.tw/assets/advanceSearch/historicalBuilding/20121203000001</a>","[{'classification': '指定/登錄', 'officialDocNo': '中華民國101年12月3日屏府文資字10137821300號', 'registerDate': '2012-12-03 11:37:21.0'}]",其他設施,屏東縣
775,20110922000001,麟洛鄉徐家祖堂,"{'code': 'A3', 'name': '宅第'}",文化資產保存法第15條暨歷史建築登錄廢止審查及輔助辦法辦理。,120.524444,22.652222,"{'itemNo': 1, 'cityName': '屏東縣', 'distName': '麟洛鄉', 'address': '麟趾村中山路459號'}",屏東縣政府,屏東縣文化資產保護所	,屏東縣屏東市菸廠路1號	,08-7210234,"<a href=""http://nchdb.boch.gov.tw/assets/advanceSearch/historicalBuilding/20110922000001"" target=""_blank"">http://nchdb.boch.gov.tw/assets/advanceSearch/historicalBuilding/20110922000001</a>","[{'classification': '指定/登錄', 'officialDocNo': '屏府文資字第1000250651號', 'registerDate': '2011-09-22 17:06:47.0'}]",宅第,屏東縣
776,20020207000002,萬泉寺,"{'code': 'A2', 'name': '寺廟'}",文化資產保存法,120.485333,22.580222,"{'itemNo': 1, 'cityName': '屏東縣', 'distName': '萬丹鄉', 'address': '寶厝村中興路2 段435 號'}",屏東縣政府,屏東縣文化資產保護所	,屏東縣屏東市菸廠路1號	,08-7210234,"<a href=""http://nchdb.boch.gov.tw/assets/advanceSearch/historicalBuilding/20020207000002"" target=""_blank"">http://nchdb.boch.gov.tw/assets/advanceSearch/historicalBuilding/20020207000002</a>","[{'classification': '指定/登錄', 'officialDocNo': '屏府文資字第0910000500 號', 'registerDate': '2002-02-07 16:30:29.0'}]",寺廟,屏東縣
777,20060721000001,舊潮州郵局,"{'code': 'A99', 'name': '其他設施', 'other': '官署建築'}",《文化資產保存法》第6條及第14條,120.542944,22.550417,"{'itemNo': 1, 'cityName': '屏東縣', 'distName': '潮州鎮', 'address': '建基路58號'}",屏東縣政府,屏東縣文化資產保護所	,屏東縣屏東市菸廠路1號	,08-7210234,"<a href=""http://nchdb.boch.gov.tw/assets/advanceSearch/historicalBuilding/20060721000001"" target=""_blank"">http://nchdb.boch.gov.tw/assets/advanceSearch/historicalBuilding/20060721000001</a>","[{'classification': '指定/登錄', 'officialDocNo': '屏府文資字第0950143836號', 'registerDate': '2006-07-21 15:34:44.0'}]",其他設施,屏東縣
778,20060821000002,溪北國小日式校舍,"{'code': 'A99', 'name': '其他設施', 'other': ''}",文化資產保存法第3、12及15條規定辦理,120.511056,22.495333,"{'itemNo': 1, 'cityName': '屏東縣', 'distName': '南州鄉', 'address': '溪北村仁里路102號'}",屏東縣政府,屏東縣文化資產保護所	,屏東縣屏東市菸廠路1號	,08-7210234,"<a href=""http://nchdb.boch.gov.tw/assets/advanceSearch/historicalBuilding/20060821000002"" target=""_blank"">http://nchdb.boch.gov.tw/assets/advanceSearch/historicalBuilding/20060821000002</a>","[{'classification': '指定/登錄', 'officialDocNo': '屏府文資字第0980142636號', 'registerDate': '2009-06-17 00:00:00.0'}]",其他設施,屏東縣
779,20090617000001,溪北國民小學神社遺構,"{'code': 'A99', 'name': '其他設施', 'other': ''}",文化資產保存法第三、十二及十五條規定辦理,120.510704432793,22.4954521723569,"{'itemNo': 1, 'cityName': '屏東縣', 'distName': '南州鄉', 'address': '溪北村仁里路102號'}",屏東縣政府,屏東縣文化資產保護所	,屏東縣屏東市菸廠路1號,08-7210234,"<a href=""http://nchdb.boch.gov.tw/assets/advanceSearch/historicalBuilding/20090617000001"" target=""_blank"">http://nchdb.boch.gov.tw/assets/advanceSearch/historicalBuilding/20090617000001</a>","[{'classification': '指定/登錄', 'officialDocNo': '屏府文資字第0980142636號', 'registerDate': '2009-06-17 16:35:37.0'}]",其他設施,屏東縣
780,20090617000002,溪北國小征南待機紀念碑,"{'code': 'A9', 'name': '碑碣'}","文化資產保存法第3、12及15條規定辦理
",120.51125,22.496167,"{'itemNo': 1, 'cityName': '屏東縣', 'distName': '南州鄉', 'address': '溪北村仁里路102號'}",屏東縣政府,屏東縣文化資產保護所	,屏東縣屏東市菸廠路1號,08-7210234,"<a href=""http://nchdb.boch.gov.tw/assets/advanceSearch/historicalBuilding/20090617000002"" target=""_blank"">http://nchdb.boch.gov.tw/assets/advanceSearch/historicalBuilding/20090617000002</a>","[{'classification': '指定/登錄', 'officialDocNo': '屏府文資字第0980142636號', 'registerDate': '2009-06-17 11:16:42.0'}]",碑碣,屏東縣
781,20040311000001,鄭家古厝,"{'code': 'A3', 'name': '宅第'}",《文化資產保存法》第15條暨《歷史建築登錄廢止審查及輔助辦法》,120.516306,22.435778,"{'itemNo': 1, 'cityName': '屏東縣', 'distName': '林邊鄉', 'address': '永樂村五鄰榮農路八號'}",屏東縣政府,屏東縣文化資產保護所,屏東縣屏東市菸廠路1號	,08-7210234,"<a href=""http://nchdb.boch.gov.tw/assets/advanceSearch/historicalBuilding/20040311000001"" target=""_blank"">http://nchdb.boch.gov.tw/assets/advanceSearch/historicalBuilding/20040311000001</a>","[{'classification': '指定/登錄', 'officialDocNo': '屏府文資字第0930047801號', 'registerDate': '2004-03-11 08:38:43.0'}, {'classification': '變更/修正', 'officialDocNo': '屏府文資字第0930063614號', 'registerDate': '2004-04-02 00:00:00.0'}]",宅第,屏東縣
782,20020207000003,台灣省自來水公司第七管理處林邊水源地高壓水塔,"{'code': 'A99', 'name': '其他設施', 'other': '其他歷史遺蹟'}",文化資產保存法第6條及第14條,120.522306,22.43825,"{'itemNo': 1, 'cityName': '屏東縣', 'distName': '林邊鄉', 'address': '永樂村堤防10 號'}",屏東縣政府,屏東縣文化資產保護所	,屏東縣屏東市菸廠路1號		,08-7210234,"<a href=""http://nchdb.boch.gov.tw/assets/advanceSearch/historicalBuilding/20020207000003"" target=""_blank"">http://nchdb.boch.gov.tw/assets/advanceSearch/historicalBuilding/20020207000003</a>","[{'classification': '指定/登錄', 'officialDocNo': '屏府文資字第0910000501 號', 'registerDate': '2002-02-07 00:00:00.0'}]",其他設施,屏東縣
783,20071113000001,大鵬營區日治時期軍事設施及建物-本部連、莊敬樓、舊餐廳、東彈藥庫、西彈藥庫,"{'code': 'A99', 'name': '其他設施', 'other': '具有歷史、文化、藝術價值之建造物'}",《歷史建築紀念建築登錄廢止審查及輔助辦法》第五條。,120.478778,22.456417,"{'itemNo': 1, 'cityName': '屏東縣', 'distName': '東港鎮', 'address': '大鵬里大潭路169 號'}",屏東縣政府,屏東縣文化資產保護所,屏東縣屏東市菸廠路1號	,08-7210234,"<a href=""http://nchdb.boch.gov.tw/assets/advanceSearch/historicalBuilding/20071113000001"" target=""_blank"">http://nchdb.boch.gov.tw/assets/advanceSearch/historicalBuilding/20071113000001</a>","[{'classification': '指定/登錄', 'officialDocNo': '屏府文資字第0960227615號', 'registerDate': '2007-11-13 09:02:54.0'}, {'classification': '變更/修正', 'officialDocNo': '屏府文保字第10630364000號', 'registerDate': '2017-09-01 00:00:00.0'}]",其他設施,屏東縣
784,20060629000001,天主教道明會東港天主堂,"{'code': 'A10', 'name': '教堂'}",文化資產保存法第15條暨歷史建築登錄廢止審查及輔助辦法,120.453003933501,22.465917,"{'itemNo': 1, 'cityName': '屏東縣', 'distName': '東港鎮', 'address': '光復路二段117號'}",屏東縣政府,屏東縣文化資產保護所	,屏東縣屏東市菸廠路1號	,08-7210234,"<a href=""http://nchdb.boch.gov.tw/assets/advanceSearch/historicalBuilding/20060629000001"" target=""_blank"">http://nchdb.boch.gov.tw/assets/advanceSearch/historicalBuilding/20060629000001</a>","[{'classification': '指定/登錄', 'officialDocNo': '屏府文資字第0950127717號', 'registerDate': '2006-06-29 09:50:31.0'}]",教堂,屏東縣
785,20120924000001,佳冬鄉神社,"{'code': 'A99', 'name': '其他設施', 'other': ''}",文化資產保存法第15條暨歷史建築登錄廢止審查及輔助辦法辦理。,120.562417,22.411583,"{'itemNo': 1, 'cityName': '屏東縣', 'distName': '佳冬鄉', 'address': '台17線天后宮旁佳和路'}",屏東縣政府,屏東縣文化資產保護所	,屏東縣屏東市菸廠路1號	,08-7210234,"<a href=""http://nchdb.boch.gov.tw/assets/advanceSearch/historicalBuilding/20120924000001"" target=""_blank"">http://nchdb.boch.gov.tw/assets/advanceSearch/historicalBuilding/20120924000001</a>","[{'classification': '指定/登錄', 'officialDocNo': '屏府文資字第10129793300號', 'registerDate': '2012-09-24 17:13:46.0'}]",其他設施,屏東縣
786,20070731000002,佳冬鄉防空洞,"{'code': 'A99', 'name': '其他設施', 'other': '具有歷史、文化、藝術價值之建造物-日治時期建造之防空設施'}","文化資產保護法內：一、古蹟、歷史建築、聚落:指人類為生活需要所營建支具有歷史、文化價值之建造物及附屬設施群
",120.564611,22.426778,"{'itemNo': 1, 'cityName': '屏東縣', 'distName': '佳冬鄉', 'address': '玉光村民學路81號'}",屏東縣政府,屏東縣文化資產保護所	,屏東縣屏東市菸廠路1號	,08-7210234,"<a href=""http://nchdb.boch.gov.tw/assets/advanceSearch/historicalBuilding/20070731000002"" target=""_blank"">http://nchdb.boch.gov.tw/assets/advanceSearch/historicalBuilding/20070731000002</a>","[{'classification': '指定/登錄', 'officialDocNo': '屏府文資字第0960154298號', 'registerDate': '2007-07-31 15:13:47.0'}]",其他設施,屏東縣
787,20100428000001,明治七年討番軍本營地紀念碑及石垣,"{'code': 'A9', 'name': '碑碣'}",文化資產保存法第15條暨歷史建築登錄廢止審查及輔助辦法辦理。,120.699778,22.046556,"{'itemNo': 1, 'cityName': '屏東縣', 'distName': '車城鄉', 'address': '後灣村國立海洋博物館停車場旁'}",屏東縣政府,屏東縣文化資產保護所	,屏東縣屏東市菸廠路1號	,08-7210234,"<a href=""http://nchdb.boch.gov.tw/assets/advanceSearch/historicalBuilding/20100428000001"" target=""_blank"">http://nchdb.boch.gov.tw/assets/advanceSearch/historicalBuilding/20100428000001</a>","[{'classification': '指定/登錄', 'officialDocNo': '屏府文資字第0990103836號', 'registerDate': '2010-04-28 00:00:00.0'}]",碑碣,屏東縣
788,20111201000001,大日本琉球藩民五十四名墓,"{'code': 'A12', 'name': '墓葬'}",文化資產保存法第15條暨歷史建築登錄廢止審查及輔助辦法辦理,120.728889,22.072333,"{'itemNo': 1, 'cityName': '屏東縣', 'distName': '車城鄉', 'address': '興統段600、603地號'}",屏東縣政府,屏東縣文化資產保護所,屏東縣屏東市菸廠路1號,08-7210234,"<a href=""http://nchdb.boch.gov.tw/assets/advanceSearch/historicalBuilding/20111201000001"" target=""_blank"">http://nchdb.boch.gov.tw/assets/advanceSearch/historicalBuilding/20111201000001</a>","[{'classification': '指定/登錄', 'officialDocNo': '屏府文資字1000318612號', 'registerDate': '2011-12-01 11:34:41.0'}, {'classification': '變更/修正', 'officialDocNo': '屏府文保字第11330347900號', 'registerDate': '2024-05-22 10:19:47.337'}]",墓葬,屏東縣
788,20111201000001,大日本琉球藩民五十四名墓,"{'code': 'A12', 'name': '墓葬'}",文化資產保存法第15條暨歷史建築登錄廢止審查及輔助辦法辦理,120.728889,22.072333,"{'itemNo': 2, 'cityName': '屏東縣', 'distName': '車城鄉', 'address': '興統段605'}",屏東縣政府,屏東縣文化資產保護所,屏東縣屏東市菸廠路1號,08-7210234,"<a href=""http://nchdb.boch.gov.tw/assets/advanceSearch/historicalBuilding/20111201000001"" target=""_blank"">http://nchdb.boch.gov.tw/assets/advanceSearch/historicalBuilding/20111201000001</a>","[{'classification': '指定/登錄', 'officialDocNo': '屏府文資字1000318612號', 'registerDate': '2011-12-01 11:34:41.0'}, {'classification': '變更/修正', 'officialDocNo': '屏府文保字第11330347900號', 'registerDate': '2024-05-22 10:19:47.337'}]",墓葬,屏東縣
789,20111201000002,西鄉都督遺蹟紀念碑,"{'code': 'A9', 'name': '碑碣'}",文化資產保存法第15條暨歷史建築登錄廢止審查及輔助辦法辦理,120.762889,22.103694,"{'itemNo': 1, 'cityName': '屏東縣', 'distName': '車城鄉', 'address': '四重溪段151-142地號'}",屏東縣政府,屏東縣文化資產保護所,屏東縣屏東市菸廠路1號	,08-7210234,"<a href=""http://nchdb.boch.gov.tw/assets/advanceSearch/historicalBuilding/20111201000002"" target=""_blank"">http://nchdb.boch.gov.tw/assets/advanceSearch/historicalBuilding/20111201000002</a>","[{'classification': '指定/登錄', 'officialDocNo': '屏府文資字第1000318614號', 'registerDate': '2011-12-01 11:24:13.0'}]",碑碣,屏東縣
790,20111205000001,聯福磚窯,"{'code': 'A16', 'name': '產業'}",文化資產保存法第15條暨歷史建築登錄廢止審查及輔助辦法辦理。,120.749083,22.007694,"{'itemNo': 1, 'cityName': '屏東縣', 'distName': '恆春鎮', 'address': '恆北路1巷5號'}",屏東縣政府,屏東縣文化資產保護所	,屏東縣屏東市菸廠路1號	,08-7210234,"<a href=""http://nchdb.boch.gov.tw/assets/advanceSearch/historicalBuilding/20111205000001"" target=""_blank"">http://nchdb.boch.gov.tw/assets/advanceSearch/historicalBuilding/20111205000001</a>","[{'classification': '指定/登錄', 'officialDocNo': '屏府文資字1000318606號', 'registerDate': '2011-12-05 11:51:56.0'}]",產業,屏東縣
791,20080103000001,滿州鄉敬聖亭,"{'code': 'A99', 'name': '其他設施', 'other': ''}",文化資產保存法第15條暨歷史建築登錄廢止審查及輔助辦法辦理,120.837389,22.012333,"{'itemNo': 1, 'cityName': '屏東縣', 'distName': '滿州鄉', 'address': '中山路路旁'}",屏東縣政府,文化處文化資產保護所,屏東縣屏東市菸廠路1號	,08-7210234,"<a href=""http://nchdb.boch.gov.tw/assets/advanceSearch/historicalBuilding/20080103000001"" target=""_blank"">http://nchdb.boch.gov.tw/assets/advanceSearch/historicalBuilding/20080103000001</a>","[{'classification': '指定/登錄', 'officialDocNo': '屏府文資字第0970004466號', 'registerDate': '2008-01-03 14:24:12.0'}, {'classification': '變更/修正', 'officialDocNo': '屏府文資字第0980171515號', 'registerDate': '2009-07-21 00:00:00.0'}, {'classification': '變更/修正', 'officialDocNo': '屏府文保字第10930586200號', 'registerDate': '2020-11-13 00:00:00.0'}]",其他設施,屏東縣
792,20071121000001,馬公水上警察官吏派出所,"{'code': 'A6', 'name': '衙署'}",<<歷史建築登錄廢止審查及輔助辦法>>第2條第1項第1、2、3、4款,119.563623,23.563206,"{'itemNo': 1, 'cityName': '澎湖縣', 'distName': '馬公市', 'address': '復興里臨海路40號'}",澎湖縣政府文化局,文化資產科,澎湖縣馬公市中華路230號,06-9261141#138,"<a href=""http://nchdb.boch.gov.tw/assets/advanceSearch/historicalBuilding/20071121000001"" target=""_blank"">http://nchdb.boch.gov.tw/assets/advanceSearch/historicalBuilding/20071121000001</a>","[{'classification': '指定/登錄', 'officialDocNo': '府授文資字第09637001131號', 'registerDate': '2007-11-21 09:15:43.0'}]",衙署,澎湖縣
793,20080704000001,雞母塢古宅,"{'code': 'A3', 'name': '宅第'}",<<歷史建築登錄廢止審查及輔助辦法>>第2條第1項第1、2、3、4款,119.586073,23.528872,"{'itemNo': 1, 'cityName': '澎湖縣', 'distName': '馬公市', 'address': '五德里雞母塢77之8號'}",澎湖縣政府文化局,文化資產科,澎湖縣馬公市中華路230號,06-9261141#138,"<a href=""http://nchdb.boch.gov.tw/assets/advanceSearch/historicalBuilding/20080704000001"" target=""_blank"">http://nchdb.boch.gov.tw/assets/advanceSearch/historicalBuilding/20080704000001</a>","[{'classification': '指定/登錄', 'officialDocNo': '府授文資字第0973700073號', 'registerDate': '2008-07-04 14:59:26.0'}, {'classification': '變更/修正', 'officialDocNo': '府授文資字第0973700109號', 'registerDate': '2008-09-03 11:06:18.785', 'note': '公告更正「雞母塢古宅」登錄為本縣歷史建築之增加土地地號及面積'}]",宅第,澎湖縣
794,20081203000001,嵵裡古宅,"{'code': 'A3', 'name': '宅第'}",<<歷史建築登錄廢止審查及輔助辦法>>第2條第1項第1、2、3、4款,119.570518,23.525441999999998,"{'itemNo': 1, 'cityName': '澎湖縣', 'distName': '馬公市', 'address': '嵵裡里77號'}",澎湖縣政府文化局,文化資產科,澎湖縣馬公市中華路230號,06-9261141#138,"<a href=""http://nchdb.boch.gov.tw/assets/advanceSearch/historicalBuilding/20081203000001"" target=""_blank"">http://nchdb.boch.gov.tw/assets/advanceSearch/historicalBuilding/20081203000001</a>","[{'classification': '指定/登錄', 'officialDocNo': '府授文資字第0973700163號', 'registerDate': '2008-12-03 14:53:35.0'}]",宅第,澎湖縣
795,20090512000001,東衛呂丁思古宅,"{'code': 'A3', 'name': '宅第'}",<<歷史建築登錄廢止審查及輔助辦法>>第2條第1項第1、2、3、4款,119.602335,23.568316,"{'itemNo': 1, 'cityName': '澎湖縣', 'distName': '馬公市', 'address': '東衛里69號'}",澎湖縣政府文化局,文化資產科,澎湖縣馬公市中華路230號,06-9261141#138,"<a href=""http://nchdb.boch.gov.tw/assets/advanceSearch/historicalBuilding/20090512000001"" target=""_blank"">http://nchdb.boch.gov.tw/assets/advanceSearch/historicalBuilding/20090512000001</a>","[{'classification': '指定/登錄', 'officialDocNo': '府授文資字第0983700065號', 'registerDate': '2009-05-12 14:08:11.0'}]",宅第,澎湖縣
796,20101109000001,後窟潭呂石碣古厝,"{'code': 'A3', 'name': '宅第'}",<<歷史建築登錄廢止審查及輔助辦法>>第2條第1項第1、2、3、4款,119.569305,23.584122999999998,"{'itemNo': 1, 'cityName': '澎湖縣', 'distName': '馬公市', 'address': '重光里90號'}",澎湖縣政府文化局,文化資產科,澎湖縣馬公市中華路230號,06-9261141#138,"<a href=""http://nchdb.boch.gov.tw/assets/advanceSearch/historicalBuilding/20101109000001"" target=""_blank"">http://nchdb.boch.gov.tw/assets/advanceSearch/historicalBuilding/20101109000001</a>","[{'classification': '指定/登錄', 'officialDocNo': '府授文資字第0993700159號', 'registerDate': '2010-11-09 11:00:34.0'}]",宅第,澎湖縣
797,20100408000002,鎖港許祖取古宅,"{'code': 'A3', 'name': '宅第'}",<<歷史建築登錄廢止審查及輔助辦法>>第2條第1項第1、2、3、4款,119.600606,23.524948,"{'itemNo': 1, 'cityName': '澎湖縣', 'distName': '馬公市', 'address': '鎖港里1186號'}",澎湖縣政府文化局,文化資產科,澎湖縣馬公市中華路230號,06-9261141#138,"<a href=""http://nchdb.boch.gov.tw/assets/advanceSearch/historicalBuilding/20100408000002"" target=""_blank"">http://nchdb.boch.gov.tw/assets/advanceSearch/historicalBuilding/20100408000002</a>","[{'classification': '指定/登錄', 'officialDocNo': '府授文資字第0993700038號', 'registerDate': '2010-04-08 08:51:40.0'}]",宅第,澎湖縣
798,20021213000001,澎湖廳舍,"{'code': 'A99', 'name': '其他設施', 'other': '建築物類'}",<<歷史建築登錄廢止審查及輔助辦法>>第2條第1項第1款,119.566468,23.57007,"{'itemNo': 1, 'cityName': '澎湖縣', 'distName': '馬公市', 'address': '中興里治平路32 號'}",澎湖縣政府文化局,文化資產科,澎湖縣馬公市中華路230號,06-9261141#138,"<a href=""http://nchdb.boch.gov.tw/assets/advanceSearch/historicalBuilding/20021213000001"" target=""_blank"">http://nchdb.boch.gov.tw/assets/advanceSearch/historicalBuilding/20021213000001</a>","[{'classification': '指定/登錄', 'officialDocNo': '府授文視字第0910070254 號', 'registerDate': '2002-12-16 00:00:00.0'}]",其他設施,澎湖縣
799,20021213000002,澎湖郵便局,"{'code': 'A99', 'name': '其他設施', 'other': '建築物類'}",<<歷史建築登錄廢止審查及輔助辦法>>第2條第1項第1款,119.563903,23.563428,"{'itemNo': 1, 'cityName': '澎湖縣', 'distName': '馬公市', 'address': '中山路75號之1'}",澎湖縣政府文化局,文化資產科,澎湖縣馬公市中華路230號,06-9261141#138,"<a href=""http://nchdb.boch.gov.tw/assets/advanceSearch/historicalBuilding/20021213000002"" target=""_blank"">http://nchdb.boch.gov.tw/assets/advanceSearch/historicalBuilding/20021213000002</a>","[{'classification': '指定/登錄', 'officialDocNo': '府授文視字第0910070254 號', 'registerDate': '2002-12-16 00:00:00.0'}]",其他設施,澎湖縣
800,20021213000003,澎湖廳廳長官舍,"{'code': 'A99', 'name': '其他設施', 'other': '建築物類'}",<<歷史建築登錄廢止審查及輔助辦法>>第2條第1項第1款,119.567316,23.569942,"{'itemNo': 1, 'cityName': '澎湖縣', 'distName': '馬公市', 'address': '中興里治平路30 號'}",澎湖縣政府文化局,文化資產科,澎湖縣馬公市中華路230號,06-9261141#138,"<a href=""http://nchdb.boch.gov.tw/assets/advanceSearch/historicalBuilding/20021213000003"" target=""_blank"">http://nchdb.boch.gov.tw/assets/advanceSearch/historicalBuilding/20021213000003</a>","[{'classification': '指定/登錄', 'officialDocNo': '府授文視字第0910070254 號', 'registerDate': '2002-12-16 00:00:00.0'}]",其他設施,澎湖縣
801,20021213000004,馬公市第三水源地一千噸配水塔,"{'code': 'A99', 'name': '其他設施', 'other': '其他歷史遺蹟'}",<<歷史建築登錄廢止審查及輔助辦法>>第2條第1項第1款,119.564509,23.568649,"{'itemNo': 1, 'cityName': '澎湖縣', 'distName': '馬公市', 'address': '中正堂後方介壽路和民族路交叉口處'}",澎湖縣政府文化局,文化資產科,澎湖縣馬公市中華路230號,06-9261141#138,"<a href=""http://nchdb.boch.gov.tw/assets/advanceSearch/historicalBuilding/20021213000004"" target=""_blank"">http://nchdb.boch.gov.tw/assets/advanceSearch/historicalBuilding/20021213000004</a>","[{'classification': '指定/登錄', 'officialDocNo': '府授文視字第0910070254 號', 'registerDate': '2002-12-16 00:00:00.0'}]",其他設施,澎湖縣
802,20021213000005,臺灣總督府專賣局澎湖出張所,"{'code': 'A99', 'name': '其他設施', 'other': '建築物類'}",<<歷史建築登錄廢止審查及輔助辦法>>第2條第1項第1款,119.563931,23.567846,"{'itemNo': 1, 'cityName': '澎湖縣', 'distName': '馬公市', 'address': '民生路42號'}",澎湖縣政府文化局,文化資產科,澎湖縣馬公市中華路230號,06-9261141#138,"<a href=""http://nchdb.boch.gov.tw/assets/advanceSearch/historicalBuilding/20021213000005"" target=""_blank"">http://nchdb.boch.gov.tw/assets/advanceSearch/historicalBuilding/20021213000005</a>","[{'classification': '指定/登錄', 'officialDocNo': '府授文視字第0910070254 號', 'registerDate': '2002-12-16 00:00:00.0'}]",其他設施,澎湖縣
803,20021213000006,澎湖廳憲兵隊,"{'code': 'A99', 'name': '其他設施', 'other': '其他歷史遺蹟'}",<<歷史建築登錄廢止審查及輔助辦法>>第2條第1項第1、3款,119.56379,23.564519,"{'itemNo': 1, 'cityName': '澎湖縣', 'distName': '馬公市', 'address': '民族路22號'}",澎湖縣政府文化局,文化資產科,澎湖縣馬公市中華路230號,06-9261141#138,"<a href=""http://nchdb.boch.gov.tw/assets/advanceSearch/historicalBuilding/20021213000006"" target=""_blank"">http://nchdb.boch.gov.tw/assets/advanceSearch/historicalBuilding/20021213000006</a>","[{'classification': '指定/登錄', 'officialDocNo': '府授文視字第0910070254 號', 'registerDate': '2002-12-16 00:00:00.0'}]",其他設施,澎湖縣
804,20021213000007,馬公文石書院魁星樓,"{'code': 'A99', 'name': '其他設施', 'other': '建築物類'}",<<歷史建築登錄廢止審查及輔助辦法>>第2條第1項第1款,119.58019334854332,23.566690574115153,"{'itemNo': 1, 'cityName': '澎湖縣', 'distName': '馬公市', 'address': '西文里104之7號'}",澎湖縣政府文化局,文化資產科,澎湖縣馬公市中華路230號,06-9261141#138,"<a href=""http://nchdb.boch.gov.tw/assets/advanceSearch/historicalBuilding/20021213000007"" target=""_blank"">http://nchdb.boch.gov.tw/assets/advanceSearch/historicalBuilding/20021213000007</a>","[{'classification': '指定/登錄', 'officialDocNo': '府授文視字第0910070254 號 ', 'registerDate': '2002-12-16 00:00:00.0'}]",其他設施,澎湖縣
805,20021213000008,西瀛勝境牌樓,"{'code': 'A99', 'name': '其他設施', 'other': '其他歷史遺蹟'}",<<歷史建築登錄廢止審查及輔助辦法>>第2條第1項第1款,119.56298,23.567702,"{'itemNo': 1, 'cityName': '澎湖縣', 'distName': '馬公市', 'address': '民生路和介壽路交叉口'}",澎湖縣政府文化局,文化資產科,澎湖縣馬公市中華路230號,06-9261141#138,"<a href=""http://nchdb.boch.gov.tw/assets/advanceSearch/historicalBuilding/20021213000008"" target=""_blank"">http://nchdb.boch.gov.tw/assets/advanceSearch/historicalBuilding/20021213000008</a>","[{'classification': '指定/登錄', 'officialDocNo': '府授文視字第0910070254 號', 'registerDate': '2002-12-16 00:00:00.0'}]",其他設施,澎湖縣
806,20021213000009,馬公東甲北極殿,"{'code': 'A99', 'name': '其他設施', 'other': '建築物類'}",<<歷史建築登錄廢止審查及輔助辦法>>第2條第1項第1款,119.566866,23.56493,"{'itemNo': 1, 'cityName': '澎湖縣', 'distName': '馬公市', 'address': '啟明里啟明街1鄰2號'}",澎湖縣政府文化局,文化資產科,澎湖縣馬公市中華路230號,06-9261141#138,"<a href=""http://nchdb.boch.gov.tw/assets/advanceSearch/historicalBuilding/20021213000009"" target=""_blank"">http://nchdb.boch.gov.tw/assets/advanceSearch/historicalBuilding/20021213000009</a>","[{'classification': '指定/登錄', 'officialDocNo': '府授文視字第0910070254 號', 'registerDate': '2002-12-16 00:00:00.0'}, {'classification': '變更/修正', 'officialDocNo': '府授文視字第09300135212號', 'registerDate': '2004-03-02 08:29:44.406', 'note': '公告更正「馬公東甲北極殿」登錄為本縣歷史建築之地號'}]",其他設施,澎湖縣
807,20031211000001,澎湖縣政府前碉堡,"{'code': 'A99', 'name': '其他設施', 'other': '其他歷史遺蹟'}",<<歷史建築登錄廢止審查及輔助辦法>>第2條第1項第1款,119.566936,23.569691,"{'itemNo': 1, 'cityName': '澎湖縣', 'distName': '馬公市', 'address': '忠孝路與治平路交口西北側'}",澎湖縣政府文化局,文化資產科,澎湖縣馬公市中華路230號,06-9261141#138,"<a href=""http://nchdb.boch.gov.tw/assets/advanceSearch/historicalBuilding/20031211000001"" target=""_blank"">http://nchdb.boch.gov.tw/assets/advanceSearch/historicalBuilding/20031211000001</a>","[{'classification': '指定/登錄', 'officialDocNo': '府授文視字第09200726221號', 'registerDate': '2003-12-11 09:13:34.0'}]",其他設施,澎湖縣
808,20031211000002,澎湖公賣局北側防空壕,"{'code': 'A99', 'name': '其他設施', 'other': '其他歷史遺蹟'}",<<歷史建築登錄廢止審查及輔助辦法>>第2條第1項第1款,119.564249,23.568551,"{'itemNo': 1, 'cityName': '澎湖縣', 'distName': '馬公市', 'address': '民族路、介壽路和民生路交會三角地帶，介於菸酒公司與中正堂之間'}",澎湖縣政府文化局,文化資產科,澎湖縣馬公市中華路230號,06-9261141#138,"<a href=""http://nchdb.boch.gov.tw/assets/advanceSearch/historicalBuilding/20031211000002"" target=""_blank"">http://nchdb.boch.gov.tw/assets/advanceSearch/historicalBuilding/20031211000002</a>","[{'classification': '指定/登錄', 'officialDocNo': '府授文視字第09200726222號', 'registerDate': '2003-12-11 09:14:04.0'}, {'classification': '變更/修正', 'officialDocNo': '府授文視字第09300135211號', 'registerDate': '2004-03-02 14:26:17.085', 'note': '公告更正「澎湖公賣局北側防空壕」登錄為本縣歷史建築之地號'}]",其他設施,澎湖縣
809,20031211000003,文石書院內石碑（六面）,"{'code': 'A99', 'name': '其他設施', 'other': '其他歷史遺蹟'}",<<歷史建築登錄廢止審查及輔助辦法>>第2條第1項第1款,119.580195,23.567152,"{'itemNo': 1, 'cityName': '澎湖縣', 'distName': '馬公市', 'address': '西文澳104之7號'}",澎湖縣政府文化局,文化資產科,澎湖縣馬公市中華路230號,06-9261141#138,"<a href=""http://nchdb.boch.gov.tw/assets/advanceSearch/historicalBuilding/20031211000003"" target=""_blank"">http://nchdb.boch.gov.tw/assets/advanceSearch/historicalBuilding/20031211000003</a>","[{'classification': '指定/登錄', 'officialDocNo': '府授文視字第09200726223號', 'registerDate': '2003-12-11 09:12:41.0'}]",其他設施,澎湖縣
810,20031211000004,馬公合昌建材行,"{'code': 'A99', 'name': '其他設施', 'other': '建築物類'}",<<歷史建築登錄廢止審查及輔助辦法>>第2條第1項第1款,119.568487,23.567745,"{'itemNo': 1, 'cityName': '澎湖縣', 'distName': '馬公市', 'address': '新生路14號'}",澎湖縣政府文化局,文化資產科,澎湖縣馬公市中華路230號,06-9261141#138,"<a href=""http://nchdb.boch.gov.tw/assets/advanceSearch/historicalBuilding/20031211000004"" target=""_blank"">http://nchdb.boch.gov.tw/assets/advanceSearch/historicalBuilding/20031211000004</a>","[{'classification': '指定/登錄', 'officialDocNo': '府授文視字第09200726224 號', 'registerDate': '2003-12-11 08:59:49.0'}]",其他設施,澎湖縣
811,20131011000001,澎湖醫院防空洞,"{'code': 'A99', 'name': '其他設施', 'other': '醫院設施'}",<<歷史建築登錄廢止審查及輔助辦法>>第2條第2款,119.565401,23.564556,"{'itemNo': 1, 'cityName': '澎湖縣', 'distName': '馬公市', 'address': '中正路10號'}",澎湖縣政府文化局,文化資產科,澎湖縣馬公市中華路230號,06-9261141#138,"<a href=""http://nchdb.boch.gov.tw/assets/advanceSearch/historicalBuilding/20131011000001"" target=""_blank"">http://nchdb.boch.gov.tw/assets/advanceSearch/historicalBuilding/20131011000001</a>","[{'classification': '指定/登錄', 'officialDocNo': '府授文資字第1023702647號', 'registerDate': '2013-10-04 00:00:00.0'}, {'classification': '變更/修正', 'officialDocNo': '府授文資字第10737035462號', 'registerDate': '2018-11-14 00:00:00.0', 'note': '公告更正歷史建築「澎湖醫院舊門廳暨防空洞」其所定著土地之範圍。'}, {'classification': '變更/修正', 'officialDocNo': '府授文資第1123704460號', 'registerDate': '2023-11-23 15:53:44.972'}]",其他設施,澎湖縣
812,20140911000001,鎖港許監督古宅,"{'code': 'A3', 'name': '宅第'}",<<歷史建築登錄廢止審查及輔助辦法>>第2條第1項第1、2、3款,119.600078,23.524674,"{'itemNo': 1, 'cityName': '澎湖縣', 'distName': '馬公市', 'address': '鎖港里1237號'}",澎湖縣政府文化局,文化資產科,澎湖縣馬公市中華路230號,06-9261141#138,"<a href=""http://nchdb.boch.gov.tw/assets/advanceSearch/historicalBuilding/20140911000001"" target=""_blank"">http://nchdb.boch.gov.tw/assets/advanceSearch/historicalBuilding/20140911000001</a>","[{'classification': '指定/登錄', 'officialDocNo': '府授文資字第10337023982號', 'registerDate': '2014-09-11 13:55:10.0'}]",宅第,澎湖縣
813,20071121000002,馬公篤行十村,"{'code': 'A3', 'name': '宅第'}",<<歷史建築登錄廢止審查及輔助辦法>>第2條第1項第1、2、3、4款,119.56098,23.563858,"{'itemNo': 1, 'cityName': '澎湖縣', 'distName': '馬公市', 'address': '馬公市復興里'}",澎湖縣政府文化局,文化資產科,澎湖縣馬公市中華路230號,06-9261141#139,"<a href=""http://nchdb.boch.gov.tw/assets/advanceSearch/historicalBuilding/20071121000002"" target=""_blank"">http://nchdb.boch.gov.tw/assets/advanceSearch/historicalBuilding/20071121000002</a>","[{'classification': '指定/登錄', 'officialDocNo': '府授文資字第09637001133號', 'registerDate': '2007-11-21 09:17:10.0'}]",宅第,澎湖縣
814,20071121000003,隘門新村,"{'code': 'A3', 'name': '宅第'}",<<歷史建築登錄廢止審查及輔助辦法>>第2條第1項第1、2、3款,119.632912,23.557465,"{'itemNo': 1, 'cityName': '澎湖縣', 'distName': '湖西鄉', 'address': '湖西鄉隘門村'}",澎湖縣政府文化局,文化資產科,澎湖縣馬公市中華路230號,06-9261141#138,"<a href=""http://nchdb.boch.gov.tw/assets/advanceSearch/historicalBuilding/20071121000003"" target=""_blank"">http://nchdb.boch.gov.tw/assets/advanceSearch/historicalBuilding/20071121000003</a>","[{'classification': '指定/登錄', 'officialDocNo': '府授文資字第09637001134號', 'registerDate': '2007-11-21 09:17:27.0'}, {'classification': '變更/修正', 'officialDocNo': '府授文資字第0963700119號', 'registerDate': '2007-11-29 14:39:56.908', 'note': '公告更正「隘門新村」登錄為本縣歷史建築之名稱及位置'}]",宅第,澎湖縣
815,20031211000005,外垵餌砲,"{'code': 'A99', 'name': '其他設施', 'other': '其他歷史遺蹟'}",<<歷史建築登錄廢止審查及輔助辦法>>第2條第1項第1款,119.475733,23.56466,"{'itemNo': 1, 'cityName': '澎湖縣', 'distName': '西嶼鄉', 'address': '外垵村西埔頂'}",澎湖縣政府文化局,文化資產科,澎湖縣馬公市中華路230號,06-9261141#138,"<a href=""http://nchdb.boch.gov.tw/assets/advanceSearch/historicalBuilding/20031211000005"" target=""_blank"">http://nchdb.boch.gov.tw/assets/advanceSearch/historicalBuilding/20031211000005</a>","[{'classification': '指定/登錄', 'officialDocNo': '府授文視字第09200726228 號', 'registerDate': '2003-12-11 09:10:09.0'}]",其他設施,澎湖縣
816,20100902000001,西嶼鄉黃氏宗祠,"{'code': 'A1', 'name': '祠堂'}",<<歷史建築登錄廢止審查及輔助辦法>>第2條第1項第1、2、3、4款,119.504663,23.598549,"{'itemNo': 1, 'cityName': '澎湖縣', 'distName': '西嶼鄉', 'address': '池西村小池角166號'}",澎湖縣政府文化局,文化資產科,澎湖縣馬公市中華路230號,06-9261141#138,"<a href=""http://nchdb.boch.gov.tw/assets/advanceSearch/historicalBuilding/20100902000001"" target=""_blank"">http://nchdb.boch.gov.tw/assets/advanceSearch/historicalBuilding/20100902000001</a>","[{'classification': '指定/登錄', 'officialDocNo': '府授文資字第0993700115號', 'registerDate': '2010-09-02 14:30:02.0'}, {'classification': '變更/修正', 'officialDocNo': '府授文資字第0993700143號', 'registerDate': '2010-10-11 09:46:19.479', 'note': '公告更正「西嶼鄉黃氏宗祠」登錄為本縣歷史建築之修正位置或地址及增加本體範圍。'}]",祠堂,澎湖縣
817,20140522000001,西安許真古宅,"{'code': 'A3', 'name': '宅第'}",<<歷史建築登錄廢止審查及輔助辦法>>第2條第1項第1、2、3款,119.497208,23.358605,"{'itemNo': 1, 'cityName': '澎湖縣', 'distName': '望安鄉', 'address': '西安村8鄰57號'}",澎湖縣政府文化局,文化資產科,澎湖縣馬公市中華路230號,06-9261141#138,"<a href=""http://nchdb.boch.gov.tw/assets/advanceSearch/historicalBuilding/20140522000001"" target=""_blank"">http://nchdb.boch.gov.tw/assets/advanceSearch/historicalBuilding/20140522000001</a>","[{'classification': '指定/登錄', 'officialDocNo': '府授文資字第1033701204號', 'registerDate': '2014-05-22 16:05:40.0'}]",宅第,澎湖縣
818,20140827000001,小赤林氏宗祠,"{'code': 'A3', 'name': '宅第'}",<<歷史建築登錄廢止審查及輔助辦法>>第2條第1項第1、2、3款,119.597656,23.661131,"{'itemNo': 1, 'cityName': '澎湖縣', 'distName': '白沙鄉', 'address': '小赤村12號'}",澎湖縣政府文化局,文化資產科,澎湖縣馬公市中華路230號,06-9261141#138,"<a href=""http://nchdb.boch.gov.tw/assets/advanceSearch/historicalBuilding/20140827000001"" target=""_blank"">http://nchdb.boch.gov.tw/assets/advanceSearch/historicalBuilding/20140827000001</a>","[{'classification': '指定/登錄', 'officialDocNo': '府授文資字第10337022342號', 'registerDate': '2014-08-27 08:17:11.0'}]",宅第,澎湖縣
819,20130821000001,城前蕭氏前原居古宅,"{'code': 'A3', 'name': '宅第'}",<<歷史建築登錄廢止審查及輔助辦法>>第2條第1項第1、2、3款,119.596377,23.626304,"{'itemNo': 1, 'cityName': '澎湖縣', 'distName': '白沙鄉', 'address': '城前村301-1地號上傳統建築'}",澎湖縣政府文化局,文化資產科,澎湖縣馬公市中華路230號,06-9261141#138,"<a href=""http://nchdb.boch.gov.tw/assets/advanceSearch/historicalBuilding/20130821000001"" target=""_blank"">http://nchdb.boch.gov.tw/assets/advanceSearch/historicalBuilding/20130821000001</a>","[{'classification': '指定/登錄', 'officialDocNo': '府授文資字第1023702138號', 'registerDate': '2013-08-21 00:00:00.0'}]",宅第,澎湖縣
820,20071121000004,通梁林家古宅,"{'code': 'A3', 'name': '宅第'}",<<歷史建築登錄廢止審查及輔助辦法>>第2條第1項第1、2、3、4款,119.557753,23.656686,"{'itemNo': 1, 'cityName': '澎湖縣', 'distName': '白沙鄉', 'address': '通梁村47號'}",澎湖縣政府文化局,文化資產科,澎湖縣馬公市中華路230號,(06)9261141#138,"<a href=""http://nchdb.boch.gov.tw/assets/advanceSearch/historicalBuilding/20071121000004"" target=""_blank"">http://nchdb.boch.gov.tw/assets/advanceSearch/historicalBuilding/20071121000004</a>","[{'classification': '指定/登錄', 'officialDocNo': '府授文資字第09637001135號', 'registerDate': '2007-11-21 16:40:51.0'}]",宅第,澎湖縣
821,20130108000001,白沙小赤村呂石硓古宅,"{'code': 'A3', 'name': '宅第'}",<<歷史建築登錄廢止審查及輔助辦法>>第2條第1項第1、2、3、4款,119.596114,23.66029,"{'itemNo': 1, 'cityName': '澎湖縣', 'distName': '白沙鄉', 'address': '小赤村32號'}",澎湖縣政府文化局,文化資產科,澎湖縣馬公市中華路230號,06-9261141#138,"<a href=""http://nchdb.boch.gov.tw/assets/advanceSearch/historicalBuilding/20130108000001"" target=""_blank"">http://nchdb.boch.gov.tw/assets/advanceSearch/historicalBuilding/20130108000001</a>","[{'classification': '指定/登錄', 'officialDocNo': '府授文資字第1023700021號', 'registerDate': '2013-01-08 16:10:20.0'}, {'classification': '變更/修正', 'officialDocNo': '府授文資字第10437016682號', 'registerDate': '2015-06-09 00:00:00.0', 'note': '公告更正歷史建築「白沙小赤呂石硓古宅」其所定著土地之範圍。'}]",宅第,澎湖縣
822,20130318000001,吉貝林江西古宅,"{'code': 'A3', 'name': '宅第'}",<<歷史建築登錄廢止審查及輔助辦法>>第2條第1項第1、2、3、4款,119.61259,23.742771,"{'itemNo': 1, 'cityName': '澎湖縣', 'distName': '白沙鄉', 'address': '吉貝村124號'}",澎湖縣政府文化局,文化資產科,澎湖縣馬公市中華路230號,06-9261141#138,"<a href=""http://nchdb.boch.gov.tw/assets/advanceSearch/historicalBuilding/20130318000001"" target=""_blank"">http://nchdb.boch.gov.tw/assets/advanceSearch/historicalBuilding/20130318000001</a>","[{'classification': '指定/登錄', 'officialDocNo': '府授文資字第1023700611號', 'registerDate': '2013-03-18 00:00:00.0'}]",宅第,澎湖縣
823,20110321000002,鎮海長源古宅,"{'code': 'A3', 'name': '宅第'}",<<歷史建築登錄廢止審查及輔助辦法>>第2條第1項第1、2、3、4款,119.5994,23.643557,"{'itemNo': 1, 'cityName': '澎湖縣', 'distName': '白沙鄉', 'address': '鎮海村18號'}",澎湖縣政府文化局,文化資產科,澎湖縣馬公市中華路230號,06-9261141#138,"<a href=""http://nchdb.boch.gov.tw/assets/advanceSearch/historicalBuilding/20110321000002"" target=""_blank"">http://nchdb.boch.gov.tw/assets/advanceSearch/historicalBuilding/20110321000002</a>","[{'classification': '指定/登錄', 'officialDocNo': '府授文資字第1003700015號', 'registerDate': '2011-03-21 10:45:09.0'}]",宅第,澎湖縣
824,20031211000006,目斗嶼燈塔,"{'code': 'A99', 'name': '其他設施', 'other': '建築物類'}",<<歷史建築登錄廢止審查及輔助辦法>>第2條第1項第1款,119.600417,23.7863147,"{'itemNo': 1, 'cityName': '澎湖縣', 'distName': '白沙鄉', 'address': '吉貝村186號'}",澎湖縣政府文化局,文化資產科,澎湖縣馬公市中華路230號,06-9261141#138,"<a href=""http://nchdb.boch.gov.tw/assets/advanceSearch/historicalBuilding/20031211000006"" target=""_blank"">http://nchdb.boch.gov.tw/assets/advanceSearch/historicalBuilding/20031211000006</a>","[{'classification': '指定/登錄', 'officialDocNo': '府授文視字第09200726229 號', 'registerDate': '2003-12-11 16:06:54.0'}]",其他設施,澎湖縣
825,20031211000007,澎湖跨海大橋,"{'code': 'A99', 'name': '其他設施', 'other': '其他歷史遺蹟'}",<<歷史建築登錄廢止審查及輔助辦法>>第2條第1項第1款,119.554602,23.658029,"{'itemNo': 1, 'cityName': '澎湖縣', 'distName': '白沙鄉', 'address': '通樑村與西嶼鄉橫礁村之間'}",澎湖縣政府文化局,文化資產科,澎湖縣馬公市中華路230號,06-9261141#138,"<a href=""http://nchdb.boch.gov.tw/assets/advanceSearch/historicalBuilding/20031211000007"" target=""_blank"">http://nchdb.boch.gov.tw/assets/advanceSearch/historicalBuilding/20031211000007</a>","[{'classification': '指定/登錄', 'officialDocNo': '府授文視字第09200726227號', 'registerDate': '2003-12-11 17:24:07.0'}]",其他設施,澎湖縣
826,20031211000008,湖西朝日貝釦工廠,"{'code': 'A99', 'name': '其他設施', 'other': '建築物類'}",<<歷史建築登錄廢止審查及輔助辦法>>第2條第1項第1款,119.638825,23.582913,"{'itemNo': 1, 'cityName': '澎湖縣', 'distName': '湖西鄉', 'address': '西溪村101號'}",澎湖縣政府文化局,文化資產科,澎湖縣馬公市中華路230號,06-9261141#138,"<a href=""http://nchdb.boch.gov.tw/assets/advanceSearch/historicalBuilding/20031211000008"" target=""_blank"">http://nchdb.boch.gov.tw/assets/advanceSearch/historicalBuilding/20031211000008</a>","[{'classification': '指定/登錄', 'officialDocNo': '府授文視字第09200726225 號', 'registerDate': '2003-12-11 09:11:59.0'}, {'classification': '變更/修正', 'officialDocNo': '府授文資字第10837011471號', 'registerDate': '2019-04-30 00:00:00.0', 'note': '廢止湖西鄉西溪新段921地號為「湖西朝日貝釦工廠」歷史建築之範圍，並廢止原公告指定歷史建築「湖西朝日貝釦工廠」所定著土地範圍之面積及地號部分。'}]",其他設施,澎湖縣
827,20031211000009,成功水庫水壩,"{'code': 'A99', 'name': '其他設施', 'other': '其他歷史遺蹟'}",<<歷史建築登錄廢止審查及輔助辦法>>第2條第1項第1款,119.624132,23.579301,"{'itemNo': 1, 'cityName': '澎湖縣', 'distName': '湖西鄉', 'address': '成功村'}",澎湖縣政府文化局,文化資產科,澎湖縣馬公市中華路230號,06-9261141#138,"<a href=""http://nchdb.boch.gov.tw/assets/advanceSearch/historicalBuilding/20031211000009"" target=""_blank"">http://nchdb.boch.gov.tw/assets/advanceSearch/historicalBuilding/20031211000009</a>","[{'classification': '指定/登錄', 'officialDocNo': '府授文視字第09200726226 號', 'registerDate': '2003-12-11 09:14:49.0'}]",其他設施,澎湖縣
828,20071121000005,湖西菓葉灰窯,"{'code': 'A16', 'name': '產業'}",<<歷史建築登錄廢止審查及輔助辦法>>第2條第1項第1、2、3、4款,119.680606,23.57533,"{'itemNo': 1, 'cityName': '澎湖縣', 'distName': '湖西鄉', 'address': '菓葉村'}",澎湖縣政府文化局,文化資產科,澎湖縣馬公市中華路230號,06-9261141#138,"<a href=""http://nchdb.boch.gov.tw/assets/advanceSearch/historicalBuilding/20071121000005"" target=""_blank"">http://nchdb.boch.gov.tw/assets/advanceSearch/historicalBuilding/20071121000005</a>","[{'classification': '指定/登錄', 'officialDocNo': '府授文資字第09637001132號', 'registerDate': '2007-11-21 16:23:28.0'}]",產業,澎湖縣
829,20090608000001,湖西辛家古宅,"{'code': 'A3', 'name': '宅第'}",<<歷史建築登錄廢止審查及輔助辦法>>第2條第1項第1、2、3、4款,119.658702,23.585864,"{'itemNo': 1, 'cityName': '澎湖縣', 'distName': '湖西鄉', 'address': '湖西村11號'}",澎湖縣政府文化局,文化資產科,澎湖縣馬公市中華路230號,06-9261141#138,"<a href=""http://nchdb.boch.gov.tw/assets/advanceSearch/historicalBuilding/20090608000001"" target=""_blank"">http://nchdb.boch.gov.tw/assets/advanceSearch/historicalBuilding/20090608000001</a>","[{'classification': '指定/登錄', 'officialDocNo': '府授文資字第0983700079號', 'registerDate': '2009-06-08 16:09:58.0'}, {'classification': '變更/修正', 'officialDocNo': '府授文資字第0983700086號', 'registerDate': '2009-06-26 16:46:55.624', 'note': '公告更正「湖西辛家古宅」登錄為本縣歷史建築之修正土地地號'}]",宅第,澎湖縣
830,20100211000001,南寮許返古宅,"{'code': 'A3', 'name': '宅第'}",<<歷史建築登錄廢止審查及輔助辦法>>第2條第1項第1、2、3、4款,119.669688,23.585458,"{'itemNo': 1, 'cityName': '澎湖縣', 'distName': '湖西鄉', 'address': '南寮村111號'}",澎湖縣政府文化局,文化資產科,澎湖縣馬公市中華路230號,06-9261141#138,"<a href=""http://nchdb.boch.gov.tw/assets/advanceSearch/historicalBuilding/20100211000001"" target=""_blank"">http://nchdb.boch.gov.tw/assets/advanceSearch/historicalBuilding/20100211000001</a>","[{'classification': '指定/登錄', 'officialDocNo': '府授文資字第0993700018號', 'registerDate': '2010-02-11 16:07:45.0'}]",宅第,澎湖縣
831,20120208000001,大城北林登豫古宅,"{'code': 'A3', 'name': '宅第'}",<<歷史建築登錄廢止審查及輔助辦法>>第2條第1項第1、2、3、4款,119.624999,23.565162,"{'itemNo': 1, 'cityName': '澎湖縣', 'distName': '湖西鄉', 'address': '城北村50號'}",澎湖縣政府文化局,文化資產科,澎湖縣馬公市中華路230號,06-9261141#138,"<a href=""http://nchdb.boch.gov.tw/assets/advanceSearch/historicalBuilding/20120208000001"" target=""_blank"">http://nchdb.boch.gov.tw/assets/advanceSearch/historicalBuilding/20120208000001</a>","[{'classification': '指定/登錄', 'officialDocNo': '府授文資字第1013700008號', 'registerDate': '2012-02-08 15:05:21.0'}]",宅第,澎湖縣
832,20120312000001,龍門呂能古宅,"{'code': 'A3', 'name': '宅第'}",<<歷史建築登錄廢止審查及輔助辦法>>第2條第1項第1、2、3、4款,119.670377,23.564616,"{'itemNo': 1, 'cityName': '澎湖縣', 'distName': '湖西鄉', 'address': '龍門村162號'}",澎湖縣政府文化局,文化資產科,澎湖縣馬公市中華路230號,06-9261141#138,"<a href=""http://nchdb.boch.gov.tw/assets/advanceSearch/historicalBuilding/20120312000001"" target=""_blank"">http://nchdb.boch.gov.tw/assets/advanceSearch/historicalBuilding/20120312000001</a>","[{'classification': '指定/登錄', 'officialDocNo': '府授文資字第1013700014號', 'registerDate': '2012-02-17 00:00:00.0'}, {'classification': '變更/修正', 'officialDocNo': '府授文資字第1013700021號', 'registerDate': '2012-03-12 00:00:00.0', 'note': '公告更正歷史建築「龍門呂能古宅」增列公告事項六行政救濟相關法令。'}]",宅第,澎湖縣
833,20021205000001,中華會館,"{'code': 'A22', 'name': '集會堂'}","1.文化資產保存法第27條之一
2.歷史建築登錄及輔助辦法
3.臺東縣91年11月15日歷史建築登錄審查會議決議辦理
",121.15555225362111,22.75381256982793,"{'itemNo': 1, 'cityName': '臺東縣', 'distName': '臺東市', 'address': '臺東市中正路143號'}",臺東縣政府文化處,文化資產科,臺東市南京路25號,089-350129,"<a href=""http://nchdb.boch.gov.tw/assets/advanceSearch/historicalBuilding/20021205000001"" target=""_blank"">http://nchdb.boch.gov.tw/assets/advanceSearch/historicalBuilding/20021205000001</a>","[{'classification': '指定/登錄', 'officialDocNo': '府文資字第 0910114574 號', 'registerDate': '2002-12-05 15:33:23.0'}, {'classification': '變更/修正', 'officialDocNo': '府文資字第1090209768號', 'registerDate': '2020-10-06 11:25:08.781', 'note': '補正公告'}]",集會堂,臺東縣
834,20021205000002,臺東舊站機關車庫,"{'code': 'A99', 'name': '其他設施', 'other': '車站附屬建築物'}","1.文化資產保存法第27條之一
2.歷史建築登錄及輔助辦法
3.臺東縣91年11月15日歷史建築登錄審查會議決議辦理
",121.1436832518814,22.75343437478585,"{'itemNo': 1, 'cityName': '臺東縣', 'distName': '臺東市', 'address': '鐵花路371 號'}",臺東縣政府,文化處文化資產科,臺東市南京路25號,089-350129,"<a href=""http://nchdb.boch.gov.tw/assets/advanceSearch/historicalBuilding/20021205000002"" target=""_blank"">http://nchdb.boch.gov.tw/assets/advanceSearch/historicalBuilding/20021205000002</a>","[{'classification': '指定/登錄', 'officialDocNo': '府文資字第 0910114574 號', 'registerDate': '2002-12-05 10:32:49.0'}]",其他設施,臺東縣
834,20021205000002,臺東舊站機關車庫,"{'code': 'A16', 'name': '產業'}","1.文化資產保存法第27條之一
2.歷史建築登錄及輔助辦法
3.臺東縣91年11月15日歷史建築登錄審查會議決議辦理
",121.1436832518814,22.75343437478585,"{'itemNo': 1, 'cityName': '臺東縣', 'distName': '臺東市', 'address': '鐵花路371 號'}",臺東縣政府,文化處文化資產科,臺東市南京路25號,089-350129,"<a href=""http://nchdb.boch.gov.tw/assets/advanceSearch/historicalBuilding/20021205000002"" target=""_blank"">http://nchdb.boch.gov.tw/assets/advanceSearch/historicalBuilding/20021205000002</a>","[{'classification': '指定/登錄', 'officialDocNo': '府文資字第 0910114574 號', 'registerDate': '2002-12-05 10:32:49.0'}]",產業,臺東縣
835,20021205000003,縣長公館,"{'code': 'A17', 'name': '官邸'}","1.文化資產保存法第27條之一
2.歷史建築登錄及輔助辦法
3.臺東縣91年11月15日歷史建築登錄審查會議決議辦理
",121.149940171871,22.7566365049225,"{'itemNo': 1, 'cityName': '臺東縣', 'distName': '臺東市', 'address': '更生路15 號'}",臺東縣政府,文化處文化資產科,臺東市南京路25號,089-350129,"<a href=""http://nchdb.boch.gov.tw/assets/advanceSearch/historicalBuilding/20021205000003"" target=""_blank"">http://nchdb.boch.gov.tw/assets/advanceSearch/historicalBuilding/20021205000003</a>","[{'classification': '指定/登錄', 'officialDocNo': '府文資字第 0910114574 號', 'registerDate': '2002-12-05 16:36:00.0'}]",官邸,臺東縣
836,20021205000004,市長公館,"{'code': 'A17', 'name': '官邸'}","1.文化資產保存法第27條之一
2.歷史建築登錄及輔助辦法
3.臺東縣91年11月15日歷史建築登錄審查會議決議辦理
",121.152897,22.75786,"{'itemNo': 1, 'cityName': '臺東縣', 'distName': '臺東市', 'address': '中山路190 號'}",臺東縣政府,文化處文化資產科,臺東市南京路25號,089-350129,"<a href=""http://nchdb.boch.gov.tw/assets/advanceSearch/historicalBuilding/20021205000004"" target=""_blank"">http://nchdb.boch.gov.tw/assets/advanceSearch/historicalBuilding/20021205000004</a>","[{'classification': '指定/登錄', 'officialDocNo': '府文資字第 0910114574 號', 'registerDate': '2002-12-05 10:33:22.0'}]",官邸,臺東縣
837,20021205000005,玉豐窯業（蛇窯）,"{'code': 'A16', 'name': '產業'}","1.文化資產保存法第27條之一
2.歷史建築登錄及輔助辦法
3.臺東縣91年11月15日歷史建築登錄審查會議決議辦理
",121.14710472703989,22.791208914282073,"{'itemNo': 1, 'cityName': '臺東縣', 'distName': '臺東市', 'address': '志航路2 段46 號'}",臺東縣政府, 文化處文化資產科,臺東市南京路25號,089-350129,"<a href=""http://nchdb.boch.gov.tw/assets/advanceSearch/historicalBuilding/20021205000005"" target=""_blank"">http://nchdb.boch.gov.tw/assets/advanceSearch/historicalBuilding/20021205000005</a>","[{'classification': '指定/登錄', 'officialDocNo': '府文資字第 0910114574 號', 'registerDate': '2002-12-05 10:50:56.0'}]",產業,臺東縣
838,20031231000001,國本農場,"{'code': 'A3', 'name': '宅第'}","1.文化資產保存法第27條之一規定
2.歷史建築登錄及輔助辦法
3.臺東縣92年12月16日歷史建築登錄審查會議決議辦理
",121.119722790664,22.7910227740211,"{'itemNo': 1, 'cityName': '臺東縣', 'distName': '臺東市', 'address': '臺東市更生北路596 巷161 號'}",臺東縣政府,文化處文化資產科,臺東市南京路25號,089-350129,"<a href=""http://nchdb.boch.gov.tw/assets/advanceSearch/historicalBuilding/20031231000001"" target=""_blank"">http://nchdb.boch.gov.tw/assets/advanceSearch/historicalBuilding/20031231000001</a>","[{'classification': '指定/登錄', 'officialDocNo': '府文資字第 0923028169 號', 'registerDate': '2003-12-31 11:04:06.0'}]",宅第,臺東縣
839,20031231000002,私立公東高級工業職業學校教堂,"{'code': 'A24', 'name': '學校'}","1.文化資產保存法第27條之一規定
2.歷史建築登錄及輔助辦法
3.臺東縣92年12月16日歷史建築登錄審查會議決議辦理
",121.135469053028,22.7683486394721,"{'itemNo': 1, 'cityName': '臺東縣', 'distName': '臺東市', 'address': '臺東市中興路1 段560 號'}",臺東縣政府,文化處文化資產科,臺東市南京路25號,089-350129,"<a href=""http://nchdb.boch.gov.tw/assets/advanceSearch/historicalBuilding/20031231000002"" target=""_blank"">http://nchdb.boch.gov.tw/assets/advanceSearch/historicalBuilding/20031231000002</a>","[{'classification': '指定/登錄', 'officialDocNo': '府文資字第 0923028169 號', 'registerDate': '2003-12-31 11:32:05.0'}]",學校,臺東縣
839,20031231000002,私立公東高級工業職業學校教堂,"{'code': 'A10', 'name': '教堂'}","1.文化資產保存法第27條之一規定
2.歷史建築登錄及輔助辦法
3.臺東縣92年12月16日歷史建築登錄審查會議決議辦理
",121.135469053028,22.7683486394721,"{'itemNo': 1, 'cityName': '臺東縣', 'distName': '臺東市', 'address': '臺東市中興路1 段560 號'}",臺東縣政府,文化處文化資產科,臺東市南京路25號,089-350129,"<a href=""http://nchdb.boch.gov.tw/assets/advanceSearch/historicalBuilding/20031231000002"" target=""_blank"">http://nchdb.boch.gov.tw/assets/advanceSearch/historicalBuilding/20031231000002</a>","[{'classification': '指定/登錄', 'officialDocNo': '府文資字第 0923028169 號', 'registerDate': '2003-12-31 11:32:05.0'}]",教堂,臺東縣
840,20031231000003,臺東天后宮,"{'code': 'A2', 'name': '寺廟'}","1.文化資產保存法第27條之一規定
2.歷史建築登錄及輔助辦法
3.臺東縣92年12月16日歷史建築登錄審查會議決議辦理
",121.155012973447,22.757218776724798,"{'itemNo': 1, 'cityName': '臺東縣', 'distName': '臺東市', 'address': '中華路1 段222 號'}",臺東縣政府,文化處文化資產科,臺東市南京路25號,089-350129,"<a href=""http://nchdb.boch.gov.tw/assets/advanceSearch/historicalBuilding/20031231000003"" target=""_blank"">http://nchdb.boch.gov.tw/assets/advanceSearch/historicalBuilding/20031231000003</a>","[{'classification': '指定/登錄', 'officialDocNo': '府文資字第 0923028169 號', 'registerDate': '2003-12-31 09:22:39.0'}]",寺廟,臺東縣
841,20031231000004,知本農場第5村28莊,"{'code': 'A3', 'name': '宅第'}","1.文化資產保存法第27條之一規定
2.歷史建築登錄及輔助辦法
3.臺東縣92年12月16日歷史建築登錄審查會議決議辦理
",121.07568688686705,22.72428000517419,"{'itemNo': 1, 'cityName': '臺東縣', 'distName': '臺東市', 'address': '大學路一段413巷122號、122之1號、122號之1'}",臺東縣政府,文化處文化資產科,臺東市南京路25號,089-350129,"<a href=""http://nchdb.boch.gov.tw/assets/advanceSearch/historicalBuilding/20031231000004"" target=""_blank"">http://nchdb.boch.gov.tw/assets/advanceSearch/historicalBuilding/20031231000004</a>","[{'classification': '指定/登錄', 'officialDocNo': '府文資字第 0923028169 號', 'registerDate': '2003-12-31 11:07:53.0'}]",宅第,臺東縣
842,20031231000005,臺灣糖業公司臺東廠中山堂,"{'code': 'A22', 'name': '集會堂'}","1.文化資產保存法第27條之一規定
2.歷史建築登錄及輔助辦法
3.臺東縣92年12月16日歷史建築登錄審查會議決議辦理
",121.129165237798,22.7682704584305,"{'itemNo': 1, 'cityName': '臺東縣', 'distName': '臺東市', 'address': '臺東市中興路二段160號'}",臺東縣政府, 文化處文化資產科,臺東市南京路25號,089-350129,"<a href=""http://nchdb.boch.gov.tw/assets/advanceSearch/historicalBuilding/20031231000005"" target=""_blank"">http://nchdb.boch.gov.tw/assets/advanceSearch/historicalBuilding/20031231000005</a>","[{'classification': '指定/登錄', 'officialDocNo': '府文資字第 0923028169 號', 'registerDate': '2003-12-31 17:30:03.0'}]",集會堂,臺東縣
843,20041216000002,臺灣糖業公司臺東糖廠,"{'code': 'A16', 'name': '產業'}","1.文化資產保存法第27條之一規定
2.歷史建築登錄及輔助辦法
3.臺東縣93年12月13日歷史建築登錄審查會議決議辦理

",121.12771359620535,22.766941880113052,"{'itemNo': 1, 'cityName': '臺東縣', 'distName': '臺東市', 'address': '臺東市中興路2段191號'}",臺東縣政府,文化處文化資產科,臺東市南京路25號,089-350129,"<a href=""http://nchdb.boch.gov.tw/assets/advanceSearch/historicalBuilding/20041216000002"" target=""_blank"">http://nchdb.boch.gov.tw/assets/advanceSearch/historicalBuilding/20041216000002</a>","[{'classification': '指定/登錄', 'officialDocNo': '府文資字第 0933040021 號', 'registerDate': '2004-12-16 14:51:11.0'}]",產業,臺東縣
844,20041216000003,天主教知本天主堂,"{'code': 'A10', 'name': '教堂'}","1.文化資產保存法第27條之一規定
2.歷史建築登錄及輔助辦法
3.臺東縣93年12月13日歷史建築登錄審查會議決議辦理
",121.04966559476557,22.706585613199405,"{'itemNo': 1, 'cityName': '臺東縣', 'distName': '臺東市', 'address': '臺東市建業里知本路3段331巷15號'}",臺東縣政府,文化處文化資產科,臺東市南京路25號,089-350129,"<a href=""http://nchdb.boch.gov.tw/assets/advanceSearch/historicalBuilding/20041216000003"" target=""_blank"">http://nchdb.boch.gov.tw/assets/advanceSearch/historicalBuilding/20041216000003</a>","[{'classification': '指定/登錄', 'officialDocNo': '府文資字第 0933040021 號', 'registerDate': '2004-12-16 14:52:34.0'}]",教堂,臺東縣
845,20090220000001,專賣局臺東出張所宿舍,"{'code': 'A17', 'name': '官邸'}","1.文化資產保存法第15條之一
2.歷史建築登錄廢止審查及輔助辦法第2條規定
3.97年12月22日臺東縣文化資產審議委員會會議決議。
",121.15449297445089,22.75191310380738,"{'itemNo': 1, 'cityName': '臺東縣', 'distName': '臺東市', 'address': '臺東縣臺東市大同路103號、和平街64號'}",臺東縣政府, 文化處文化資產科,臺東市南京路25號,089-350129,"<a href=""http://nchdb.boch.gov.tw/assets/advanceSearch/historicalBuilding/20090220000001"" target=""_blank"">http://nchdb.boch.gov.tw/assets/advanceSearch/historicalBuilding/20090220000001</a>","[{'classification': '指定/登錄', 'officialDocNo': '府文資字第 0983005194 號', 'registerDate': '2009-02-20 16:13:40.0'}]",官邸,臺東縣
846,20070123000002,臺東市民權里日式建築宿舍群,"{'code': 'A3', 'name': '宅第'}","1.文化資產保存法第15條規定
2.歷史建築紀念建築登錄廢止審查及輔助辦法第2條規定。",121.15292361757979,22.759375911716123,"{'itemNo': 1, 'cityName': '臺東縣', 'distName': '臺東市', 'address': '臺東市寶桑路404巷60弄1、3、5、7號。'}",臺東縣政府, 文化處文化資產科,臺東市南京路25號,089-350129,"<a href=""http://nchdb.boch.gov.tw/assets/advanceSearch/historicalBuilding/20070123000002"" target=""_blank"">http://nchdb.boch.gov.tw/assets/advanceSearch/historicalBuilding/20070123000002</a>","[{'classification': '指定/登錄', 'officialDocNo': '府文資字第 0963002798 號', 'registerDate': '2007-01-23 16:32:43.0'}, {'classification': '變更/修正', 'officialDocNo': '府文資字第1030095401號', 'registerDate': '2014-05-19 00:00:00.0'}, {'classification': '變更/修正', 'officialDocNo': '府文資字第1080091057號', 'registerDate': '2019-05-03 00:00:00.0'}, {'classification': '變更/修正', 'officialDocNo': '府文資字第1090244916號', 'registerDate': '2020-11-18 00:00:00.0'}, {'classification': '變更/修正', 'officialDocNo': '府文資字第1130061060號', 'registerDate': '2024-03-26 16:47:45.856'}]",宅第,臺東縣
846,20070123000002,臺東市民權里日式建築宿舍群,"{'code': 'A3', 'name': '宅第'}","1.文化資產保存法第15條規定
2.歷史建築紀念建築登錄廢止審查及輔助辦法第2條規定。",121.15292361757979,22.759375911716123,"{'itemNo': 2, 'cityName': '臺東縣', 'distName': '臺東市', 'address': '臺東市寶桑路404巷4、17、23、28、38號。'}",臺東縣政府, 文化處文化資產科,臺東市南京路25號,089-350129,"<a href=""http://nchdb.boch.gov.tw/assets/advanceSearch/historicalBuilding/20070123000002"" target=""_blank"">http://nchdb.boch.gov.tw/assets/advanceSearch/historicalBuilding/20070123000002</a>","[{'classification': '指定/登錄', 'officialDocNo': '府文資字第 0963002798 號', 'registerDate': '2007-01-23 16:32:43.0'}, {'classification': '變更/修正', 'officialDocNo': '府文資字第1030095401號', 'registerDate': '2014-05-19 00:00:00.0'}, {'classification': '變更/修正', 'officialDocNo': '府文資字第1080091057號', 'registerDate': '2019-05-03 00:00:00.0'}, {'classification': '變更/修正', 'officialDocNo': '府文資字第1090244916號', 'registerDate': '2020-11-18 00:00:00.0'}, {'classification': '變更/修正', 'officialDocNo': '府文資字第1130061060號', 'registerDate': '2024-03-26 16:47:45.856'}]",宅第,臺東縣
846,20070123000002,臺東市民權里日式建築宿舍群,"{'code': 'A3', 'name': '宅第'}","1.文化資產保存法第15條規定
2.歷史建築紀念建築登錄廢止審查及輔助辦法第2條規定。",121.15292361757979,22.759375911716123,"{'itemNo': 3, 'cityName': '臺東縣', 'distName': '臺東市', 'address': '臺東市寶桑路370巷3號。'}",臺東縣政府, 文化處文化資產科,臺東市南京路25號,089-350129,"<a href=""http://nchdb.boch.gov.tw/assets/advanceSearch/historicalBuilding/20070123000002"" target=""_blank"">http://nchdb.boch.gov.tw/assets/advanceSearch/historicalBuilding/20070123000002</a>","[{'classification': '指定/登錄', 'officialDocNo': '府文資字第 0963002798 號', 'registerDate': '2007-01-23 16:32:43.0'}, {'classification': '變更/修正', 'officialDocNo': '府文資字第1030095401號', 'registerDate': '2014-05-19 00:00:00.0'}, {'classification': '變更/修正', 'officialDocNo': '府文資字第1080091057號', 'registerDate': '2019-05-03 00:00:00.0'}, {'classification': '變更/修正', 'officialDocNo': '府文資字第1090244916號', 'registerDate': '2020-11-18 00:00:00.0'}, {'classification': '變更/修正', 'officialDocNo': '府文資字第1130061060號', 'registerDate': '2024-03-26 16:47:45.856'}]",宅第,臺東縣
846,20070123000002,臺東市民權里日式建築宿舍群,"{'code': 'A3', 'name': '宅第'}","1.文化資產保存法第15條規定
2.歷史建築紀念建築登錄廢止審查及輔助辦法第2條規定。",121.15292361757979,22.759375911716123,"{'itemNo': 4, 'cityName': '臺東縣', 'distName': '臺東市', 'address': '臺東市寶桑路330巷3、5、9、11、15、17、21、23、27號。'}",臺東縣政府, 文化處文化資產科,臺東市南京路25號,089-350129,"<a href=""http://nchdb.boch.gov.tw/assets/advanceSearch/historicalBuilding/20070123000002"" target=""_blank"">http://nchdb.boch.gov.tw/assets/advanceSearch/historicalBuilding/20070123000002</a>","[{'classification': '指定/登錄', 'officialDocNo': '府文資字第 0963002798 號', 'registerDate': '2007-01-23 16:32:43.0'}, {'classification': '變更/修正', 'officialDocNo': '府文資字第1030095401號', 'registerDate': '2014-05-19 00:00:00.0'}, {'classification': '變更/修正', 'officialDocNo': '府文資字第1080091057號', 'registerDate': '2019-05-03 00:00:00.0'}, {'classification': '變更/修正', 'officialDocNo': '府文資字第1090244916號', 'registerDate': '2020-11-18 00:00:00.0'}, {'classification': '變更/修正', 'officialDocNo': '府文資字第1130061060號', 'registerDate': '2024-03-26 16:47:45.856'}]",宅第,臺東縣
846,20070123000002,臺東市民權里日式建築宿舍群,"{'code': 'A3', 'name': '宅第'}","1.文化資產保存法第15條規定
2.歷史建築紀念建築登錄廢止審查及輔助辦法第2條規定。",121.15292361757979,22.759375911716123,"{'itemNo': 5, 'cityName': '臺東縣', 'distName': '臺東市', 'address': '臺東市四維路一段665、671、683、689號。'}",臺東縣政府, 文化處文化資產科,臺東市南京路25號,089-350129,"<a href=""http://nchdb.boch.gov.tw/assets/advanceSearch/historicalBuilding/20070123000002"" target=""_blank"">http://nchdb.boch.gov.tw/assets/advanceSearch/historicalBuilding/20070123000002</a>","[{'classification': '指定/登錄', 'officialDocNo': '府文資字第 0963002798 號', 'registerDate': '2007-01-23 16:32:43.0'}, {'classification': '變更/修正', 'officialDocNo': '府文資字第1030095401號', 'registerDate': '2014-05-19 00:00:00.0'}, {'classification': '變更/修正', 'officialDocNo': '府文資字第1080091057號', 'registerDate': '2019-05-03 00:00:00.0'}, {'classification': '變更/修正', 'officialDocNo': '府文資字第1090244916號', 'registerDate': '2020-11-18 00:00:00.0'}, {'classification': '變更/修正', 'officialDocNo': '府文資字第1130061060號', 'registerDate': '2024-03-26 16:47:45.856'}]",宅第,臺東縣
846,20070123000002,臺東市民權里日式建築宿舍群,"{'code': 'A3', 'name': '宅第'}","1.文化資產保存法第15條規定
2.歷史建築紀念建築登錄廢止審查及輔助辦法第2條規定。",121.15292361757979,22.759375911716123,"{'itemNo': 6, 'cityName': '臺東縣', 'distName': '臺東市', 'address': '臺東市中山路154巷34、36、40、42、48、50、56、62號。'}",臺東縣政府, 文化處文化資產科,臺東市南京路25號,089-350129,"<a href=""http://nchdb.boch.gov.tw/assets/advanceSearch/historicalBuilding/20070123000002"" target=""_blank"">http://nchdb.boch.gov.tw/assets/advanceSearch/historicalBuilding/20070123000002</a>","[{'classification': '指定/登錄', 'officialDocNo': '府文資字第 0963002798 號', 'registerDate': '2007-01-23 16:32:43.0'}, {'classification': '變更/修正', 'officialDocNo': '府文資字第1030095401號', 'registerDate': '2014-05-19 00:00:00.0'}, {'classification': '變更/修正', 'officialDocNo': '府文資字第1080091057號', 'registerDate': '2019-05-03 00:00:00.0'}, {'classification': '變更/修正', 'officialDocNo': '府文資字第1090244916號', 'registerDate': '2020-11-18 00:00:00.0'}, {'classification': '變更/修正', 'officialDocNo': '府文資字第1130061060號', 'registerDate': '2024-03-26 16:47:45.856'}]",宅第,臺東縣
846,20070123000002,臺東市民權里日式建築宿舍群,"{'code': 'A3', 'name': '宅第'}","1.文化資產保存法第15條規定
2.歷史建築紀念建築登錄廢止審查及輔助辦法第2條規定。",121.15292361757979,22.759375911716123,"{'itemNo': 7, 'cityName': '臺東縣', 'distName': '臺東市', 'address': '臺東市寶桑路370巷60弄25號'}",臺東縣政府, 文化處文化資產科,臺東市南京路25號,089-350129,"<a href=""http://nchdb.boch.gov.tw/assets/advanceSearch/historicalBuilding/20070123000002"" target=""_blank"">http://nchdb.boch.gov.tw/assets/advanceSearch/historicalBuilding/20070123000002</a>","[{'classification': '指定/登錄', 'officialDocNo': '府文資字第 0963002798 號', 'registerDate': '2007-01-23 16:32:43.0'}, {'classification': '變更/修正', 'officialDocNo': '府文資字第1030095401號', 'registerDate': '2014-05-19 00:00:00.0'}, {'classification': '變更/修正', 'officialDocNo': '府文資字第1080091057號', 'registerDate': '2019-05-03 00:00:00.0'}, {'classification': '變更/修正', 'officialDocNo': '府文資字第1090244916號', 'registerDate': '2020-11-18 00:00:00.0'}, {'classification': '變更/修正', 'officialDocNo': '府文資字第1130061060號', 'registerDate': '2024-03-26 16:47:45.856'}]",宅第,臺東縣
847,20140515000001,臺東縣議會舊址,"{'code': 'A19', 'name': '機關'}","1.文化資產保存法第15條
2.歷史建築登錄廢止審查及輔助辦發第2條辦理
3.104年4月30日臺東縣文資審議委員會決議辦理。
",121.14281967871902,22.762373000005727,"{'itemNo': 1, 'cityName': '臺東縣', 'distName': '臺東市', 'address': '臺東縣臺東市更生路416號'}",臺東縣政府,文化處文化資產科,臺東市南京路２５號,089-350129,"<a href=""http://nchdb.boch.gov.tw/assets/advanceSearch/historicalBuilding/20140515000001"" target=""_blank"">http://nchdb.boch.gov.tw/assets/advanceSearch/historicalBuilding/20140515000001</a>","[{'classification': '指定/登錄', 'officialDocNo': '府文資字第1030094996號', 'registerDate': '2014-05-15 14:30:31.0'}]",機關,臺東縣
848,20041216000004,天主教白冷外方傳教會,"{'code': 'A10', 'name': '教堂'}","1.文化資產保存法第27條之一規定
2.歷史建築登錄及輔助辦法
3.臺東縣93年12月13日歷史建築登錄審查會議決議辦理
",121.14628154379193,22.758232248157185,"{'itemNo': 1, 'cityName': '臺東縣', 'distName': '臺東市', 'address': '臺東市民族里杭州路34號'}",臺東縣政府,文化處文化資產科,臺東市南京路25號,089-350129,"<a href=""http://nchdb.boch.gov.tw/assets/advanceSearch/historicalBuilding/20041216000004"" target=""_blank"">http://nchdb.boch.gov.tw/assets/advanceSearch/historicalBuilding/20041216000004</a>","[{'classification': '指定/登錄', 'officialDocNo': '府文資字第 0933040021 號', 'registerDate': '2004-12-16 15:00:31.0'}]",教堂,臺東縣
849,20050929000002,綠洲山莊（國防部綠島感訓監獄）,"{'code': 'A19', 'name': '機關'}",登錄基準：<<歷史建築登錄廢止審查及輔助辦法>>第2條第1項第1、2款,121.49617210420897,22.67502693505342,"{'itemNo': 1, 'cityName': '臺東縣', 'distName': '綠島鄉', 'address': '臺東縣綠島鄉公館村將軍岩20號'}",臺東縣政府,文化處文化資產科,臺東市南京路25號,089-350378,"<a href=""http://nchdb.boch.gov.tw/assets/advanceSearch/historicalBuilding/20050929000002"" target=""_blank"">http://nchdb.boch.gov.tw/assets/advanceSearch/historicalBuilding/20050929000002</a>","[{'classification': '指定/登錄', 'officialDocNo': '府文資字第 0943032223 號', 'registerDate': '2005-09-29 14:35:19.0'}, {'classification': '變更/修正', 'officialDocNo': '府文資字第1130037897號', 'registerDate': '2024-02-23 16:41:03.564'}]",機關,臺東縣
850,20031231000006,綠島燈塔,"{'code': 'A14', 'name': '燈塔'}","1.文化資產保存法第27條之一規定
2.92年12月16日歷史建築登錄審查會議決議辦理
",121.46632133709497,22.676516418060398,"{'itemNo': 1, 'cityName': '臺東縣', 'distName': '綠島鄉', 'address': '臺東縣綠島鄉中寮村燈塔路1 號'}",臺東縣政府,文化處文化資產科,臺東市南京路25號,089-350129,"<a href=""http://nchdb.boch.gov.tw/assets/advanceSearch/historicalBuilding/20031231000006"" target=""_blank"">http://nchdb.boch.gov.tw/assets/advanceSearch/historicalBuilding/20031231000006</a>","[{'classification': '指定/登錄', 'officialDocNo': '府文資字第 0923028169 號', 'registerDate': '2003-12-31 17:03:38.0'}]",燈塔,臺東縣
851,20021205000006,柚仔湖聚落遺址,"{'code': 'A3', 'name': '宅第'}","1.文化資產保存法第27條之一
2.歷史建築登錄及輔助辦法
3.臺東縣91年11月15日歷史建築登錄審查會議決議辦理
",121.508339,22.665793999999998,"{'itemNo': 1, 'cityName': '臺東縣', 'distName': '綠島鄉', 'address': '公館村柚子湖3、4、4-1、5、6、7、7-1、8、10、11、12、13、16號'}",臺東縣政府,文化處文化資產科,臺東市南京路25號,089-350129,"<a href=""http://nchdb.boch.gov.tw/assets/advanceSearch/historicalBuilding/20021205000006"" target=""_blank"">http://nchdb.boch.gov.tw/assets/advanceSearch/historicalBuilding/20021205000006</a>","[{'classification': '指定/登錄', 'officialDocNo': '府文資字第 0910114574 號', 'registerDate': '2002-12-05 17:31:53.0'}]",宅第,臺東縣
852,20021205000007,蘭嶼雅美族野銀部落傳統建築,"{'code': 'A3', 'name': '宅第'}","1.文化資產保存法第27條之一
2.歷史建築登錄及輔助辦法
3.臺東縣91年11月15日歷史建築登錄審查會議決議辦理
",121.567364777968,22.037252583761,"{'itemNo': 1, 'cityName': '臺東縣', 'distName': '蘭嶼鄉', 'address': '東清村野銀部落'}",臺東縣政府,文化處文化資產科,臺東市南京路25號,089-350129,"<a href=""http://nchdb.boch.gov.tw/assets/advanceSearch/historicalBuilding/20021205000007"" target=""_blank"">http://nchdb.boch.gov.tw/assets/advanceSearch/historicalBuilding/20021205000007</a>","[{'classification': '指定/登錄', 'officialDocNo': '府文資字第 0910114574 號', 'registerDate': '2002-12-05 10:56:52.0'}]",宅第,臺東縣
853,20050929000003,蘭嶼氣象站,"{'code': 'A19', 'name': '機關'}","1.文化資產保存法第15條之一規定
2.歷史建築登錄及輔助辦法
3.臺東縣94年6月6日歷史建築登錄審查會議決議辦理
",121.558406,22.03703,"{'itemNo': 1, 'cityName': '臺東縣', 'distName': '蘭嶼鄉', 'address': '臺東縣蘭嶼鄉紅頭村1鄰2號'}",臺東縣政府,文化處文化資產科,臺東市南京路25號,089-350129,"<a href=""http://nchdb.boch.gov.tw/assets/advanceSearch/historicalBuilding/20050929000003"" target=""_blank"">http://nchdb.boch.gov.tw/assets/advanceSearch/historicalBuilding/20050929000003</a>","[{'classification': '指定/登錄', 'officialDocNo': '府文資字第 0943032223 號', 'registerDate': '2005-09-29 15:15:41.0'}]",機關,臺東縣
854,20031231000007,舊鹿鳴橋,"{'code': 'A15', 'name': '橋樑'}","1.文化資產保存法第27條之一規定
2.歷史建築登錄及輔助辦法
3.臺東縣92年12月16日歷史建築登錄審查會議決議辦理
",121.085174,22.898452,"{'itemNo': 1, 'cityName': '臺東縣', 'distName': '延平鄉', 'address': '臺東縣延平鄉桃源村(舊台九線公路)'}",臺東縣政府,文化處文化資產科,臺東縣台東市南京路25號,089-350129,"<a href=""http://nchdb.boch.gov.tw/assets/advanceSearch/historicalBuilding/20031231000007"" target=""_blank"">http://nchdb.boch.gov.tw/assets/advanceSearch/historicalBuilding/20031231000007</a>","[{'classification': '指定/登錄', 'officialDocNo': '府文資字第 0923028169 號', 'registerDate': '2003-12-31 13:45:48.0'}]",橋樑,臺東縣
855,20031231000008,利吉流籠遺跡,"{'code': 'A16', 'name': '產業'}","1.文化資產保存法第27條之一規定
2.歷史建築登錄及輔助辦法
3.臺東縣92年12月16日歷史建築登錄審查會議決議辦理
",121.135967924033,22.8082932914322,"{'itemNo': 1, 'cityName': '臺東縣', 'distName': '卑南鄉', 'address': '利吉村利吉大橋東側河床'}",臺東縣政府,文化處文化資產科,臺東市南京路25號,089-350129,"<a href=""http://nchdb.boch.gov.tw/assets/advanceSearch/historicalBuilding/20031231000008"" target=""_blank"">http://nchdb.boch.gov.tw/assets/advanceSearch/historicalBuilding/20031231000008</a>","[{'classification': '指定/登錄', 'officialDocNo': '府文資字第 0923028169 號', 'registerDate': '2003-12-31 11:48:31.0'}]",產業,臺東縣
856,20050929000004,東興水力發電廠,"{'code': 'A99', 'name': '其他設施', 'other': '水力發電廠'}","1.文化資產保存法第15條之一規定
2.歷史建築登錄及輔助辦法
3.臺東縣94年6月6日歷史建築登錄審查會議決議辦理
",121.028094,22.765583,"{'itemNo': 1, 'cityName': '臺東縣', 'distName': '卑南鄉', 'address': '臺東縣卑南鄉東興村發電廠路17號'}",臺東縣政府,文化處文化資產科,臺東市南京路25號,089-350129,"<a href=""http://nchdb.boch.gov.tw/assets/advanceSearch/historicalBuilding/20050929000004"" target=""_blank"">http://nchdb.boch.gov.tw/assets/advanceSearch/historicalBuilding/20050929000004</a>","[{'classification': '指定/登錄', 'officialDocNo': '府文資字第 0943032223 號', 'registerDate': '2005-09-29 00:00:00.0'}]",其他設施,臺東縣
856,20050929000004,東興水力發電廠,"{'code': 'A16', 'name': '產業'}","1.文化資產保存法第15條之一規定
2.歷史建築登錄及輔助辦法
3.臺東縣94年6月6日歷史建築登錄審查會議決議辦理
",121.028094,22.765583,"{'itemNo': 1, 'cityName': '臺東縣', 'distName': '卑南鄉', 'address': '臺東縣卑南鄉東興村發電廠路17號'}",臺東縣政府,文化處文化資產科,臺東市南京路25號,089-350129,"<a href=""http://nchdb.boch.gov.tw/assets/advanceSearch/historicalBuilding/20050929000004"" target=""_blank"">http://nchdb.boch.gov.tw/assets/advanceSearch/historicalBuilding/20050929000004</a>","[{'classification': '指定/登錄', 'officialDocNo': '府文資字第 0943032223 號', 'registerDate': '2005-09-29 00:00:00.0'}]",產業,臺東縣
857,20050929000005,舊檳榔火車站站房,"{'code': 'A7', 'name': '車站'}","1.文化資產保存法第15條之一規定
2.歷史建築登錄及輔助辦法
3.臺東縣94年6月6日歷史建築登錄審查會議決議辦理
",121.09268418843085,22.808786410637616,"{'itemNo': 1, 'cityName': '臺東縣', 'distName': '卑南鄉', 'address': '臺東縣卑南鄉賓朗村賓朗路474巷1弄12號'}",臺東縣政府,文化處文化資產科,臺東市南京路25號,089-350129,"<a href=""http://nchdb.boch.gov.tw/assets/advanceSearch/historicalBuilding/20050929000005"" target=""_blank"">http://nchdb.boch.gov.tw/assets/advanceSearch/historicalBuilding/20050929000005</a>","[{'classification': '指定/登錄', 'officialDocNo': '府文資字第 0943032223 號', 'registerDate': '2005-09-29 15:19:38.0'}]",車站,臺東縣
858,20050929000006,龍田國小校長舊宿舍及托兒所,"{'code': 'A17', 'name': '官邸'}","1.文化資產保存法第15條之一規定
2.歷史建築登錄及輔助辦法
3.臺東縣94年6月6日歷史建築登錄審查會議決議辦理

",121.123719,22.904135,"{'itemNo': 1, 'cityName': '臺東縣', 'distName': '鹿野鄉', 'address': '臺東縣鹿野鄉光榮路100號及240號'}",臺東縣政府,文化處文化資產科,臺東市南京路25號,089-350129,"<a href=""http://nchdb.boch.gov.tw/assets/advanceSearch/historicalBuilding/20050929000006"" target=""_blank"">http://nchdb.boch.gov.tw/assets/advanceSearch/historicalBuilding/20050929000006</a>","[{'classification': '指定/登錄', 'officialDocNo': '府文資字第 0943032223 號', 'registerDate': '2005-09-29 15:14:58.0'}]",官邸,臺東縣
858,20050929000006,龍田國小校長舊宿舍及托兒所,"{'code': 'A19', 'name': '機關'}","1.文化資產保存法第15條之一規定
2.歷史建築登錄及輔助辦法
3.臺東縣94年6月6日歷史建築登錄審查會議決議辦理

",121.123719,22.904135,"{'itemNo': 1, 'cityName': '臺東縣', 'distName': '鹿野鄉', 'address': '臺東縣鹿野鄉光榮路100號及240號'}",臺東縣政府,文化處文化資產科,臺東市南京路25號,089-350129,"<a href=""http://nchdb.boch.gov.tw/assets/advanceSearch/historicalBuilding/20050929000006"" target=""_blank"">http://nchdb.boch.gov.tw/assets/advanceSearch/historicalBuilding/20050929000006</a>","[{'classification': '指定/登錄', 'officialDocNo': '府文資字第 0943032223 號', 'registerDate': '2005-09-29 15:14:58.0'}]",機關,臺東縣
859,20120510000001,鹿野庄(區)役場,"{'code': 'A6', 'name': '衙署'}","1.文化資產保存法第15條規定
2.歷史建築登錄廢止審查及輔助辦法第4條規定
3.100年12月27日臺東縣文資審議委員會決議辦理。
",121.12865962435514,22.903463010513775,"{'itemNo': 1, 'cityName': '臺東縣', 'distName': '鹿野鄉', 'address': '臺東縣鹿野鄉龍田村2鄰光榮路135號、137號'}",臺東縣政府, 文化處文化資產科,臺東市南京路25號,089-350129,"<a href=""http://nchdb.boch.gov.tw/assets/advanceSearch/historicalBuilding/20120510000001"" target=""_blank"">http://nchdb.boch.gov.tw/assets/advanceSearch/historicalBuilding/20120510000001</a>","[{'classification': '指定/登錄', 'officialDocNo': '府文資字第 1010034643 號', 'registerDate': '2012-02-24 00:00:00.0'}, {'classification': '指定/登錄', 'officialDocNo': '府文資字第 1010087287號', 'registerDate': '2012-05-10 00:00:00.0'}]",衙署,臺東縣
860,20031231000010,龍田邱仁銘宅,"{'code': 'A3', 'name': '宅第'}","1.文化資產保存法第27條之一規定
2.歷史建築登錄及輔助辦法
3.臺東縣92年12月16日歷史建築登錄審查會議決議辦理
",121.127311252958,22.9038630482566,"{'itemNo': 1, 'cityName': '臺東縣', 'distName': '鹿野鄉', 'address': '臺東縣鹿野鄉龍田村3鄰光榮路186號'}",臺東縣政府,文化處文化資產科,臺東市南京路25號,089-350129,"<a href=""http://nchdb.boch.gov.tw/assets/advanceSearch/historicalBuilding/20031231000010"" target=""_blank"">http://nchdb.boch.gov.tw/assets/advanceSearch/historicalBuilding/20031231000010</a>","[{'classification': '指定/登錄', 'officialDocNo': '府文資字第 0923028169 號', 'registerDate': '2003-12-31 17:27:26.0'}]",宅第,臺東縣
861,20031231000011,關山鐵路舊站站長宿舍,"{'code': 'A3', 'name': '宅第'}","1.文化資產保存法第27條之一規定
2.歷史建築登錄及輔助辦法
3.臺東縣92年12月16日歷史建築登錄審查會議決議辦理
",121.16465689635142,23.047297944896666,"{'itemNo': 1, 'cityName': '臺東縣', 'distName': '關山鎮', 'address': '臺東縣關山鎮博愛路21號'}",臺東縣政府,文化處文化資產科,臺東市南京路25號,089-350129,"<a href=""http://nchdb.boch.gov.tw/assets/advanceSearch/historicalBuilding/20031231000011"" target=""_blank"">http://nchdb.boch.gov.tw/assets/advanceSearch/historicalBuilding/20031231000011</a>","[{'classification': '指定/登錄', 'officialDocNo': '府文資字第 0923028169 號', 'registerDate': '2003-12-31 17:31:01.0'}]",宅第,臺東縣
862,20041216000005,關山大圳五雷鎮水碑及泰山石敢當,"{'code': 'A99', 'name': '其他設施', 'other': '鎮水碑及石敢當'}","1.文化資產保存法第27條之一規定
2.歷史建築登錄及輔助辦法
3.臺東縣93年12月13日歷史建築登錄審查會議決議辦理
",121.180647,23.113959,"{'itemNo': 1, 'cityName': '臺東縣', 'distName': '關山鎮', 'address': '臺東縣關山鎮德高里北庄海端二號堤頂'}",臺東縣政府,文化處文化資產科,臺東市南京路25號,089-350129,"<a href=""http://nchdb.boch.gov.tw/assets/advanceSearch/historicalBuilding/20041216000005"" target=""_blank"">http://nchdb.boch.gov.tw/assets/advanceSearch/historicalBuilding/20041216000005</a>","[{'classification': '指定/登錄', 'officialDocNo': '府文資字第 0933040021 號', 'registerDate': '2004-12-16 14:59:33.0'}]",其他設施,臺東縣
863,20021205000008,關山舊火車站,"{'code': 'A7', 'name': '車站'}","1.文化資產保存法第27條之一
2.歷史建築登錄及輔助辦法
3.臺東縣91年11月15日歷史建築登錄審查會議決議辦理
",121.164714286105,23.046714070589,"{'itemNo': 1, 'cityName': '臺東縣', 'distName': '關山鎮', 'address': '中山路2號'}",臺東縣政府,文化處文化資產科,臺東市南京路25號,089-350129,"<a href=""http://nchdb.boch.gov.tw/assets/advanceSearch/historicalBuilding/20021205000008"" target=""_blank"">http://nchdb.boch.gov.tw/assets/advanceSearch/historicalBuilding/20021205000008</a>","[{'classification': '指定/登錄', 'officialDocNo': '府文資字第 0910114574 號', 'registerDate': '2002-12-05 17:33:06.0'}]",車站,臺東縣
864,20091209000003,關山鎮里壠官舍,"{'code': 'A17', 'name': '官邸'}","1.文化資產保存法第15條第一項規定
2.歷史建築登錄廢止審查及輔助辦法第2條
3.臺東縣98年11月26日臺東縣文化資產審議委員會會議決議。
",121.16044123284624,23.047124467030674,"{'itemNo': 1, 'cityName': '臺東縣', 'distName': '關山鎮', 'address': '臺東縣關山鎮中正路1號、5號'}",臺東縣政府, 文化處文化資產科,臺東市南京路25號,089-350129,"<a href=""http://nchdb.boch.gov.tw/assets/advanceSearch/historicalBuilding/20091209000003"" target=""_blank"">http://nchdb.boch.gov.tw/assets/advanceSearch/historicalBuilding/20091209000003</a>","[{'classification': '指定/登錄', 'officialDocNo': '府文資字第 0983044437 號', 'registerDate': '2009-12-09 08:26:15.0'}]",官邸,臺東縣
865,20031231000012,萬安磚窯（接興煉磚工廠）,"{'code': 'A16', 'name': '產業'}",<<歷史建築登錄廢止審查及輔助辦法>>第2條第1項第1、2款,121.21951356788901,23.09570868513403,"{'itemNo': 1, 'cityName': '臺東縣', 'distName': '池上鄉', 'address': '錦園段743、696、568（部分）地號'}",臺東縣政府,文化處文化資產科,臺東市南京路25號,089-350129,"<a href=""http://nchdb.boch.gov.tw/assets/advanceSearch/historicalBuilding/20031231000012"" target=""_blank"">http://nchdb.boch.gov.tw/assets/advanceSearch/historicalBuilding/20031231000012</a>","[{'classification': '指定/登錄', 'officialDocNo': '府文資字第 0923028169 號', 'registerDate': '2003-12-31 13:53:04.0'}, {'classification': '變更/修正', 'officialDocNo': '府文資字第1130060632號', 'registerDate': '2024-04-01 16:24:48.704'}]",產業,臺東縣
866,20041216000006,池上浮圳(第六支圳),"{'code': 'A99', 'name': '其他設施', 'other': '浮圳'}","1.文化資產保存法第27條之一規定
2.歷史建築登錄及輔助辦法
3.臺東縣93年12月13日歷史建築登錄審查會議決議辦理
",121.21176842708807,23.10325398400419,"{'itemNo': 1, 'cityName': '臺東縣', 'distName': '池上鄉', 'address': '臺東縣池上鄉錦新二號道路旁'}",臺東縣政府,文化處文化資產科,臺東市南京路25號,089-350129,"<a href=""http://nchdb.boch.gov.tw/assets/advanceSearch/historicalBuilding/20041216000006"" target=""_blank"">http://nchdb.boch.gov.tw/assets/advanceSearch/historicalBuilding/20041216000006</a>","[{'classification': '指定/登錄', 'officialDocNo': '府文資字第 0933040021  號', 'registerDate': '2004-12-16 16:59:33.0'}]",其他設施,臺東縣
867,20021205000009,都蘭新東糖廠,"{'code': 'A16', 'name': '產業'}","1.文化資產保存法第27條之一
2.歷史建築登錄及輔助辦法
3.臺東縣91年11月15日歷史建築登錄審查會議決議辦理

",121.2264164376201,22.872394325070974,"{'itemNo': 1, 'cityName': '臺東縣', 'distName': '東河鄉', 'address': '都蘭村61 號'}",臺東縣政府,文化處文化資產科,臺東市南京路25號,089-350129,"<a href=""http://nchdb.boch.gov.tw/assets/advanceSearch/historicalBuilding/20021205000009"" target=""_blank"">http://nchdb.boch.gov.tw/assets/advanceSearch/historicalBuilding/20021205000009</a>","[{'classification': '指定/登錄', 'officialDocNo': '府文資字第 0910114574 號', 'registerDate': '2002-12-05 10:17:19.0'}]",產業,臺東縣
868,20021205000010,東河舊橋(吉田橋),"{'code': 'A15', 'name': '橋樑'}","1.文化資產保存法第27條之一
2.歷史建築登錄及輔助辦法
3.臺東縣91年11月15日歷史建築登錄審查會議決議辦理
",121.304927,22.976036,"{'itemNo': 1, 'cityName': '臺東縣', 'distName': '東河鄉', 'address': '東河村'}",臺東縣政府,文化處文化資產科,臺東市南京路25號,089-350129,"<a href=""http://nchdb.boch.gov.tw/assets/advanceSearch/historicalBuilding/20021205000010"" target=""_blank"">http://nchdb.boch.gov.tw/assets/advanceSearch/historicalBuilding/20021205000010</a>","[{'classification': '指定/登錄', 'officialDocNo': '府文資字第 0910114574 號', 'registerDate': '2002-12-05 10:23:17.0'}]",橋樑,臺東縣
869,20021205000011,泰源隧道(小馬隧道),"{'code': 'A99', 'name': '其他設施', 'other': '隧道'}","1.文化資產保存法第27條之一
2.歷史建築登錄及輔助辦法
3.臺東縣91年11月15日歷史建築登錄審查會議決議辦理
",121.309579,22.990403,"{'itemNo': 1, 'cityName': '臺東縣', 'distName': '成功鎮', 'address': '信義里'}",臺東縣政府,文化處文化資產科,臺東市南京路25號,089-350129,"<a href=""http://nchdb.boch.gov.tw/assets/advanceSearch/historicalBuilding/20021205000011"" target=""_blank"">http://nchdb.boch.gov.tw/assets/advanceSearch/historicalBuilding/20021205000011</a>","[{'classification': '指定/登錄', 'officialDocNo': '府文資字第 0910114574 號', 'registerDate': '2002-12-05 10:30:44.0'}]",其他設施,臺東縣
870,20031231000013,宜灣長老教會,"{'code': 'A10', 'name': '教堂'}","1.文化資產保存法第27條之一規定
2.歷史建築登錄及輔助辦法
3.臺東縣92年12月16日歷史建築登錄審查會議決議辦理
",121.396878614122,23.2082938199478,"{'itemNo': 1, 'cityName': '臺東縣', 'distName': '成功鎮', 'address': '10鄰宜灣路11號'}",臺東縣政府,文化處文化資產科,臺東市南京路25號,089-350129,"<a href=""http://nchdb.boch.gov.tw/assets/advanceSearch/historicalBuilding/20031231000013"" target=""_blank"">http://nchdb.boch.gov.tw/assets/advanceSearch/historicalBuilding/20031231000013</a>","[{'classification': '指定/登錄', 'officialDocNo': '府文資字第 0923028169 號', 'registerDate': '2003-12-31 14:07:48.0'}]",教堂,臺東縣
871,20031231000014,宜灣天主堂(和平之后堂),"{'code': 'A10', 'name': '教堂'}","1.文化資產保存法第27條之一規定
2.歷史建築登錄及輔助辦法
3.臺東縣92年12月16日歷史建築登錄審查會議決議辦理
",121.40048208668,23.210379471586,"{'itemNo': 1, 'cityName': '臺東縣', 'distName': '成功鎮', 'address': '臺東縣成功鎮10鄰宜灣路108號'}",臺東縣政府,文化處文化資產科,臺東市南京路25號,089-350129,"<a href=""http://nchdb.boch.gov.tw/assets/advanceSearch/historicalBuilding/20031231000014"" target=""_blank"">http://nchdb.boch.gov.tw/assets/advanceSearch/historicalBuilding/20031231000014</a>","[{'classification': '指定/登錄', 'officialDocNo': '府文資字第 0923028169 號', 'registerDate': '2003-12-31 14:11:57.0'}]",教堂,臺東縣
872,20031231000015,新港教會會館(菅宮勝太郎宅),"{'code': 'A10', 'name': '教堂'}","1.文化資產保存法第27條之一規定
2.歷史建築登錄及輔助辦法
3.臺東縣92年12月16日歷史建築登錄審查會議決議辦理
",121.37870866846,23.0998995628483,"{'itemNo': 1, 'cityName': '臺東縣', 'distName': '成功鎮', 'address': '臺東縣成功鎮忠仁里中山東路59號'}",臺東縣政府,文化處文化資產科,臺東市南京路25號,089-350129,"<a href=""http://nchdb.boch.gov.tw/assets/advanceSearch/historicalBuilding/20031231000015"" target=""_blank"">http://nchdb.boch.gov.tw/assets/advanceSearch/historicalBuilding/20031231000015</a>","[{'classification': '指定/登錄', 'officialDocNo': '府文資字第 0923028169 號', 'registerDate': '2003-12-31 14:17:29.0'}]",教堂,臺東縣
873,20031231000016,都威舊橋,"{'code': 'A15', 'name': '橋樑'}","1.文化資產保存法第27條之一規定
2.歷史建築登錄及輔助辦法
3.臺東縣92年12月16日歷史建築登錄審查會議決議辦理
",121.395907360126,23.190320010014,"{'itemNo': 1, 'cityName': '臺東縣', 'distName': '成功鎮', 'address': '臺東縣成功鎮博愛里'}",臺東縣政府,文化處文化資產科,臺東市南京路25號,089-350129,"<a href=""http://nchdb.boch.gov.tw/assets/advanceSearch/historicalBuilding/20031231000016"" target=""_blank"">http://nchdb.boch.gov.tw/assets/advanceSearch/historicalBuilding/20031231000016</a>","[{'classification': '指定/登錄', 'officialDocNo': '府文資字第 0923028169 號', 'registerDate': '2003-12-31 14:34:22.0'}]",橋樑,臺東縣
874,20041216000007,廣恆發商號和溫家古厝,"{'code': 'A3', 'name': '宅第'}","1.文化資產保存法第27條之一規定
2.歷史建築登錄及輔助辦法
3.臺東縣93年12月13日歷史建築登錄審查會議決議辦理
",121.403029,23.160729,"{'itemNo': 1, 'cityName': '臺東縣', 'distName': '成功鎮', 'address': '臺東縣成功鎮忠孝里成廣路'}",臺東縣政府,文化處文化資產科,臺東市南京路25號,089-350129,"<a href=""http://nchdb.boch.gov.tw/assets/advanceSearch/historicalBuilding/20041216000007"" target=""_blank"">http://nchdb.boch.gov.tw/assets/advanceSearch/historicalBuilding/20041216000007</a>","[{'classification': '指定/登錄', 'officialDocNo': '府文資字第 0933040021 號', 'registerDate': '2004-12-16 15:06:30.0'}]",宅第,臺東縣
874,20041216000007,廣恆發商號和溫家古厝,"{'code': 'A18', 'name': '商店'}","1.文化資產保存法第27條之一規定
2.歷史建築登錄及輔助辦法
3.臺東縣93年12月13日歷史建築登錄審查會議決議辦理
",121.403029,23.160729,"{'itemNo': 1, 'cityName': '臺東縣', 'distName': '成功鎮', 'address': '臺東縣成功鎮忠孝里成廣路'}",臺東縣政府,文化處文化資產科,臺東市南京路25號,089-350129,"<a href=""http://nchdb.boch.gov.tw/assets/advanceSearch/historicalBuilding/20041216000007"" target=""_blank"">http://nchdb.boch.gov.tw/assets/advanceSearch/historicalBuilding/20041216000007</a>","[{'classification': '指定/登錄', 'officialDocNo': '府文資字第 0933040021 號', 'registerDate': '2004-12-16 15:06:30.0'}]",商店,臺東縣
875,20050929000007,小馬天主堂（聖尼各老堂）,"{'code': 'A10', 'name': '教堂'}","1.文化資產保存法第15條之一規定
2.歷史建築登錄及輔助辦法
3.臺東縣94年6月6日歷史建築登錄審查會議決議辦理
",121.31532736213,22.9954410426704,"{'itemNo': 1, 'cityName': '臺東縣', 'distName': '成功鎮', 'address': '信義里小馬路10號'}",臺東縣政府, 文化處文化資產科,臺東市南京路25號,089-350129,"<a href=""http://nchdb.boch.gov.tw/assets/advanceSearch/historicalBuilding/20050929000007"" target=""_blank"">http://nchdb.boch.gov.tw/assets/advanceSearch/historicalBuilding/20050929000007</a>","[{'classification': '指定/登錄', 'officialDocNo': '府文資字第 0943032223 號', 'registerDate': '2005-09-29 15:12:22.0'}]",教堂,臺東縣
876,20031231000017,樟原橋,"{'code': 'A15', 'name': '橋樑'}","1.文化資產保存法第27條之一規定
2.歷史建築登錄及輔助辦法
3.臺東縣92年12月16日歷史建築登錄審查會議決議辦理
",121.47938017789637,23.400740231924534,"{'itemNo': 1, 'cityName': '臺東縣', 'distName': '長濱鄉', 'address': '臺東縣長濱鄉樟原村'}",臺東縣政府, 文化處文化資產科,臺東市南京路25號,089-350129,"<a href=""http://nchdb.boch.gov.tw/assets/advanceSearch/historicalBuilding/20031231000017"" target=""_blank"">http://nchdb.boch.gov.tw/assets/advanceSearch/historicalBuilding/20031231000017</a>","[{'classification': '指定/登錄', 'officialDocNo': '府文資字第 0923028169 號', 'registerDate': '2003-12-31 14:37:14.0'}]",橋樑,臺東縣
877,20061102000001,舊花蓮港高等女學校校長宿舍,"{'code': 'A99', 'name': '其他設施', 'other': '宿舍'}",文化資產保存法第15條暨歷史建築登錄廢止審查及輔助辦法第2條第1項第1、2、3款規定。,121.614592,23.9799229999999,"{'itemNo': 1, 'cityName': '花蓮縣', 'distName': '花蓮市', 'address': '花蓮市菁華街11號'}",花蓮縣文化局,文化資產課,花蓮縣花蓮市文復路6號,03-8227121#316,"<a href=""http://nchdb.boch.gov.tw/assets/advanceSearch/historicalBuilding/20061102000001"" target=""_blank"">http://nchdb.boch.gov.tw/assets/advanceSearch/historicalBuilding/20061102000001</a>","[{'classification': '指定/登錄', 'officialDocNo': '府文資字第09505801400號', 'registerDate': '2006-11-02 10:10:54.0'}]",其他設施,花蓮縣
878,20140124000001,台鐵花蓮舊工務段、舊警務段建築群,"{'code': 'A20', 'name': '辦公廳舍'}",文化資產保存法第15條第1項、歷史建築登錄廢止審查及輔助辦法第2條第1項第1款、第3款、第4款。,121.60966,23.97472,"{'itemNo': 1, 'cityName': '花蓮縣', 'distName': '花蓮市', 'address': '花蓮市福建街460號(原公告為：博愛街24巷34、35號)'}",花蓮縣文化局,文化資產科,花蓮縣花蓮市文復路6號,03-8227121#316,"<a href=""http://nchdb.boch.gov.tw/assets/advanceSearch/historicalBuilding/20140124000001"" target=""_blank"">http://nchdb.boch.gov.tw/assets/advanceSearch/historicalBuilding/20140124000001</a>","[{'classification': '指定/登錄', 'officialDocNo': '府文資字第1020172895A號', 'registerDate': '2013-09-26 10:24:54.393'}, {'classification': '變更/修正', 'officialDocNo': '府文資字第1030016944A號', 'registerDate': '2014-01-24 17:41:28.0'}, {'classification': '變更/修正', 'officialDocNo': '府文資字第1030086827A號', 'registerDate': '2014-05-13 10:25:54.132'}]",辦公廳舍,花蓮縣
879,20040319000001,台灣鐵路局花蓮管理處處長官邸,"{'code': 'A17', 'name': '官邸'}",文化資產保存法第二十七條之一暨歷史建築登錄及輔助辦法第七條及第八條；以及九十二年十二月十七日花蓮縣歷史建築登錄審查會議決議辦理。,121.612788078307,23.9736575144826,"{'itemNo': 1, 'cityName': '花蓮縣', 'distName': '花蓮市', 'address': '中山路40巷1弄4號'}",花蓮文化局,文化資產科,花蓮縣花蓮市文復路6號,03-8227121-316,"<a href=""http://nchdb.boch.gov.tw/assets/advanceSearch/historicalBuilding/20040319000001"" target=""_blank"">http://nchdb.boch.gov.tw/assets/advanceSearch/historicalBuilding/20040319000001</a>","[{'classification': '指定/登錄', 'officialDocNo': '府文藝字第09305800270號', 'registerDate': '2004-03-19 19:16:12.0'}]",官邸,花蓮縣
880,20040319000002,前花蓮火車站加水塔,"{'code': 'A99', 'name': '其他設施', 'other': '建築物類'}",文化資產保存法第二十七條之一暨歷史建築登錄及輔助辦法第七條及第八條；以及九十二年十二月十七日花蓮縣歷史建築登錄審查會議決議辦理。,121.609099630201,23.9753651498234,"{'itemNo': 1, 'cityName': '花蓮縣', 'distName': '花蓮市', 'address': '六期重劃區內，光復街與成功街口'}",花蓮縣文化局,文化資產科,花蓮縣花蓮市文復路6號,03-8227121-316,"<a href=""http://nchdb.boch.gov.tw/assets/advanceSearch/historicalBuilding/20040319000002"" target=""_blank"">http://nchdb.boch.gov.tw/assets/advanceSearch/historicalBuilding/20040319000002</a>","[{'classification': '指定/登錄', 'officialDocNo': '府文藝字第09305800270號', 'registerDate': '2004-03-19 14:43:50.0'}]",其他設施,花蓮縣
881,20050329000001,郭子究故居,"{'code': 'A3', 'name': '宅第'}",文化資產保存法第27條之1暨歷史建築登錄及輔導辦法第7條及第8條；以及93年10月13日花蓮縣歷史建築登錄審查會議決議辦理。,121.624592564998,23.9873126568577,"{'itemNo': 1, 'cityName': '花蓮縣', 'distName': '花蓮市', 'address': '花蓮縣花蓮市民權7街1巷3號'}",花蓮縣文化局,文化資產科,花蓮縣花蓮市文復路6號,03-8227121-316,"<a href=""http://nchdb.boch.gov.tw/assets/advanceSearch/historicalBuilding/20050329000001"" target=""_blank"">http://nchdb.boch.gov.tw/assets/advanceSearch/historicalBuilding/20050329000001</a>","[{'classification': '指定/登錄', 'officialDocNo': '府文藝字第09405800590號', 'registerDate': '2005-03-29 09:58:44.0'}]",宅第,花蓮縣
882,20050329000002,曙光橋,"{'code': 'A15', 'name': '橋樑'}",文化資產保存法第27條之1暨歷史建築登錄及輔導辦法第7條及第8條；以及93年10月13日花蓮縣歷史建築登錄審查會議決議辦理。,121.618045511405,23.9793308778276,"{'itemNo': 1, 'cityName': '花蓮縣', 'distName': '花蓮市', 'address': '花蓮市美崙區出海口，花蓮市北濱段115地號、民德段31地號(現在橋所在地無地號，僅有115-4、1511-2)'}",花蓮縣文化局,文化資產科,花蓮縣花蓮市文復路6號,03-8227121,"<a href=""http://nchdb.boch.gov.tw/assets/advanceSearch/historicalBuilding/20050329000002"" target=""_blank"">http://nchdb.boch.gov.tw/assets/advanceSearch/historicalBuilding/20050329000002</a>","[{'classification': '指定/登錄', 'officialDocNo': '府文藝字第09405800590號', 'registerDate': '2005-03-29 10:40:24.0'}]",橋樑,花蓮縣
883,20020923000001,菁華林苑(花蓮港山林事業所官舍),"{'code': 'A3', 'name': '宅第'}",文化資產保存法第二十七條之一暨歷史建築登錄及輔助辦法第七條。,121.61611,23.980692,"{'itemNo': 1, 'cityName': '花蓮縣', 'distName': '花蓮市', 'address': '花蓮市菁華街10號'}",花蓮縣文化局,文化資產科,花蓮縣花蓮市文復路6號,03-8227121-316,"<a href=""http://nchdb.boch.gov.tw/assets/advanceSearch/historicalBuilding/20020923000001"" target=""_blank"">http://nchdb.boch.gov.tw/assets/advanceSearch/historicalBuilding/20020923000001</a>","[{'classification': '指定/登錄', 'officialDocNo': '府文推字第09105800790號', 'registerDate': '2002-09-23 15:22:29.0'}, {'classification': '變更/修正', 'officialDocNo': '府文藝字第09305800270號', 'registerDate': '2004-03-19 00:00:00.0'}, {'classification': '變更/修正', 'officialDocNo': '府文資字第1050102397A號', 'registerDate': '2016-06-01 14:07:33.668'}, {'classification': '變更/修正', 'officialDocNo': '府文資字第1110234136A號', 'registerDate': '2022-11-23 00:00:00.0'}]",宅第,花蓮縣
884,20090813000001,舊花蓮鐵路醫院,"{'code': 'A27', 'name': '醫院'}",文化資產保存法第15條暨歷史建築登錄廢止審查及輔助辦法第4條規定。,121.609196223046,23.9731303559957,"{'itemNo': 1, 'cityName': '花蓮縣', 'distName': '花蓮市', 'address': '花蓮市廣東街326號'}",交通部台灣鐡路管理局,花蓮工務段產業股,花蓮縣花蓮市富裕二街32-1號,"02-23815226,03857093","<a href=""http://nchdb.boch.gov.tw/assets/advanceSearch/historicalBuilding/20090813000001"" target=""_blank"">http://nchdb.boch.gov.tw/assets/advanceSearch/historicalBuilding/20090813000001</a>","[{'classification': '指定/登錄', 'officialDocNo': '府文資字第0980134582A號', 'registerDate': '2009-08-13 16:31:33.343'}, {'classification': '變更/修正', 'officialDocNo': '府文資字第1040235412A號', 'registerDate': '2015-12-03 00:00:00.0'}]",醫院,花蓮縣
885,20020923000002,松園別館,"{'code': 'A19', 'name': '機關'}",文化資產保存法第二十七條之一暨歷史建築登錄及輔助辦法第七條。,121.615514662396,23.9825182611273,"{'itemNo': 1, 'cityName': '花蓮縣', 'distName': '花蓮市', 'address': '水源街26 號'}",花蓮縣文化局,文化資產科,花蓮縣花蓮市文復路6號,03-8227121#316,"<a href=""http://nchdb.boch.gov.tw/assets/advanceSearch/historicalBuilding/20020923000002"" target=""_blank"">http://nchdb.boch.gov.tw/assets/advanceSearch/historicalBuilding/20020923000002</a>","[{'classification': '指定/登錄', 'officialDocNo': '府文推字第09105800790 號', 'registerDate': '2002-09-23 16:14:29.0'}]",機關,花蓮縣
886,20020923000003,交通部台鐵管理局花蓮管理處,"{'code': 'A20', 'name': '辦公廳舍'}",文化資產保存法第二十七條之一暨歷史建築登錄及輔助辦法第七條。,121.61058344246,23.9746386777766,"{'itemNo': 1, 'cityName': '花蓮縣', 'distName': '花蓮市', 'address': '花蓮市中山路71 號'}",花蓮縣文化局,文化資產科,花蓮縣花蓮市文復路6號,03-8227121-316,"<a href=""http://nchdb.boch.gov.tw/assets/advanceSearch/historicalBuilding/20020923000003"" target=""_blank"">http://nchdb.boch.gov.tw/assets/advanceSearch/historicalBuilding/20020923000003</a>","[{'classification': '指定/登錄', 'officialDocNo': '府文推字第09105800790 號', 'registerDate': '2002-09-23 17:26:05.0'}]",辦公廳舍,花蓮縣
887,20020923000004,花蓮舊酒廠,"{'code': 'A16', 'name': '產業'}",文化資產保存法第二十七條之一暨歷史建築登錄及輔助辦法第七條。,121.604658950105,23.9760725580926,"{'itemNo': 1, 'cityName': '花蓮縣', 'distName': '花蓮市', 'address': '中華路144號(中華路與中正路交叉口)'}",花蓮縣文化局,文化資產科,花蓮縣花蓮市文復路6號,03-8227121-316,"<a href=""http://nchdb.boch.gov.tw/assets/advanceSearch/historicalBuilding/20020923000004"" target=""_blank"">http://nchdb.boch.gov.tw/assets/advanceSearch/historicalBuilding/20020923000004</a>","[{'classification': '指定/登錄', 'officialDocNo': '府文推字第09105800790 號', 'registerDate': '2002-09-23 13:46:44.0'}, {'classification': '廢止/撤銷', 'officialDocNo': '府文藝字第09405801070號', 'registerDate': '2005-06-09 00:00:00.0'}]",產業,花蓮縣
888,20050329000003,美崙溪畔日式宿舍,"{'code': 'A3', 'name': '宅第'}",文化資產保存法第27條之1暨歷史建築登錄及輔導辦法第7條及第8條；以及93年10月13日花蓮縣歷史建築登錄審查會議決議辦理。,121.613070228448,23.9803440150672,"{'itemNo': 1, 'cityName': '花蓮縣', 'distName': '花蓮市', 'address': '花蓮市中正路618巷及622巷（14間）。(花蓮市民勤段1426、1426-4地號)'}",花蓮縣文化局,文化資產科,花蓮縣花蓮市文復路6號,03-8227121#312,"<a href=""http://nchdb.boch.gov.tw/assets/advanceSearch/historicalBuilding/20050329000003"" target=""_blank"">http://nchdb.boch.gov.tw/assets/advanceSearch/historicalBuilding/20050329000003</a>","[{'classification': '指定/登錄', 'officialDocNo': '府文藝字第09405800590號', 'registerDate': '2005-03-29 00:00:00.0'}, {'classification': '指定/登錄', 'officialDocNo': '府文資字第09605801320號', 'registerDate': '2007-09-03 14:49:15.895'}]",宅第,花蓮縣
889,20061102000002,林務局宿舍菁華街33號及33-2號,"{'code': 'A99', 'name': '其他設施', 'other': '宿舍'}",文化資產保存法第15條暨歷史建築登錄廢止審查及輔助辦法第2條第1項第2、3款規定。,121.615423327435,23.9803739813498,"{'itemNo': 1, 'cityName': '花蓮縣', 'distName': '花蓮市', 'address': '花蓮市菁華街33號及33-2號'}",花蓮縣文化局,文化資產科,花蓮縣花蓮市文復路6號,03-8227121-316,"<a href=""http://nchdb.boch.gov.tw/assets/advanceSearch/historicalBuilding/20061102000002"" target=""_blank"">http://nchdb.boch.gov.tw/assets/advanceSearch/historicalBuilding/20061102000002</a>","[{'classification': '指定/登錄', 'officialDocNo': '府文資字第09505801400號', 'registerDate': '2006-11-02 14:57:31.0'}]",其他設施,花蓮縣
890,20050329000004,太魯閣牌樓,"{'code': 'A11', 'name': '牌坊'}",文化資產保存法第27條之1暨歷史建築登錄及輔導辦法第7條及第8條；以及93年10月13日花蓮縣歷史建築登錄審查會議決議辦理。,121.621634661041,24.1554797671577,"{'itemNo': 1, 'cityName': '花蓮縣', 'distName': '秀林鄉', 'address': '台8線東側入口處189k'}",花連縣文化局,文化資產科,花蓮縣花蓮市文復路6號,03-8227121-316,"<a href=""http://nchdb.boch.gov.tw/assets/advanceSearch/historicalBuilding/20050329000004"" target=""_blank"">http://nchdb.boch.gov.tw/assets/advanceSearch/historicalBuilding/20050329000004</a>","[{'classification': '指定/登錄', 'officialDocNo': '府文藝字第09405800590號', 'registerDate': '2005-03-29 14:16:21.0'}, {'classification': '變更/修正', 'officialDocNo': '府文資字第1010020314A號', 'registerDate': '2012-02-04 08:54:30.527'}]",牌坊,花蓮縣
891,20110412000001,秀林加灣神社殘蹟,"{'code': 'A99', 'name': '其他設施', 'other': '具有歷史、文化、藝術價值之建造物(神社)'}",文化資產保存法第15條暨歷史建築登錄廢止審查及輔助辦法第4條規定。,121.605180381879,24.0831794821576,"{'itemNo': 1, 'cityName': '花蓮縣', 'distName': '秀林鄉', 'address': '花蓮縣秀林鄉景美村景美國小後方'}",花蓮縣文化局,文化資產科,花蓮縣花蓮市文復路6號,03-8227121#316,"<a href=""http://nchdb.boch.gov.tw/assets/advanceSearch/historicalBuilding/20110412000001"" target=""_blank"">http://nchdb.boch.gov.tw/assets/advanceSearch/historicalBuilding/20110412000001</a>","[{'classification': '指定/登錄', 'officialDocNo': '府文資字第1000061081B號', 'registerDate': '2011-04-12 14:59:26.0'}, {'classification': '變更/修正', 'officialDocNo': '府文資字第1010104415A號', 'registerDate': '2012-06-14 16:59:46.1'}]",其他設施,花蓮縣
892,20121012000001,秀林普明寺,"{'code': 'A2', 'name': '寺廟'}",文化資產保存法第15條第1項、第3項暨歷史建築登錄廢止審查及輔助辦法第2條第1項第1款規定。,121.59978,24.05441,"{'itemNo': 1, 'cityName': '花蓮縣', 'distName': '秀林鄉', 'address': '花蓮縣秀林鄉佳民村佳民121號'}",花蓮縣文化局,文化資產科,花蓮縣花蓮市文復路6號,03-8227121#316,"<a href=""http://nchdb.boch.gov.tw/assets/advanceSearch/historicalBuilding/20121012000001"" target=""_blank"">http://nchdb.boch.gov.tw/assets/advanceSearch/historicalBuilding/20121012000001</a>","[{'classification': '指定/登錄', 'officialDocNo': '府文資字第1010190032A號', 'registerDate': '2012-10-12 15:20:03.0'}]",寺廟,花蓮縣
893,20150128000001,中部東西橫貫公路慈雲橋,"{'code': 'A15', 'name': '橋樑'}",文化資產保存法第15條、歷史建築登錄廢止審查及輔助辦法第2條第1項第1款、第2款及第3款。,121.430013,24.212563,"{'itemNo': 1, 'cityName': '花蓮縣', 'distName': '秀林鄉', 'address': '台8線149K+550'}",花蓮縣文化局,文化資產科,花蓮縣花蓮市文復路6號,03-8227121#316,"<a href=""http://nchdb.boch.gov.tw/assets/advanceSearch/historicalBuilding/20150128000001"" target=""_blank"">http://nchdb.boch.gov.tw/assets/advanceSearch/historicalBuilding/20150128000001</a>","[{'classification': '指定/登錄', 'officialDocNo': '府文資字第1040018351A號', 'registerDate': '2015-01-28 09:11:18.0'}]",橋樑,花蓮縣
894,20040319000003,光華農場旁牌樓,"{'code': 'A11', 'name': '牌坊'}",文化資產保存法第二十七條之一暨歷史建築登錄及輔助辦法第七條及第八條；以及九十二年十二月十七日花蓮縣歷史建築登錄審查會議決議辦理。,121.555330782505,23.9313815195577,"{'itemNo': 1, 'cityName': '花蓮縣', 'distName': '吉安鄉', 'address': '光英段186道路上'}",花蓮縣文化局,文化資產科,花蓮縣花蓮市文復路六號,03-8227121-316,"<a href=""http://nchdb.boch.gov.tw/assets/advanceSearch/historicalBuilding/20040319000003"" target=""_blank"">http://nchdb.boch.gov.tw/assets/advanceSearch/historicalBuilding/20040319000003</a>","[{'classification': '指定/登錄', 'officialDocNo': '府文藝字第09305800270號', 'registerDate': '2004-03-19 11:43:37.0'}]",牌坊,花蓮縣
895,20090813000002,壽豐豐裡村日本移民墓園,"{'code': 'A12', 'name': '墓葬'}",文化資產保存法第15條暨歷史建築登錄廢止審查及輔助辦法第4條規定。,121.506463338608,23.8413590962349,"{'itemNo': 1, 'cityName': '花蓮縣', 'distName': '壽豐鄉', 'address': '花蓮縣壽豐鄉豐裡村中山路280號後側'}",花蓮文化局,文化資產科,花蓮縣花蓮市文復路6號,03-8227121-316,"<a href=""http://nchdb.boch.gov.tw/assets/advanceSearch/historicalBuilding/20090813000002"" target=""_blank"">http://nchdb.boch.gov.tw/assets/advanceSearch/historicalBuilding/20090813000002</a>","[{'classification': '指定/登錄', 'officialDocNo': '98年8月13日府文資字第0980134582A號', 'registerDate': '2009-08-13 16:12:30.0'}, {'classification': '變更/修正', 'officialDocNo': '府文資字第0990079195A號', 'registerDate': '2010-05-12 16:54:13.399'}]",墓葬,花蓮縣
896,20090813000003,舊豐田移民村警察官吏派出所(壽豐鄉文史館),"{'code': 'A6', 'name': '衙署'}",文化資產保存法第15條暨歷史建築登錄廢止審查及輔助辦法第4條規定。,121.507965619907,23.8410971891846,"{'itemNo': 1, 'cityName': '花蓮縣', 'distName': '壽豐鄉', 'address': '豐裡村中山路320號'}",花蓮縣文化局,文化資產科,花蓮縣花蓮市文復路6號,03-8227121-316,"<a href=""http://nchdb.boch.gov.tw/assets/advanceSearch/historicalBuilding/20090813000003"" target=""_blank"">http://nchdb.boch.gov.tw/assets/advanceSearch/historicalBuilding/20090813000003</a>","[{'classification': '指定/登錄', 'officialDocNo': '府文資字第0980134582A號', 'registerDate': '2009-08-13 14:58:47.0'}, {'classification': '變更/修正', 'officialDocNo': '府文資字第1000053207A號', 'registerDate': '2011-03-28 16:42:45.652'}]",衙署,花蓮縣
897,20090813000004,舊花蓮港廳豐田小學校劍道館（豐裡國小禮堂）,"{'code': 'A24', 'name': '學校'}",文化資產保存法第15條暨歷史建築登錄廢止審查及輔助辦法第4條規定。,121.507961309766,23.841886871777,"{'itemNo': 1, 'cityName': '花蓮縣', 'distName': '壽豐鄉', 'address': '豐裡村中山路299號'}",花蓮縣文化局,文化資產科,花蓮縣花蓮市文復路六號,03-8227121-316,"<a href=""http://nchdb.boch.gov.tw/assets/advanceSearch/historicalBuilding/20090813000004"" target=""_blank"">http://nchdb.boch.gov.tw/assets/advanceSearch/historicalBuilding/20090813000004</a>","[{'classification': '指定/登錄', 'officialDocNo': '府文資字第0980134582A號', 'registerDate': '2009-08-13 11:44:44.0'}, {'classification': '變更/修正', 'officialDocNo': '府文資字第1000053207A號', 'registerDate': '2011-03-28 16:35:32.865'}]",學校,花蓮縣
898,20090813000005,豐田神社參道與遺構(碧蓮寺之周邊設施),"{'code': 'A99', 'name': '其他設施', 'other': '神社'}",文化資產保存法第15條暨歷史建築登錄廢止審查及輔助辦法第4條規定。,121.501546732631,23.8389390845471,"{'itemNo': 1, 'cityName': '花蓮縣', 'distName': '壽豐鄉', 'address': '豐裡村民權街與中山路交叉口及民權街與豐正路(花蓮縣壽豐鄉民權街1號)'}",財政部國有財產局臺灣北區辦事處花蓮分處,財政部國有財產局臺灣北區辦事處花蓮分處,花蓮縣花蓮市順興路43號,03-8225297分機312,"<a href=""http://nchdb.boch.gov.tw/assets/advanceSearch/historicalBuilding/20090813000005"" target=""_blank"">http://nchdb.boch.gov.tw/assets/advanceSearch/historicalBuilding/20090813000005</a>","[{'classification': '指定/登錄', 'officialDocNo': '府文資字第0980134582A號', 'registerDate': '2009-08-13 15:43:07.0'}, {'classification': '變更/修正', 'officialDocNo': '府文資字第0990079195A號', 'registerDate': '2010-05-12 16:39:56.672'}]",其他設施,花蓮縣
899,20040319000004,花蓮農場招待所,"{'code': 'A17', 'name': '官邸'}",文化資產保存法第二十七條之一暨歷史建築登錄及輔助辦法第七條及第八條；以及九十二年十二月十七日花蓮縣歷史建築登錄審查會議決議辦理。,121.515037148407,23.8717071565437,"{'itemNo': 1, 'cityName': '花蓮縣', 'distName': '壽豐鄉', 'address': '共和村大同路2號'}",花蓮縣文化局,文化資產科,花蓮縣花蓮市文復路6號,03-8227121-316,"<a href=""http://nchdb.boch.gov.tw/assets/advanceSearch/historicalBuilding/20040319000004"" target=""_blank"">http://nchdb.boch.gov.tw/assets/advanceSearch/historicalBuilding/20040319000004</a>","[{'classification': '指定/登錄', 'officialDocNo': '府文藝字第09305800270號', 'registerDate': '2004-03-19 16:34:01.0'}, {'classification': '變更/修正', 'officialDocNo': '府文資字第1010020314A號', 'registerDate': '2012-02-04 16:46:27.519'}]",官邸,花蓮縣
900,20130131000001,豐田村移民指導所事務室,"{'code': 'A20', 'name': '辦公廳舍'}",文化資產保存法第15條第1項、第3項暨歷史建築登錄廢止審查及輔助辦法第2條第1項第1款規定。,121.5088,23.84144,"{'itemNo': 1, 'cityName': '花蓮縣', 'distName': '壽豐鄉', 'address': '花蓮縣壽豐鄉豐裡村文化街(花蓮縣壽豐鄉豐裡國小東側)'}",花蓮文化局,文化資產科,花蓮縣花蓮市文復路6號,03-8227121#316,"<a href=""http://nchdb.boch.gov.tw/assets/advanceSearch/historicalBuilding/20130131000001"" target=""_blank"">http://nchdb.boch.gov.tw/assets/advanceSearch/historicalBuilding/20130131000001</a>","[{'classification': '指定/登錄', 'officialDocNo': '府文資字第1020023028A號', 'registerDate': '2013-01-31 14:02:18.0'}]",辦公廳舍,花蓮縣
901,20100617000001,壽豐溪口石灰窯,"{'code': 'A16', 'name': '產業'}",文化資產保存法第15條及歷史建築登錄廢止審查及輔助辦法第4條規定。,121.464963988152,23.81489148902,"{'itemNo': 1, 'cityName': '花蓮縣', 'distName': '壽豐鄉', 'address': '花蓮縣壽豐鄉溪口村中山路一段77號後方約100公尺處'}",花蓮縣文化局,文化資產科,花蓮縣花蓮市文復路六號,03-8227121-316,"<a href=""http://nchdb.boch.gov.tw/assets/advanceSearch/historicalBuilding/20100617000001"" target=""_blank"">http://nchdb.boch.gov.tw/assets/advanceSearch/historicalBuilding/20100617000001</a>","[{'classification': '指定/登錄', 'officialDocNo': '府文資字第0990101605A號', 'registerDate': '2010-06-17 11:51:08.0'}]",產業,花蓮縣
902,20130110000001,校長夢工廠,"{'code': 'A3', 'name': '宅第'}",文化資產保存法第15條第1項、第3項暨歷史建築登錄廢止審查及輔助辦法第2條第1項第1款、第4款規定。,121.450306,23.74759,"{'itemNo': 1, 'cityName': '花蓮縣', 'distName': '鳳林鎮', 'address': '花蓮縣鳳林鎮鳳智里民生街16號'}",花蓮縣政府,花蓮縣文化局,花蓮縣花蓮市文復路6號,03-8227121-316,"<a href=""http://nchdb.boch.gov.tw/assets/advanceSearch/historicalBuilding/20130110000001"" target=""_blank"">http://nchdb.boch.gov.tw/assets/advanceSearch/historicalBuilding/20130110000001</a>","[{'classification': '指定/登錄', 'officialDocNo': '府文資字第1020004845A號', 'registerDate': '2013-01-10 10:57:38.0'}]",宅第,花蓮縣
903,20120502000001,鳳林鎮大榮國小教師宿舍,"{'code': 'A3', 'name': '宅第'}",文化資產保存法第15條第1項、第3項暨歷史建築登錄廢止審查及輔助辦法第2條第1項第1款、第2款、第3款規定。,121.468473,23.753076,"{'itemNo': 1, 'cityName': '花蓮縣', 'distName': '鳳林鎮', 'address': '花蓮縣鳳林鎮大榮二村復興路72號'}",花蓮縣政府,花蓮縣文化局,花蓮縣花蓮市文復路6號,03-8227121#316,"<a href=""http://nchdb.boch.gov.tw/assets/advanceSearch/historicalBuilding/20120502000001"" target=""_blank"">http://nchdb.boch.gov.tw/assets/advanceSearch/historicalBuilding/20120502000001</a>","[{'classification': '指定/登錄', 'officialDocNo': '府文資字第1010078617A號', 'registerDate': '2012-05-02 09:50:27.0'}]",宅第,花蓮縣
904,20020923000005,林田山中山堂及康樂新村殘構,"{'code': 'A16', 'name': '產業'}",文化資產保存法第二十七條之一暨歷史建築登錄及輔助辦法第七條。,121.398138358839,23.7168879685902,"{'itemNo': 1, 'cityName': '花蓮縣', 'distName': '鳳林鎮', 'address': '森榮里林森路231號'}",花蓮縣文化局,文化資產科,花蓮縣花蓮市文復路六號,03-8227121-316,"<a href=""http://nchdb.boch.gov.tw/assets/advanceSearch/historicalBuilding/20020923000005"" target=""_blank"">http://nchdb.boch.gov.tw/assets/advanceSearch/historicalBuilding/20020923000005</a>","[{'classification': '指定/登錄', 'officialDocNo': '府文推字第09105800790 號', 'registerDate': '2002-09-23 09:39:27.0'}]",產業,花蓮縣
905,20020923000006,光復鄉馬太鞍部落納骨碑,"{'code': 'A9', 'name': '碑碣'}",文化資產保存法第二十七條之一暨歷史建築登錄及輔助辦法第七條。,121.430624209315,23.6755293860395,"{'itemNo': 1, 'cityName': '花蓮縣', 'distName': '光復鄉', 'address': '太平村延平街79巷北側'}",花蓮縣文化局,文化資產科,花蓮縣花蓮市文復路6號,03-8227121-316,"<a href=""http://nchdb.boch.gov.tw/assets/advanceSearch/historicalBuilding/20020923000006"" target=""_blank"">http://nchdb.boch.gov.tw/assets/advanceSearch/historicalBuilding/20020923000006</a>","[{'classification': '指定/登錄', 'officialDocNo': '府文推字第09105800790 號', 'registerDate': '2002-09-23 10:04:53.0'}]",碑碣,花蓮縣
906,20020923000007,光復鄉北富村富田古井,"{'code': 'A99', 'name': '其他設施', 'other': '其他歷史遺蹟'}",文化資產保存法第二十七條之一暨歷史建築登錄及輔助辦法第七條。,121.453546209581,23.6612157762079,"{'itemNo': 1, 'cityName': '花蓮縣', 'distName': '光復鄉', 'address': '北富村富強街'}",花蓮縣文化局,文化資產科,花蓮縣花蓮市文復路6號,03-8227121-316,"<a href=""http://nchdb.boch.gov.tw/assets/advanceSearch/historicalBuilding/20020923000007"" target=""_blank"">http://nchdb.boch.gov.tw/assets/advanceSearch/historicalBuilding/20020923000007</a>","[{'classification': '指定/登錄', 'officialDocNo': '府文推字第09105800790 號', 'registerDate': '2002-09-23 15:20:13.0'}]",其他設施,花蓮縣
907,20020923000008,光復鄉北富村富田納骨碑,"{'code': 'A9', 'name': '碑碣'}",文化資產保存法第二十七條之一暨歷史建築登錄及輔助辦法第七條。,121.454201096082,23.6606763626618,"{'itemNo': 1, 'cityName': '花蓮縣', 'distName': '光復鄉', 'address': '北富村富強街22 號'}",花蓮縣文化局,文化資產科,花蓮市文復路6號,038227121-316,"<a href=""http://nchdb.boch.gov.tw/assets/advanceSearch/historicalBuilding/20020923000008"" target=""_blank"">http://nchdb.boch.gov.tw/assets/advanceSearch/historicalBuilding/20020923000008</a>","[{'classification': '指定/登錄', 'officialDocNo': '府文推字第09105800790 號', 'registerDate': '2002-09-23 00:00:21.66'}, {'classification': '變更/修正', 'officialDocNo': '府文資字第09605800080號', 'registerDate': '2007-01-16 11:52:12.268'}]",碑碣,花蓮縣
908,20020923000009,光復鄉大華村古厝（益壽堂）,"{'code': 'A18', 'name': '商店'}",文化資產保存法第二十七條之一暨歷史建築登錄及輔助辦法第七條。,121.42345152247,23.6658488842958,"{'itemNo': 1, 'cityName': '花蓮縣', 'distName': '光復鄉', 'address': '大華村中正路1 段85 號'}",花蓮縣文化局,文化資產科,花蓮縣花蓮市文復路6號,03-8227121-316,"<a href=""http://nchdb.boch.gov.tw/assets/advanceSearch/historicalBuilding/20020923000009"" target=""_blank"">http://nchdb.boch.gov.tw/assets/advanceSearch/historicalBuilding/20020923000009</a>","[{'classification': '指定/登錄', 'officialDocNo': '府文推字第09105800790 號', 'registerDate': '2002-09-23 15:10:27.0'}]",商店,花蓮縣
909,20020923000010,光復鄉大豐村古厝（穎川堂）,"{'code': 'A3', 'name': '宅第'}",文化資產保存法第二十七條之一暨歷史建築登錄及輔助辦法第七條。,121.380183161562,23.5906164333334,"{'itemNo': 1, 'cityName': '花蓮縣', 'distName': '光復鄉', 'address': '大豐村9 鄰267 號'}",花蓮縣文化局,文化資產科,花蓮縣花蓮市文復路6號,03-8227121-316,"<a href=""http://nchdb.boch.gov.tw/assets/advanceSearch/historicalBuilding/20020923000010"" target=""_blank"">http://nchdb.boch.gov.tw/assets/advanceSearch/historicalBuilding/20020923000010</a>","[{'classification': '指定/登錄', 'officialDocNo': '府文推字第09105800790 號', 'registerDate': '2002-09-23 15:07:51.0'}, {'classification': '變更/修正', 'officialDocNo': '府文資字第1010020314A號', 'registerDate': '2012-02-04 15:29:16.1'}]",宅第,花蓮縣
910,20111004000004,花蓮糖廠副廠長宿舍,"{'code': 'A3', 'name': '宅第'}",文化資產保存法第15條暨歷史建築登錄廢止審查及輔助辦法第4條規定。,121.4201,23.65633,"{'itemNo': 1, 'cityName': '花蓮縣', 'distName': '光復鄉', 'address': '花蓮縣光復鄉大進村糖廠街8巷10號'}",花蓮縣政府,花蓮縣文化局,花蓮縣花蓮市文復路6號,03-8227121#316,"<a href=""http://nchdb.boch.gov.tw/assets/advanceSearch/historicalBuilding/20111004000004"" target=""_blank"">http://nchdb.boch.gov.tw/assets/advanceSearch/historicalBuilding/20111004000004</a>","[{'classification': '指定/登錄', 'officialDocNo': '府文資字第1000172627A號', 'registerDate': '2011-10-04 13:53:03.0'}, {'classification': '變更/修正', 'officialDocNo': '府文資字第1010011168A號', 'registerDate': '2012-01-19 17:05:17.929'}]",宅第,花蓮縣
911,20111004000005,花蓮糖廠員工宿舍7巷1、3號,"{'code': 'A3', 'name': '宅第'}",文化資產保存法第15條暨歷史建築登錄廢止審查及輔助辦法第4條規定。,121.41955878467053,23.656203885332335,"{'itemNo': 1, 'cityName': '花蓮縣', 'distName': '光復鄉', 'address': '花蓮縣光復鄉大進村糖廠街7巷1、3號'}",花蓮縣政府,花蓮縣文化局,花蓮縣光復鄉 文復路6號,03-8227121#316,"<a href=""http://nchdb.boch.gov.tw/assets/advanceSearch/historicalBuilding/20111004000005"" target=""_blank"">http://nchdb.boch.gov.tw/assets/advanceSearch/historicalBuilding/20111004000005</a>","[{'classification': '指定/登錄', 'officialDocNo': '府文資字第1000172627A號', 'registerDate': '2011-10-04 14:06:02.0'}, {'classification': '變更/修正', 'officialDocNo': '府文資字第1010011168A號', 'registerDate': '2012-01-19 17:07:49.226'}]",宅第,花蓮縣
912,20111004000006,花蓮糖廠員工宿舍7巷5、7號,"{'code': 'A3', 'name': '宅第'}",文化資產保存法第15條暨歷史建築登錄廢止審查及輔助辦法第4條規定。,121.41927646569246,23.656336708309475,"{'itemNo': 1, 'cityName': '花蓮縣', 'distName': '光復鄉', 'address': '花蓮縣光復鄉大進村糖廠街7巷5、7號'}",花蓮縣政府,花蓮縣文化局,花蓮縣花蓮市文復路6號,03-8227121#316,"<a href=""http://nchdb.boch.gov.tw/assets/advanceSearch/historicalBuilding/20111004000006"" target=""_blank"">http://nchdb.boch.gov.tw/assets/advanceSearch/historicalBuilding/20111004000006</a>","[{'classification': '指定/登錄', 'officialDocNo': '府文資字第1000172627A號', 'registerDate': '2011-10-04 14:20:18.0'}, {'classification': '變更/修正', 'officialDocNo': '府文資字第1010011168A號', 'registerDate': '2012-01-19 17:11:10.87'}]",宅第,花蓮縣
913,20111004000007,花蓮糖廠員工宿舍1巷1、3號,"{'code': 'A3', 'name': '宅第'}",文化資產保存法第15條暨歷史建築登錄廢止審查及輔助辦法第4條規定。,121.41867506861504,23.654453654077994,"{'itemNo': 1, 'cityName': '花蓮縣', 'distName': '光復鄉', 'address': '花蓮縣光復鄉大進村糖廠街1巷1、3號'}",花蓮縣政府,花蓮縣文化局,花蓮縣花蓮市文復路6號,03-8227121#316,"<a href=""http://nchdb.boch.gov.tw/assets/advanceSearch/historicalBuilding/20111004000007"" target=""_blank"">http://nchdb.boch.gov.tw/assets/advanceSearch/historicalBuilding/20111004000007</a>","[{'classification': '指定/登錄', 'officialDocNo': '府文資字第1000172627A號', 'registerDate': '2011-10-04 14:37:41.0'}, {'classification': '變更/修正', 'officialDocNo': '府文資字第1010011168A號', 'registerDate': '2012-01-19 17:13:30.066'}]",宅第,花蓮縣
914,20111004000008,花蓮糖廠員工宿舍1巷5、7號,"{'code': 'A3', 'name': '宅第'}",文化資產保存法第15條暨歷史建築登錄廢止審查及輔助辦法第4條規定。,121.41836675108904,23.65457153082834,"{'itemNo': 1, 'cityName': '花蓮縣', 'distName': '光復鄉', 'address': '花蓮縣光復鄉大進村糖廠街1巷5、7號'}",花蓮縣政府,花蓮縣文化局,花蓮縣花蓮市文復路6號,03-8227121#316,"<a href=""http://nchdb.boch.gov.tw/assets/advanceSearch/historicalBuilding/20111004000008"" target=""_blank"">http://nchdb.boch.gov.tw/assets/advanceSearch/historicalBuilding/20111004000008</a>","[{'classification': '指定/登錄', 'officialDocNo': '府文資字第1000172627A號', 'registerDate': '2011-10-04 14:50:06.0'}, {'classification': '變更/修正', 'officialDocNo': '府文資字第1010011168A號', 'registerDate': '2012-01-19 17:15:27.349'}]",宅第,花蓮縣
915,20111004000009,花蓮糖廠診所,"{'code': 'A27', 'name': '醫院'}",文化資產保存法第15條暨歷史建築登錄廢止審查及輔助辦法第4條規定。,121.41895727591215,23.655752619610794,"{'itemNo': 1, 'cityName': '花蓮縣', 'distName': '光復鄉', 'address': '花蓮縣光復鄉大進村糖廠街5巷5號'}",花蓮縣政府,花蓮縣文化局,花蓮縣花蓮市文復路6號,03-8227121#316,"<a href=""http://nchdb.boch.gov.tw/assets/advanceSearch/historicalBuilding/20111004000009"" target=""_blank"">http://nchdb.boch.gov.tw/assets/advanceSearch/historicalBuilding/20111004000009</a>","[{'classification': '指定/登錄', 'officialDocNo': '府文資字第1000172627A號', 'registerDate': '2011-10-04 15:08:36.0'}, {'classification': '變更/修正', 'officialDocNo': '府文資字第1010011168A號', 'registerDate': '2012-01-19 17:20:43.053'}]",醫院,花蓮縣
916,20111004000010,花蓮糖廠原料區辦公室,"{'code': 'A20', 'name': '辦公廳舍'}",文化資產保存法第15條暨歷史建築登錄廢止審查及輔助辦法第4條規定。,121.42012160805014,23.655227496291015,"{'itemNo': 1, 'cityName': '花蓮縣', 'distName': '光復鄉', 'address': '花蓮縣光復鄉大進村糖廠街10號'}",花蓮縣政府,花蓮縣文化局,花蓮縣花蓮市文復路6號,03-8227121#316,"<a href=""http://nchdb.boch.gov.tw/assets/advanceSearch/historicalBuilding/20111004000010"" target=""_blank"">http://nchdb.boch.gov.tw/assets/advanceSearch/historicalBuilding/20111004000010</a>","[{'classification': '指定/登錄', 'officialDocNo': '府文資字第1000172627A號', 'registerDate': '2011-10-04 15:20:36.0'}, {'classification': '變更/修正', 'officialDocNo': '府文資字第1010011168A號', 'registerDate': '2012-01-19 11:50:05.601'}]",辦公廳舍,花蓮縣
917,20121018000001,富源保安宮,"{'code': 'A2', 'name': '寺廟'}",文化資產保存法第15條第1項、第3項暨歷史建築登錄廢止審查及輔助辦法第2條第1項第1款、第3款、第4款規定。,121.375888,23.576315,"{'itemNo': 1, 'cityName': '花蓮縣', 'distName': '瑞穗鄉', 'address': '花蓮縣瑞穗鄉富民村中正路一段239號'}",花蓮縣政府,花蓮縣文化局,花蓮縣花蓮市文復路6號,03-8227121#316,"<a href=""http://nchdb.boch.gov.tw/assets/advanceSearch/historicalBuilding/20121018000001"" target=""_blank"">http://nchdb.boch.gov.tw/assets/advanceSearch/historicalBuilding/20121018000001</a>","[{'classification': '指定/登錄', 'officialDocNo': '府文資字第1010194216A號', 'registerDate': '2012-10-18 16:14:18.0'}]",寺廟,花蓮縣
918,20051107000003,林務局玉里國有眷舍,"{'code': 'A3', 'name': '宅第'}",文化資產保存法第18條、歷史建築登錄廢止審查及輔助辦法第5條、行政程序法第122條規定。,121.31339,23.337959,"{'itemNo': 1, 'cityName': '花蓮縣', 'distName': '玉里鎮', 'address': '花蓮縣玉里鎮中華路139巷48弄4號；花蓮縣玉里鎮中華路139巷50號、52號、54號'}",花蓮縣文化局,文化資產課,花蓮縣花蓮市文復路六號,03-8227121-316,"<a href=""http://nchdb.boch.gov.tw/assets/advanceSearch/historicalBuilding/20051107000003"" target=""_blank"">http://nchdb.boch.gov.tw/assets/advanceSearch/historicalBuilding/20051107000003</a>","[{'classification': '指定/登錄', 'officialDocNo': '府文資字第09605801560號', 'registerDate': '2007-11-07 00:00:00.0'}, {'classification': '變更/修正', 'officialDocNo': '府文資字第1110086859A號', 'registerDate': '2022-05-04 17:06:58.568'}]",宅第,花蓮縣
919,20061228000001,玉里信用組合及倉庫群,"{'code': 'A16', 'name': '產業'}",文化資產保存法第15條暨歷史建築登錄廢止審查及輔助辦法第2條第1項第2、3、4款規定。,121.315153990065,23.3382299744477,"{'itemNo': 1, 'cityName': '花蓮縣', 'distName': '玉里鎮', 'address': '花蓮縣玉里鎮中華路179號'}",花蓮縣文化局,文化資產科,花蓮縣花蓮市文復路6號,03-8227121-316,"<a href=""http://nchdb.boch.gov.tw/assets/advanceSearch/historicalBuilding/20061228000001"" target=""_blank"">http://nchdb.boch.gov.tw/assets/advanceSearch/historicalBuilding/20061228000001</a>","[{'classification': '指定/登錄', 'officialDocNo': '府文資字第09505801990號', 'registerDate': '2006-12-28 09:57:07.0'}, {'classification': '變更/修正', 'officialDocNo': '府文資字第1110237008A號', 'registerDate': '2022-11-25 00:00:00.0'}]",產業,花蓮縣
920,20040319000005,安通溫泉旅舍,"{'code': 'A16', 'name': '產業'}",文化資產保存法第二十七條之一暨歷史建築登錄及輔助辦法第七條及第八條；以及九十二年十二月十七日花蓮縣歷史建築登錄審查會議決議辦理。,121.3418,23.28119,"{'itemNo': 1, 'cityName': '花蓮縣', 'distName': '玉里鎮', 'address': '樂合里5鄰溫泉36號'}",花蓮縣文化局,文化資產科,花蓮縣花蓮市文復路6號,03-8227121-316,"<a href=""http://nchdb.boch.gov.tw/assets/advanceSearch/historicalBuilding/20040319000005"" target=""_blank"">http://nchdb.boch.gov.tw/assets/advanceSearch/historicalBuilding/20040319000005</a>","[{'classification': '指定/登錄', 'officialDocNo': '府文藝字第09305800270號', 'registerDate': '2004-03-19 14:34:06.0'}]",產業,花蓮縣
921,20040319000006,長良連家古厝,"{'code': 'A3', 'name': '宅第'}",文化資產保存法第二十七條之一暨歷史建築登錄及輔助辦法第七條及第八條；以及九十二年十二月十七日花蓮縣歷史建築登錄審查會議決議辦理。,121.288260420509,23.2741644547443,"{'itemNo': 1, 'cityName': '花蓮縣', 'distName': '玉里鎮', 'address': '長良里２鄰長良１２號'}",花蓮縣文化局,文化資產科,花蓮縣花蓮市文復路6號,03-8227121-316,"<a href=""http://nchdb.boch.gov.tw/assets/advanceSearch/historicalBuilding/20040319000006"" target=""_blank"">http://nchdb.boch.gov.tw/assets/advanceSearch/historicalBuilding/20040319000006</a>","[{'classification': '指定/登錄', 'officialDocNo': '府文藝字第09305800270號', 'registerDate': '2004-03-19 14:31:36.0'}, {'classification': '變更/修正', 'officialDocNo': '府文資字第1010020314A號', 'registerDate': '2012-02-04 16:32:44.258'}]",宅第,花蓮縣
922,20070212000001,富南磚窯場,"{'code': 'A16', 'name': '產業'}",文化資產保存法第15條暨歷史建築登錄廢止審查及輔助辦法第2條第1項第1、2、3款規定。,121.237389614797,23.140324869415,"{'itemNo': 1, 'cityName': '花蓮縣', 'distName': '富里鄉', 'address': '花蓮縣富里鄉富南村11鄰20號'}",花蓮縣文化局,文化資產科,花蓮縣花蓮市文復路6號,03-8227121-316,"<a href=""http://nchdb.boch.gov.tw/assets/advanceSearch/historicalBuilding/20070212000001"" target=""_blank"">http://nchdb.boch.gov.tw/assets/advanceSearch/historicalBuilding/20070212000001</a>","[{'classification': '指定/登錄', 'officialDocNo': '府文資字第09605800200號', 'registerDate': '2007-02-12 14:53:43.0'}]",產業,花蓮縣
923,20061109000001,李康塔洋樓,"{'code': 'A3', 'name': '宅第'}",文化資產保存法,118.412910192376,24.5191234415071,"{'itemNo': 1, 'cityName': '金門縣', 'distName': '金沙鎮', 'address': '官澳段1082地號'}",金門縣文化局,文化資產科,金門縣金城鎮環島北路一段66號,082-325643#812,"<a href=""http://nchdb.boch.gov.tw/assets/advanceSearch/historicalBuilding/20061109000001"" target=""_blank"">http://nchdb.boch.gov.tw/assets/advanceSearch/historicalBuilding/20061109000001</a>","[{'classification': '指定/登錄', 'officialDocNo': '府文資字0950045787', 'registerDate': '2006-11-09 16:32:24.0'}]",宅第,金門縣
924,20071213000001,山后中堡中書第,"{'code': 'A3', 'name': '宅第'}",依文化資產保存法第十五條辦理。,118.440268403834,24.5043671033185,"{'itemNo': 1, 'cityName': '金門縣', 'distName': '金沙鎮', 'address': '山后61號'}",金門縣文化局,文化資產科,金門縣金城鎮環島北路一段66號,082-325643#812,"<a href=""http://nchdb.boch.gov.tw/assets/advanceSearch/historicalBuilding/20071213000001"" target=""_blank"">http://nchdb.boch.gov.tw/assets/advanceSearch/historicalBuilding/20071213000001</a>","[{'classification': '指定/登錄', 'officialDocNo': '府文資字第0961900076號', 'registerDate': '2007-12-13 20:18:36.0'}]",宅第,金門縣
925,20071213000002,陳景成洋樓,"{'code': 'A3', 'name': '宅第'}",依文化資產保存法第十五條辦理,118.40448,24.47349,"{'itemNo': 1, 'cityName': '金門縣', 'distName': '金沙鎮', 'address': '何斗里斗門2號'}",金門縣文化局,文化資產科,金門縣金城鎮環島北路一段66號,082-325643#812,"<a href=""http://nchdb.boch.gov.tw/assets/advanceSearch/historicalBuilding/20071213000002"" target=""_blank"">http://nchdb.boch.gov.tw/assets/advanceSearch/historicalBuilding/20071213000002</a>","[{'classification': '指定/登錄', 'officialDocNo': '府文資字第0961900076號', 'registerDate': '2007-12-13 14:20:39.0'}]",宅第,金門縣
926,20061109000002,黃昌命（納）古厝,"{'code': 'A3', 'name': '宅第'}",文化資產保存法,118.404410956724,24.5109843460488,"{'itemNo': 1, 'cityName': '金門縣', 'distName': '金沙鎮', 'address': '西園57號'}",金門縣文化局,文化資產科,金門縣金城鎮環島北路一段66號,082-325643#812,"<a href=""http://nchdb.boch.gov.tw/assets/advanceSearch/historicalBuilding/20061109000002"" target=""_blank"">http://nchdb.boch.gov.tw/assets/advanceSearch/historicalBuilding/20061109000002</a>","[{'classification': '指定/登錄', 'officialDocNo': '府文資字0950045787號', 'registerDate': '2006-11-09 14:29:34.0'}]",宅第,金門縣
927,20030331000001,陳氏一落四櫸頭（碧山6號）,"{'code': 'A3', 'name': '宅第'}",文化資產保存法,118.44302,24.4866,"{'itemNo': 1, 'cityName': '金門縣', 'distName': '金沙鎮', 'address': '碧山6號'}",金門縣文化局,文化資產科,金門縣金城鎮環島北路一段66號,082-325643#812,"<a href=""http://nchdb.boch.gov.tw/assets/advanceSearch/historicalBuilding/20030331000001"" target=""_blank"">http://nchdb.boch.gov.tw/assets/advanceSearch/historicalBuilding/20030331000001</a>","[{'classification': '指定/登錄', 'officialDocNo': '府教社字第092001570號', 'registerDate': '2003-03-31 21:37:05.0'}]",宅第,金門縣
928,20061109000003,奉直第,"{'code': 'A3', 'name': '宅第'}",文化資產保存法第15條,118.418369,24.49546,"{'itemNo': 1, 'cityName': '金門縣', 'distName': '金沙鎮', 'address': '英坑15號'}",金門縣文化局,文化資產科,金門縣金城鎮環島北路一段66號,082-325643#812,"<a href=""http://nchdb.boch.gov.tw/assets/advanceSearch/historicalBuilding/20061109000003"" target=""_blank"">http://nchdb.boch.gov.tw/assets/advanceSearch/historicalBuilding/20061109000003</a>","[{'classification': '指定/登錄', 'officialDocNo': '府文資字第0950045787號', 'registerDate': '2006-11-09 09:43:05.0'}]",宅第,金門縣
929,20030331000002,陳氏一落四櫸頭(35號),"{'code': 'A3', 'name': '宅第'}",文化資產保存法,118.44211,24.48602,"{'itemNo': 1, 'cityName': '金門縣', 'distName': '金沙鎮', 'address': '碧山35號'}",金門縣文化局,文化資產科,金門縣金城鎮環島北路1段66號,082-325643#812,"<a href=""http://nchdb.boch.gov.tw/assets/advanceSearch/historicalBuilding/20030331000002"" target=""_blank"">http://nchdb.boch.gov.tw/assets/advanceSearch/historicalBuilding/20030331000002</a>","[{'classification': '指定/登錄', 'officialDocNo': '府教社字第092001570號', 'registerDate': '2003-03-31 00:00:00.0'}]",宅第,金門縣
930,20150302000004,昭武第,"{'code': 'A3', 'name': '宅第'}",<<歷史建築登錄廢止審查及輔助辦法>>第2條第1項第1、2款,118.38895,24.47876,"{'itemNo': 1, 'cityName': '金門縣', 'distName': '金沙鎮', 'address': '浦邊33號'}",金門縣文化局,文化資產科,金門縣金城鎮環島北路一段66號,082-325643#812,"<a href=""http://nchdb.boch.gov.tw/assets/advanceSearch/historicalBuilding/20150302000004"" target=""_blank"">http://nchdb.boch.gov.tw/assets/advanceSearch/historicalBuilding/20150302000004</a>","[{'classification': '指定/登錄', 'officialDocNo': '府文資字第1040015241號', 'registerDate': '2015-03-02 09:37:20.0'}]",宅第,金門縣
931,20150302000005,何仁慈古厝,"{'code': 'A3', 'name': '宅第'}",<<歷史建築登錄廢止審查及輔助辦法>>第2條第1項第1、2、3款,118.38904,24.47884,"{'itemNo': 1, 'cityName': '金門縣', 'distName': '金沙鎮', 'address': '浦邊32號'}",金門縣文化局,文化資產科,金門縣金城鎮環島北路一段66號,082-325643#812,"<a href=""http://nchdb.boch.gov.tw/assets/advanceSearch/historicalBuilding/20150302000005"" target=""_blank"">http://nchdb.boch.gov.tw/assets/advanceSearch/historicalBuilding/20150302000005</a>","[{'classification': '指定/登錄', 'officialDocNo': '府文資字第1040015312號', 'registerDate': '2015-03-02 11:29:55.0'}]",宅第,金門縣
932,20031201000003,張璋滿古厝(85號),"{'code': 'A3', 'name': '宅第'}",文化資產保存法,118.413028865049,24.4920684517476,"{'itemNo': 1, 'cityName': '金門縣', 'distName': '金沙鎮', 'address': '沙美85號'}",金門縣文化局,文化資產科,金門縣金城鎮環島北路一段66號,082-325643#812,"<a href=""http://nchdb.boch.gov.tw/assets/advanceSearch/historicalBuilding/20031201000003"" target=""_blank"">http://nchdb.boch.gov.tw/assets/advanceSearch/historicalBuilding/20031201000003</a>","[{'classification': '指定/登錄', 'officialDocNo': '府教社字第0920057150號', 'registerDate': '2003-12-01 22:59:06.0'}]",宅第,金門縣
933,20031201000004,張氏古厝(沙美101號),"{'code': 'A3', 'name': '宅第'}",文化資產保存法,118.41225,24.49193,"{'itemNo': 1, 'cityName': '金門縣', 'distName': '金沙鎮', 'address': '沙美101號'}",金門縣文化局,文化資產科,金門縣金城鎮環島北路一段66號,082-325643#812,"<a href=""http://nchdb.boch.gov.tw/assets/advanceSearch/historicalBuilding/20031201000004"" target=""_blank"">http://nchdb.boch.gov.tw/assets/advanceSearch/historicalBuilding/20031201000004</a>","[{'classification': '指定/登錄', 'officialDocNo': '府教社字第0920057150號', 'registerDate': '2003-12-01 23:35:50.0'}]",宅第,金門縣
934,20031201000005,張氏古厝(沙美102號),"{'code': 'A3', 'name': '宅第'}",文化資產保存法,118.41245,24.492070000000002,"{'itemNo': 1, 'cityName': '金門縣', 'distName': '金沙鎮', 'address': '沙美102號'}",金門縣文化局,文化資產科,金門縣金城鎮環島北路一段66號,082-325643#812,"<a href=""http://nchdb.boch.gov.tw/assets/advanceSearch/historicalBuilding/20031201000005"" target=""_blank"">http://nchdb.boch.gov.tw/assets/advanceSearch/historicalBuilding/20031201000005</a>","[{'classification': '指定/登錄', 'officialDocNo': '府教社字第0920057150號', 'registerDate': '2003-12-01 08:21:56.0'}]",宅第,金門縣
935,20031201000006,張氏古厝,"{'code': 'A3', 'name': '宅第'}",文化資產保存法,118.41207,24.49211,"{'itemNo': 1, 'cityName': '金門縣', 'distName': '金沙鎮', 'address': '沙美111、111-1號'}",金門縣文化局,文化資產科,金門縣金城鎮環島北路一段66號,082-325643#812,"<a href=""http://nchdb.boch.gov.tw/assets/advanceSearch/historicalBuilding/20031201000006"" target=""_blank"">http://nchdb.boch.gov.tw/assets/advanceSearch/historicalBuilding/20031201000006</a>","[{'classification': '指定/登錄', 'officialDocNo': '府教社字第0920057150號', 'registerDate': '2003-12-01 08:18:36.0'}]",宅第,金門縣
936,20030331000003,陳維淡古厝,"{'code': 'A3', 'name': '宅第'}",文化資產保存法,118.44318,24.48638,"{'itemNo': 1, 'cityName': '金門縣', 'distName': '金沙鎮', 'address': '碧山4號'}",金門縣文化局,文化資產科,金門縣金城鎮環島北路一段66號,082-325643#812,"<a href=""http://nchdb.boch.gov.tw/assets/advanceSearch/historicalBuilding/20030331000003"" target=""_blank"">http://nchdb.boch.gov.tw/assets/advanceSearch/historicalBuilding/20030331000003</a>","[{'classification': '指定/登錄', 'officialDocNo': '府教社字第092001570號', 'registerDate': '2003-03-31 10:56:41.0'}]",宅第,金門縣
937,20030331000004,昭靈宮,"{'code': 'A2', 'name': '寺廟'}",文化資產保存法,118.44245,24.48632,"{'itemNo': 1, 'cityName': '金門縣', 'distName': '金沙鎮', 'address': '碧山38號'}",金門縣文化局,文化資產科,金門縣金城鎮環島北路一段66號,082-325643#812,"<a href=""http://nchdb.boch.gov.tw/assets/advanceSearch/historicalBuilding/20030331000004"" target=""_blank"">http://nchdb.boch.gov.tw/assets/advanceSearch/historicalBuilding/20030331000004</a>","[{'classification': '指定/登錄', 'officialDocNo': '府教社字第092001570號', 'registerDate': '2003-03-31 21:30:28.0'}]",寺廟,金門縣
938,20030331000005,陳明侑古厝,"{'code': 'A3', 'name': '宅第'}",文化資產保存法,118.44033,24.48587,"{'itemNo': 1, 'cityName': '金門縣', 'distName': '金沙鎮', 'address': '碧山69號'}",金門縣文化局,文化資產科,金門縣金城鎮環島北路一段66號,082-325643#812,"<a href=""http://nchdb.boch.gov.tw/assets/advanceSearch/historicalBuilding/20030331000005"" target=""_blank"">http://nchdb.boch.gov.tw/assets/advanceSearch/historicalBuilding/20030331000005</a>","[{'classification': '指定/登錄', 'officialDocNo': '府教社字第092001570號', 'registerDate': '2003-03-31 21:27:51.0'}]",宅第,金門縣
939,20030331000006,陳氏二落大厝,"{'code': 'A3', 'name': '宅第'}",文化資產保存法,118.44021,24.48596,"{'itemNo': 1, 'cityName': '金門縣', 'distName': '金沙鎮', 'address': '碧山70號'}",金門縣文化局,文化資產科,金門縣金城鎮環島北路一段66號,082-325643#812,"<a href=""http://nchdb.boch.gov.tw/assets/advanceSearch/historicalBuilding/20030331000006"" target=""_blank"">http://nchdb.boch.gov.tw/assets/advanceSearch/historicalBuilding/20030331000006</a>","[{'classification': '指定/登錄', 'officialDocNo': '府教社字第092001570號', 'registerDate': '2003-03-31 21:25:26.0'}]",宅第,金門縣
940,20030331000007,陳德幸洋樓,"{'code': 'A3', 'name': '宅第'}",文化資產保存法,118.440316,24.485689,"{'itemNo': 1, 'cityName': '金門縣', 'distName': '金沙鎮', 'address': '碧山1號'}",金門縣文化局,文化資產科,金門縣金城鎮環島北路66號,082-325643#812,"<a href=""http://nchdb.boch.gov.tw/assets/advanceSearch/historicalBuilding/20030331000007"" target=""_blank"">http://nchdb.boch.gov.tw/assets/advanceSearch/historicalBuilding/20030331000007</a>","[{'classification': '指定/登錄', 'officialDocNo': '府教社字第092001570號', 'registerDate': '2003-03-31 21:23:14.0'}]",宅第,金門縣
941,20030331000008,陳氏小宗宗祠,"{'code': 'A1', 'name': '祠堂'}",文化資產保存法,118.44288,24.48613,"{'itemNo': 1, 'cityName': '金門縣', 'distName': '金沙鎮', 'address': '碧山14號'}",金門縣文化局,文化資產科,金門縣金城鎮環島北路一段66號,082-325643#812,"<a href=""http://nchdb.boch.gov.tw/assets/advanceSearch/historicalBuilding/20030331000008"" target=""_blank"">http://nchdb.boch.gov.tw/assets/advanceSearch/historicalBuilding/20030331000008</a>","[{'classification': '指定/登錄', 'officialDocNo': '府教社字第092001570號', 'registerDate': '2003-03-31 14:42:06.0'}]",祠堂,金門縣
942,20031201000007,張璋滿古厝（87號）,"{'code': 'A3', 'name': '宅第'}",文化資產保存法,118.41288,24.49209,"{'itemNo': 1, 'cityName': '金門縣', 'distName': '金沙鎮', 'address': '沙美87號'}",金門縣文化局,文化資產科,金門縣金城鎮環島北路一段66號,082-325643#812,"<a href=""http://nchdb.boch.gov.tw/assets/advanceSearch/historicalBuilding/20031201000007"" target=""_blank"">http://nchdb.boch.gov.tw/assets/advanceSearch/historicalBuilding/20031201000007</a>","[{'classification': '指定/登錄', 'officialDocNo': '府教社字第0920057150號', 'registerDate': '2003-12-01 10:31:41.0'}]",宅第,金門縣
943,20051219000001,陳清吉洋樓,"{'code': 'A3', 'name': '宅第'}",文化資產保存法,118.44305,24.4858,"{'itemNo': 1, 'cityName': '金門縣', 'distName': '金沙鎮', 'address': '碧山20號'}",金門縣文化局,文化資產科,金門縣金城鎮環島北路一段66號,082-325643#812,"<a href=""http://nchdb.boch.gov.tw/assets/advanceSearch/historicalBuilding/20051219000001"" target=""_blank"">http://nchdb.boch.gov.tw/assets/advanceSearch/historicalBuilding/20051219000001</a>","[{'classification': '指定/登錄', 'officialDocNo': '府文資字第0940053683號', 'registerDate': '2005-12-19 14:30:22.0'}]",宅第,金門縣
944,20041216000008,黃樓洋樓,"{'code': 'A3', 'name': '宅第'}",文化資產保存法,118.40453,24.51157,"{'itemNo': 1, 'cityName': '金門縣', 'distName': '金沙鎮', 'address': '西園151號'}",金門縣文化局,文化資產科,金門縣金城鎮環島北路一段66號,082-325643#812,"<a href=""http://nchdb.boch.gov.tw/assets/advanceSearch/historicalBuilding/20041216000008"" target=""_blank"">http://nchdb.boch.gov.tw/assets/advanceSearch/historicalBuilding/20041216000008</a>","[{'classification': '指定/登錄', 'officialDocNo': '府文藝字第0930033435號', 'registerDate': '2004-12-16 14:46:20.0'}]",宅第,金門縣
945,20030331000009,蔡永耀二落大厝,"{'code': 'A3', 'name': '宅第'}",文化資產保存法,118.38982,24.48071,"{'itemNo': 1, 'cityName': '金門縣', 'distName': '金沙鎮', 'address': '浦邊98號'}",金門縣文化局,文化資產科,金門縣金城鎮環島北路一段66號,082-325643#812,"<a href=""http://nchdb.boch.gov.tw/assets/advanceSearch/historicalBuilding/20030331000009"" target=""_blank"">http://nchdb.boch.gov.tw/assets/advanceSearch/historicalBuilding/20030331000009</a>","[{'classification': '指定/登錄', 'officialDocNo': '府教社字第092001570號', 'registerDate': '2003-03-31 13:16:08.0'}]",宅第,金門縣
946,20030331000010,蔡永耀洋樓,"{'code': 'A3', 'name': '宅第'}",文化資產保存法,118.38977,24.48085,"{'itemNo': 1, 'cityName': '金門縣', 'distName': '金沙鎮', 'address': '浦邊99號'}",金門縣文化局,文化資產科,金門縣金城鎮環島北路一段66號,082-325643#812,"<a href=""http://nchdb.boch.gov.tw/assets/advanceSearch/historicalBuilding/20030331000010"" target=""_blank"">http://nchdb.boch.gov.tw/assets/advanceSearch/historicalBuilding/20030331000010</a>","[{'classification': '指定/登錄', 'officialDocNo': '府教社字第092001570號', 'registerDate': '2003-03-31 13:08:53.0'}]",宅第,金門縣
947,20030331000011,何肅點、何肅海兄弟洋樓,"{'code': 'A3', 'name': '宅第'}",文化資產保存法,118.38957,24.47927,"{'itemNo': 1, 'cityName': '金門縣', 'distName': '金沙鎮', 'address': '浦邊22號'}",金門縣文化局,文化資產科,金門縣金城鎮環島北路一段66號,082-325643#812,"<a href=""http://nchdb.boch.gov.tw/assets/advanceSearch/historicalBuilding/20030331000011"" target=""_blank"">http://nchdb.boch.gov.tw/assets/advanceSearch/historicalBuilding/20030331000011</a>","[{'classification': '指定/登錄', 'officialDocNo': '府教社字第092001570號', 'registerDate': '2003-03-31 12:13:02.0'}]",宅第,金門縣
948,20030331000012,何敬嚴宅（小築佳趣）,"{'code': 'A3', 'name': '宅第'}",文化資產保存法,118.38816,24.47894,"{'itemNo': 1, 'cityName': '金門縣', 'distName': '金沙鎮', 'address': '浦邊66號'}",金門縣政府,文化局,金門縣金城鎮環島北路66號,082-325643#812,"<a href=""http://nchdb.boch.gov.tw/assets/advanceSearch/historicalBuilding/20030331000012"" target=""_blank"">http://nchdb.boch.gov.tw/assets/advanceSearch/historicalBuilding/20030331000012</a>","[{'classification': '指定/登錄', 'officialDocNo': '府教社字第092001570號', 'registerDate': '2003-03-31 12:10:26.0'}]",宅第,金門縣
949,20031201000008,周氏二落大厝,"{'code': 'A3', 'name': '宅第'}",文化資產保存法,118.38995,24.47892,"{'itemNo': 1, 'cityName': '金門縣', 'distName': '金沙鎮', 'address': '浦邊15號'}",金門縣文化局,文化資產科,金門縣金城鎮環島北路一段66號,082-325643#812,"<a href=""http://nchdb.boch.gov.tw/assets/advanceSearch/historicalBuilding/20031201000008"" target=""_blank"">http://nchdb.boch.gov.tw/assets/advanceSearch/historicalBuilding/20031201000008</a>","[{'classification': '指定/登錄', 'officialDocNo': '府教社字第0920057150號', 'registerDate': '2003-12-01 15:50:17.0'}]",宅第,金門縣
950,20031201000009,周氏古厝,"{'code': 'A3', 'name': '宅第'}",文化資產保存法,118.39028,24.47996,"{'itemNo': 1, 'cityName': '金門縣', 'distName': '金沙鎮', 'address': '浦邊5號'}",金門縣文化局,文化資產科,金門縣金城鎮環島北路一段66號,082-325643#812,"<a href=""http://nchdb.boch.gov.tw/assets/advanceSearch/historicalBuilding/20031201000009"" target=""_blank"">http://nchdb.boch.gov.tw/assets/advanceSearch/historicalBuilding/20031201000009</a>","[{'classification': '指定/登錄', 'officialDocNo': '府教社字第0920057150號', 'registerDate': '2003-12-01 10:35:46.0'}]",宅第,金門縣
951,20031201000010,周安邦古厝,"{'code': 'A3', 'name': '宅第'}",文化資產保存法,118.39024,24.47933,"{'itemNo': 1, 'cityName': '金門縣', 'distName': '金沙鎮', 'address': '浦邊18號'}",金門縣文化局,文化資產科,金門縣金城鎮環島北路一段66號,082-325643#812,"<a href=""http://nchdb.boch.gov.tw/assets/advanceSearch/historicalBuilding/20031201000010"" target=""_blank"">http://nchdb.boch.gov.tw/assets/advanceSearch/historicalBuilding/20031201000010</a>","[{'classification': '指定/登錄', 'officialDocNo': '府教社字第0920057150號', 'registerDate': '2003-12-01 10:31:18.0'}]",宅第,金門縣
952,20031201000011,何永洋樓,"{'code': 'A3', 'name': '宅第'}",文化資產保存法,118.38917000000001,24.47891,"{'itemNo': 1, 'cityName': '金門縣', 'distName': '金沙鎮', 'address': '浦邊28號'}",金門縣文化局,文化資產科,金門縣金城鎮環島北路一段66號,082-325643#812,"<a href=""http://nchdb.boch.gov.tw/assets/advanceSearch/historicalBuilding/20031201000011"" target=""_blank"">http://nchdb.boch.gov.tw/assets/advanceSearch/historicalBuilding/20031201000011</a>","[{'classification': '指定/登錄', 'officialDocNo': '府教社字第0920057150號', 'registerDate': '2003-12-01 10:10:18.0'}]",宅第,金門縣
953,20031201000013,何肅墻洋樓,"{'code': 'A3', 'name': '宅第'}",文化資產保存法,118.38948,24.47958,"{'itemNo': 1, 'cityName': '金門縣', 'distName': '金沙鎮', 'address': '浦邊74號'}",金門縣文化局,文化資產科,金門縣金城鎮環島北路一段66號,082-325643#812,"<a href=""http://nchdb.boch.gov.tw/assets/advanceSearch/historicalBuilding/20031201000013"" target=""_blank"">http://nchdb.boch.gov.tw/assets/advanceSearch/historicalBuilding/20031201000013</a>","[{'classification': '指定/登錄', 'officialDocNo': '府教社字第0920057150號', 'registerDate': '2003-12-01 15:51:53.0'}]",宅第,金門縣
954,20031201000014,王仁吉、王仁乾、王仁忠兄弟洋樓,"{'code': 'A3', 'name': '宅第'}",文化資產保存法,118.39432,24.48139,"{'itemNo': 1, 'cityName': '金門縣', 'distName': '金沙鎮', 'address': '后宅1號'}",金門縣文化局,文化資產科,金門縣金城鎮環島北路一段66號,082-325643#812,"<a href=""http://nchdb.boch.gov.tw/assets/advanceSearch/historicalBuilding/20031201000014"" target=""_blank"">http://nchdb.boch.gov.tw/assets/advanceSearch/historicalBuilding/20031201000014</a>","[{'classification': '指定/登錄', 'officialDocNo': '府教社字第0920057150號', 'registerDate': '2003-12-01 10:02:00.0'}]",宅第,金門縣
955,20031201000015,黃信堅宅,"{'code': 'A3', 'name': '宅第'}",文化資產保存法,118.41883,24.4955,"{'itemNo': 1, 'cityName': '金門縣', 'distName': '金沙鎮', 'address': '英坑23號'}",金門縣文化局,文化資產科,金門縣金城鎮環島北路一段66號,082-325643#812,"<a href=""http://nchdb.boch.gov.tw/assets/advanceSearch/historicalBuilding/20031201000015"" target=""_blank"">http://nchdb.boch.gov.tw/assets/advanceSearch/historicalBuilding/20031201000015</a>","[{'classification': '指定/登錄', 'officialDocNo': '府教社字第0920057150號', 'registerDate': '2003-12-01 09:46:53.0'}]",宅第,金門縣
956,20031201000017,黃氏家廟,"{'code': 'A1', 'name': '祠堂'}",文化資產保存法,118.41434,24.48689,"{'itemNo': 1, 'cityName': '金門縣', 'distName': '金沙鎮', 'address': '后埔頭41號'}",金門縣文化局,文化資產科,金門縣金城鎮環島北路一段66號,082-325643#812,"<a href=""http://nchdb.boch.gov.tw/assets/advanceSearch/historicalBuilding/20031201000017"" target=""_blank"">http://nchdb.boch.gov.tw/assets/advanceSearch/historicalBuilding/20031201000017</a>","[{'classification': '指定/登錄', 'officialDocNo': '府教社字第0920057150號', 'registerDate': '2003-12-01 09:20:18.0'}]",祠堂,金門縣
957,20031201000018,沙美基督長老教會及牧師樓,"{'code': 'A99', 'name': '其他設施', 'other': '建築物類'}",文化資產保存法,118.41198866263,24.4914696999801,"{'itemNo': 1, 'cityName': '金門縣', 'distName': '金沙鎮', 'address': '沙美121號（牧師樓）'}",金門縣文化局,文化資產科,金門縣金城鎮環島北路一段66號,082-325643#812,"<a href=""http://nchdb.boch.gov.tw/assets/advanceSearch/historicalBuilding/20031201000018"" target=""_blank"">http://nchdb.boch.gov.tw/assets/advanceSearch/historicalBuilding/20031201000018</a>","[{'classification': '指定/登錄', 'officialDocNo': '府教社字第0920057150號', 'registerDate': '2003-12-01 19:33:43.0'}]",其他設施,金門縣
957,20031201000018,沙美基督長老教會及牧師樓,"{'code': 'A99', 'name': '其他設施', 'other': '建築物類'}",文化資產保存法,118.41198866263,24.4914696999801,"{'itemNo': 2, 'cityName': '金門縣', 'distName': '金沙鎮', 'address': '沙美122號（沙美基督長老教會）'}",金門縣文化局,文化資產科,金門縣金城鎮環島北路一段66號,082-325643#812,"<a href=""http://nchdb.boch.gov.tw/assets/advanceSearch/historicalBuilding/20031201000018"" target=""_blank"">http://nchdb.boch.gov.tw/assets/advanceSearch/historicalBuilding/20031201000018</a>","[{'classification': '指定/登錄', 'officialDocNo': '府教社字第0920057150號', 'registerDate': '2003-12-01 19:33:43.0'}]",其他設施,金門縣
958,20031201000019,張文帝洋樓,"{'code': 'A3', 'name': '宅第'}",文化資產保存法,118.41367,24.49094,"{'itemNo': 1, 'cityName': '金門縣', 'distName': '金沙鎮', 'address': '沙美200號'}",金門縣文化局,文化資產科,金門縣金城鎮環島北路一段66號,082-325643#812,"<a href=""http://nchdb.boch.gov.tw/assets/advanceSearch/historicalBuilding/20031201000019"" target=""_blank"">http://nchdb.boch.gov.tw/assets/advanceSearch/historicalBuilding/20031201000019</a>","[{'classification': '指定/登錄', 'officialDocNo': '府教社字第0920057150號', 'registerDate': '2003-12-01 09:15:27.0'}]",宅第,金門縣
959,20031201000020,金沙鎮沙美萬安堂,"{'code': 'A2', 'name': '寺廟'}",文化資產保存法,118.41202,24.491038,"{'itemNo': 1, 'cityName': '金門縣', 'distName': '金沙鎮', 'address': '汶沙測段965地號'}",金門縣文化局,文化資產科,金門縣金城鎮環島北路66號,082-325643#812,"<a href=""http://nchdb.boch.gov.tw/assets/advanceSearch/historicalBuilding/20031201000020"" target=""_blank"">http://nchdb.boch.gov.tw/assets/advanceSearch/historicalBuilding/20031201000020</a>","[{'classification': '指定/登錄', 'officialDocNo': '府教社字第0920057150號', 'registerDate': '2003-12-01 08:59:23.0'}]",寺廟,金門縣
960,20031201000021,張氏洋樓,"{'code': 'A3', 'name': '宅第'}",文化資產保存法,118.41212,24.49199,"{'itemNo': 1, 'cityName': '金門縣', 'distName': '金沙鎮', 'address': '沙美99號'}",金門縣文化局,文化資產科,金門縣金城鎮環島北路一段66號,082-325643#812,"<a href=""http://nchdb.boch.gov.tw/assets/advanceSearch/historicalBuilding/20031201000021"" target=""_blank"">http://nchdb.boch.gov.tw/assets/advanceSearch/historicalBuilding/20031201000021</a>","[{'classification': '指定/登錄', 'officialDocNo': '府教社字第0920057150號', 'registerDate': '2003-12-01 08:44:04.0'}]",宅第,金門縣
961,20031201000022,張氏三落大厝,"{'code': 'A3', 'name': '宅第'}",文化資產保存法,118.41264,24.4923,"{'itemNo': 1, 'cityName': '金門縣', 'distName': '金沙鎮', 'address': '沙美104、108號'}",金門縣文化局,文化資產科,金門縣金城鎮環島北路一段66號,082-325643#812,"<a href=""http://nchdb.boch.gov.tw/assets/advanceSearch/historicalBuilding/20031201000022"" target=""_blank"">http://nchdb.boch.gov.tw/assets/advanceSearch/historicalBuilding/20031201000022</a>","[{'classification': '指定/登錄', 'officialDocNo': '府教社字第0920057150號', 'registerDate': '2003-12-01 08:39:49.0'}]",宅第,金門縣
962,20031201000023,金東電影院,"{'code': 'A99', 'name': '其他設施', 'other': '戲院'}",文化資產保存法,118.42724,24.47861,"{'itemNo': 1, 'cityName': '金門縣', 'distName': '金沙鎮', 'address': '陽翟96-6號'}",金門縣文化局,文化資產科,金門縣金城鎮環島北路一段66號,082-325643#812,"<a href=""http://nchdb.boch.gov.tw/assets/advanceSearch/historicalBuilding/20031201000023"" target=""_blank"">http://nchdb.boch.gov.tw/assets/advanceSearch/historicalBuilding/20031201000023</a>","[{'classification': '指定/登錄', 'officialDocNo': '府教社字第0920057150號', 'registerDate': '2003-12-01 15:44:22.0'}]",其他設施,金門縣
963,20031201000025,陳篤欽古厝,"{'code': 'A3', 'name': '宅第'}",文化資產保存法,118.42766,24.48018,"{'itemNo': 1, 'cityName': '金門縣', 'distName': '金沙鎮', 'address': '陽翟24號'}",金門縣文化局,文化資產科,金門縣金城鎮環島北路一段66號,082-325643#812,"<a href=""http://nchdb.boch.gov.tw/assets/advanceSearch/historicalBuilding/20031201000025"" target=""_blank"">http://nchdb.boch.gov.tw/assets/advanceSearch/historicalBuilding/20031201000025</a>","[{'classification': '指定/登錄', 'officialDocNo': '府教社字第0920057150號', 'registerDate': '2003-12-01 08:27:37.0'}]",宅第,金門縣
964,20030331000013,碧月軒,"{'code': 'A3', 'name': '宅第'}",文化資產保存法,118.38919,24.47937,"{'itemNo': 1, 'cityName': '金門縣', 'distName': '金沙鎮', 'address': '浦山村浦邊35號'}",金門縣文化局,文化資產科,金門縣金城鎮環島北路一段66號,082-325643#812,"<a href=""http://nchdb.boch.gov.tw/assets/advanceSearch/historicalBuilding/20030331000013"" target=""_blank"">http://nchdb.boch.gov.tw/assets/advanceSearch/historicalBuilding/20030331000013</a>","[{'classification': '指定/登錄', 'officialDocNo': '府教社字第092001570號', 'registerDate': '2003-03-31 16:34:36.0'}]",宅第,金門縣
965,20030331000014,何肅闕、何肅坡洋樓,"{'code': 'A3', 'name': '宅第'}",文化資產保存法,118.38940024001779,24.480207751764436,"{'itemNo': 1, 'cityName': '金門縣', 'distName': '金沙鎮', 'address': '沙0084 房屋稅籍牌（現無地址）'}",金門縣文化局,文化資產科,金門縣金城鎮環島北路一段66號,082-325643#812,"<a href=""http://nchdb.boch.gov.tw/assets/advanceSearch/historicalBuilding/20030331000014"" target=""_blank"">http://nchdb.boch.gov.tw/assets/advanceSearch/historicalBuilding/20030331000014</a>","[{'classification': '指定/登錄', 'officialDocNo': '府教社字第092001570號', 'registerDate': '2003-03-31 13:31:21.0'}]",宅第,金門縣
966,20030331000015,陳景蘭洋樓（陳坑大洋樓）,"{'code': 'A3', 'name': '宅第'}",文化資產保存法,118.390161,24.437288,"{'itemNo': 1, 'cityName': '金門縣', 'distName': '金湖鎮', 'address': '成功1-1號'}",金門縣文化局,文化資產科,金門縣金城鎮環島北路66號,082-325643#812,"<a href=""http://nchdb.boch.gov.tw/assets/advanceSearch/historicalBuilding/20030331000015"" target=""_blank"">http://nchdb.boch.gov.tw/assets/advanceSearch/historicalBuilding/20030331000015</a>","[{'classification': '指定/登錄', 'officialDocNo': '府教社字第092001570號', 'registerDate': '2003-03-31 08:12:25.0'}]",宅第,金門縣
967,20031222000001,陳氏古厝（現夏興客棧）,"{'code': 'A3', 'name': '宅第'}",文化資產保存法,118.39568,24.44049,"{'itemNo': 1, 'cityName': '金門縣', 'distName': '金湖鎮', 'address': '正義村夏興27號'}",金門縣文化局,文化資產科,金門縣金城鎮環島北路一段66號,082-325643#812,"<a href=""http://nchdb.boch.gov.tw/assets/advanceSearch/historicalBuilding/20031222000001"" target=""_blank"">http://nchdb.boch.gov.tw/assets/advanceSearch/historicalBuilding/20031222000001</a>","[{'classification': '指定/登錄', 'officialDocNo': '府教社字第0920061625號', 'registerDate': '2003-12-22 09:34:11.0'}]",宅第,金門縣
968,20051219000002,蔡翰舉人宅(二),"{'code': 'A3', 'name': '宅第'}",文化資產保存法,118.37504,24.45356,"{'itemNo': 1, 'cityName': '金門縣', 'distName': '金湖鎮', 'address': '瓊林106號'}",金門縣政府,文化資產科,金門縣金城鎮環島北路一段66號,082-325643#812,"<a href=""http://nchdb.boch.gov.tw/assets/advanceSearch/historicalBuilding/20051219000002"" target=""_blank"">http://nchdb.boch.gov.tw/assets/advanceSearch/historicalBuilding/20051219000002</a>","[{'classification': '指定/登錄', 'officialDocNo': '府文資字第0940053683號', 'registerDate': '2005-12-19 09:12:20.0'}]",宅第,金門縣
969,20051219000004,(明)丁肖鶴登太武山題詩碑,"{'code': 'A9', 'name': '碑碣'}",文化資產保存法,118.41029,24.46049,"{'itemNo': 1, 'cityName': '金門縣', 'distName': '金湖鎮', 'address': '太武山上'}",金門縣文化局,文化資產科,金門縣金城鎮環島北路一段66號,082-325643#812,"<a href=""http://nchdb.boch.gov.tw/assets/advanceSearch/historicalBuilding/20051219000004"" target=""_blank"">http://nchdb.boch.gov.tw/assets/advanceSearch/historicalBuilding/20051219000004</a>","[{'classification': '指定/登錄', 'officialDocNo': '府文資字第0940053683號', 'registerDate': '2005-12-19 14:11:25.0'}]",碑碣,金門縣
970,20051219000005,蔡翰舉人宅(一),"{'code': 'A3', 'name': '宅第'}",文化資產保存法,118.374780021838,24.45366,"{'itemNo': 1, 'cityName': '金門縣', 'distName': '金湖鎮', 'address': '瓊林104號'}",金門縣文化局,文化資產科,金門縣金城鎮環島北路66號,082-328638#812,"<a href=""http://nchdb.boch.gov.tw/assets/advanceSearch/historicalBuilding/20051219000005"" target=""_blank"">http://nchdb.boch.gov.tw/assets/advanceSearch/historicalBuilding/20051219000005</a>","[{'classification': '指定/登錄', 'officialDocNo': '府文資字第0940053683號', 'registerDate': '2005-12-19 14:35:07.0'}]",宅第,金門縣
971,20041216000010,成功陳氏宗祠,"{'code': 'A1', 'name': '祠堂'}",文化資產保存維護法,118.390234794945,24.4389839328987,"{'itemNo': 1, 'cityName': '金門縣', 'distName': '金湖鎮', 'address': '成功64-1號'}",金門縣文化局,文化資產科,金門縣金城鎮環島北路一段66號,082-325643#812,"<a href=""http://nchdb.boch.gov.tw/assets/advanceSearch/historicalBuilding/20041216000010"" target=""_blank"">http://nchdb.boch.gov.tw/assets/advanceSearch/historicalBuilding/20041216000010</a>","[{'classification': '指定/登錄', 'officialDocNo': '府文藝字第0930033435號', 'registerDate': '2004-12-16 14:44:57.0'}]",祠堂,金門縣
972,20041216000011,順濟宮,"{'code': 'A2', 'name': '寺廟'}",文化資產保存法第十五條,118.4346,24.41966,"{'itemNo': 1, 'cityName': '金門縣', 'distName': '金湖鎮', 'address': '料羅段1090地號'}",金門縣文化局,文化資產科,金門縣金城鎮環島北路一段66號,082-325643#812,"<a href=""http://nchdb.boch.gov.tw/assets/advanceSearch/historicalBuilding/20041216000011"" target=""_blank"">http://nchdb.boch.gov.tw/assets/advanceSearch/historicalBuilding/20041216000011</a>","[{'classification': '指定/登錄', 'officialDocNo': '府文藝字第0930033435號', 'registerDate': '2004-12-16 09:31:18.0'}]",寺廟,金門縣
973,20041216000012,呂克瓶古厝,"{'code': 'A3', 'name': '宅第'}",文化資產保存法,118.446021,24.427544,"{'itemNo': 1, 'cityName': '金門縣', 'distName': '金湖鎮', 'address': '東村35號'}",金門縣文化局,文化資產科,金門縣金城鎮環島北路一段66號,082-325643#812,"<a href=""http://nchdb.boch.gov.tw/assets/advanceSearch/historicalBuilding/20041216000012"" target=""_blank"">http://nchdb.boch.gov.tw/assets/advanceSearch/historicalBuilding/20041216000012</a>","[{'classification': '指定/登錄', 'officialDocNo': '府文藝字第0930033435號', 'registerDate': '2004-12-16 09:27:42.0'}, {'classification': '變更/修正', 'officialDocNo': '府文資字第1010083513號', 'registerDate': '2012-10-18 00:00:00.0', 'note': '修正名稱'}]",宅第,金門縣
974,20090603000001,海印寺大雄寶殿,"{'code': 'A2', 'name': '寺廟'}",文化資產保存法,118.41855,24.46252,"{'itemNo': 1, 'cityName': '金門縣', 'distName': '金沙鎮', 'address': '金沙鎮大山段403、404地號'}",金門縣文化局,文化資產科,金門縣金城鎮環島北路一段66號,082-325643#812,"<a href=""http://nchdb.boch.gov.tw/assets/advanceSearch/historicalBuilding/20090603000001"" target=""_blank"">http://nchdb.boch.gov.tw/assets/advanceSearch/historicalBuilding/20090603000001</a>","[{'classification': '指定/登錄', 'officialDocNo': '府文資字第0980037123號', 'registerDate': '2009-06-03 11:05:45.0'}]",寺廟,金門縣
975,20070119000002,鄭由整洋樓,"{'code': 'A3', 'name': '宅第'}",文化資產保存法,118.4607,24.44253,"{'itemNo': 1, 'cityName': '金門縣', 'distName': '金湖鎮', 'address': '溪邊村73、73-3號'}",金門縣文化局,文化資產科,金門縣金城鎮環島北路一段66號,082-325643#812,"<a href=""http://nchdb.boch.gov.tw/assets/advanceSearch/historicalBuilding/20070119000002"" target=""_blank"">http://nchdb.boch.gov.tw/assets/advanceSearch/historicalBuilding/20070119000002</a>","[{'classification': '指定/登錄', 'officialDocNo': '府文資字第0950045787號', 'registerDate': '2006-11-09 00:00:00.0'}]",宅第,金門縣
976,20071009000005,陳酙六路大厝,"{'code': 'A3', 'name': '宅第'}",文化資產保存法第十五條,118.38894,24.43965,"{'itemNo': 1, 'cityName': '金門縣', 'distName': '金湖鎮', 'address': '成功120號'}",金門縣文化局,文化資產科,金門縣金城鎮環島北路一段66號,082-325643#812,"<a href=""http://nchdb.boch.gov.tw/assets/advanceSearch/historicalBuilding/20071009000005"" target=""_blank"">http://nchdb.boch.gov.tw/assets/advanceSearch/historicalBuilding/20071009000005</a>","[{'classification': '指定/登錄', 'officialDocNo': '府文資字第0961900067號', 'registerDate': '2007-10-09 18:08:16.0'}]",宅第,金門縣
977,20071009000006,翁德晏三蓋廊厝,"{'code': 'A3', 'name': '宅第'}",依文化資產保存法第十五條辦理。,118.33989,24.44765,"{'itemNo': 1, 'cityName': '金門縣', 'distName': '金寧鄉', 'address': '盤山村頂堡40號'}",金門縣文化局,文化資產科,金門縣金城鎮環島北路一段66號,082-325643#812,"<a href=""http://nchdb.boch.gov.tw/assets/advanceSearch/historicalBuilding/20071009000006"" target=""_blank"">http://nchdb.boch.gov.tw/assets/advanceSearch/historicalBuilding/20071009000006</a>","[{'classification': '指定/登錄', 'officialDocNo': '府文資字第0961900067號', 'registerDate': '2007-10-09 17:48:52.0'}]",宅第,金門縣
978,20070119000003,翁君琴、振團、耀韮三代古厝,"{'code': 'A3', 'name': '宅第'}",文化資產保存法第十五條,118.34044,24.44824,"{'itemNo': 1, 'cityName': '金門縣', 'distName': '金寧鄉', 'address': '頂堡109號'}",金門縣文化局,文化資產科,金門縣金城鎮環島北路一段66號,082-325643#812,"<a href=""http://nchdb.boch.gov.tw/assets/advanceSearch/historicalBuilding/20070119000003"" target=""_blank"">http://nchdb.boch.gov.tw/assets/advanceSearch/historicalBuilding/20070119000003</a>","[{'classification': '指定/登錄', 'officialDocNo': '府文資字第0961900004號', 'registerDate': '2007-01-19 16:05:40.0'}]",宅第,金門縣
979,20150226000002,李森掽洋樓,"{'code': 'A3', 'name': '宅第'}",<<歷史建築登錄廢止審查及輔助辦法>>第2條第1項第1、2、3款,118.3109,24.480620000000002,"{'itemNo': 1, 'cityName': '金門縣', 'distName': '金寧鄉', 'address': '北山171號'}",文化局,文化資產科,金門縣金城鎮環島北路1段66號,082-325643#812,"<a href=""http://nchdb.boch.gov.tw/assets/advanceSearch/historicalBuilding/20150226000002"" target=""_blank"">http://nchdb.boch.gov.tw/assets/advanceSearch/historicalBuilding/20150226000002</a>","[{'classification': '指定/登錄', 'officialDocNo': '文資字第1040015186號', 'registerDate': '2015-02-26 09:43:33.0'}]",宅第,金門縣
980,20150226000003,北山李氏兄弟洋樓,"{'code': 'A3', 'name': '宅第'}",<<歷史建築登錄廢止審查及輔助辦法>>第2條第1項第1、2、3款,118.31147,24.47841,"{'itemNo': 1, 'cityName': '金門縣', 'distName': '金寧鄉', 'address': '北山23-3號'}",文化局,文化資產科,金門縣金城鎮環島北路1段66號,082-325643#812,"<a href=""http://nchdb.boch.gov.tw/assets/advanceSearch/historicalBuilding/20150226000003"" target=""_blank"">http://nchdb.boch.gov.tw/assets/advanceSearch/historicalBuilding/20150226000003</a>","[{'classification': '指定/登錄', 'officialDocNo': '府文資字第1040015204號', 'registerDate': '2015-02-26 09:43:53.0'}]",宅第,金門縣
981,20041216000013,翁贊商、翁贊榮洋樓,"{'code': 'A3', 'name': '宅第'}",文化資產保存法,118.33792,24.44665,"{'itemNo': 1, 'cityName': '金門縣', 'distName': '金寧鄉', 'address': '盤山村下堡86、87號'}",金門縣文化局,文化資產科,金門縣金城鎮環島北路一段66號,082-325643#812,"<a href=""http://nchdb.boch.gov.tw/assets/advanceSearch/historicalBuilding/20041216000013"" target=""_blank"">http://nchdb.boch.gov.tw/assets/advanceSearch/historicalBuilding/20041216000013</a>","[{'classification': '指定/登錄', 'officialDocNo': '府文藝字第0930033435號', 'registerDate': '2004-12-16 14:50:15.0'}]",宅第,金門縣
982,20041216000014,湖下三間樓仔,"{'code': 'A3', 'name': '宅第'}",文化資產保存法,118.30454,24.45629,"{'itemNo': 1, 'cityName': '金門縣', 'distName': '金寧鄉', 'address': '湖浦村湖下44、44-1、45、46、46-8號'}",金門縣文化局,文化資產科,金門縣金城鎮環島北路一段66號,082-325643#812,"<a href=""http://nchdb.boch.gov.tw/assets/advanceSearch/historicalBuilding/20041216000014"" target=""_blank"">http://nchdb.boch.gov.tw/assets/advanceSearch/historicalBuilding/20041216000014</a>","[{'classification': '指定/登錄', 'officialDocNo': '府文藝字第0930033435號', 'registerDate': '2004-12-16 14:43:03.0'}]",宅第,金門縣
983,20070119000004,楊金魚、楊篤選宅第,"{'code': 'A3', 'name': '宅第'}",文化資產保存法第十五條,118.30721,24.45636,"{'itemNo': 1, 'cityName': '金門縣', 'distName': '金寧鄉', 'address': '湖下86、87號'}",金門縣文化局,文化資產科,金門縣金城鎮環島北路一段66號,082-325643#812,"<a href=""http://nchdb.boch.gov.tw/assets/advanceSearch/historicalBuilding/20070119000004"" target=""_blank"">http://nchdb.boch.gov.tw/assets/advanceSearch/historicalBuilding/20070119000004</a>","[{'classification': '指定/登錄', 'officialDocNo': '府文資字第0961900004號', 'registerDate': '2007-01-19 17:41:20.0'}]",宅第,金門縣
984,20031222000002,李開和洋樓,"{'code': 'A3', 'name': '宅第'}",文化資產保存法,118.30734,24.47825,"{'itemNo': 1, 'cityName': '金門縣', 'distName': '金寧鄉', 'address': '古寧村南山36號'}",金門縣文化局,文化資產科,金門縣金城鎮環島北路一段66號,082-325643#812,"<a href=""http://nchdb.boch.gov.tw/assets/advanceSearch/historicalBuilding/20031222000002"" target=""_blank"">http://nchdb.boch.gov.tw/assets/advanceSearch/historicalBuilding/20031222000002</a>","[{'classification': '指定/登錄', 'officialDocNo': '府教社字第0920061625號', 'registerDate': '2003-12-22 10:39:30.0'}]",宅第,金門縣
985,20031222000003,南山二落大厝群,"{'code': 'A3', 'name': '宅第'}",文化資產保存法,118.30586048236387,24.479102734930187,"{'itemNo': 1, 'cityName': '金門縣', 'distName': '金寧鄉', 'address': '古寧村南山101、107、112號'}",金門縣文化局,文化資產科,金門縣金城鎮環島北路一段66號,082-325643#812,"<a href=""http://nchdb.boch.gov.tw/assets/advanceSearch/historicalBuilding/20031222000003"" target=""_blank"">http://nchdb.boch.gov.tw/assets/advanceSearch/historicalBuilding/20031222000003</a>","[{'classification': '指定/登錄', 'officialDocNo': '府教社字第0920061625 號', 'registerDate': '2003-12-22 14:55:09.0'}]",宅第,金門縣
986,20031222000004,謹慎堂,"{'code': 'A3', 'name': '宅第'}",文化資產保存法,118.30632312917874,24.479497239648524,"{'itemNo': 1, 'cityName': '金門縣', 'distName': '金寧鄉', 'address': '古寧村南山102、103號'}",金門縣文化局,文化資產科,金門縣金城鎮環島北路一段66號,082-325643#812,"<a href=""http://nchdb.boch.gov.tw/assets/advanceSearch/historicalBuilding/20031222000004"" target=""_blank"">http://nchdb.boch.gov.tw/assets/advanceSearch/historicalBuilding/20031222000004</a>","[{'classification': '指定/登錄', 'officialDocNo': '府教社字第0920061625 號', 'registerDate': '2003-12-22 19:18:44.0'}]",宅第,金門縣
987,20030331000016,水頭（又名前水頭、金水）,"{'code': 'A99', 'name': '其他設施', 'other': '傳統聚落類'}",文化資產保存法,118.29996,24.41147,"{'itemNo': 1, 'cityName': '金門縣', 'distName': '金城鎮', 'address': '前水頭金水里'}",金門縣文化局,文化資產科,金門縣金城鎮環島北路一段66號,082-325643#812,"<a href=""http://nchdb.boch.gov.tw/assets/advanceSearch/historicalBuilding/20030331000016"" target=""_blank"">http://nchdb.boch.gov.tw/assets/advanceSearch/historicalBuilding/20030331000016</a>","[{'classification': '指定/登錄', 'officialDocNo': '府教社字第092001570 號', 'registerDate': '2003-03-31 16:32:09.0'}]",其他設施,金門縣
988,20030331000017,世澤堂（黃氏小宗宗祠）,"{'code': 'A1', 'name': '祠堂'}",文化資產保存法,118.29686,24.41112,"{'itemNo': 1, 'cityName': '金門縣', 'distName': '金城鎮', 'address': '前水頭88、88-1號'}",金門縣文化局,文化資產科,金門縣金城鎮環島北路一段66號,082-325643#812,"<a href=""http://nchdb.boch.gov.tw/assets/advanceSearch/historicalBuilding/20030331000017"" target=""_blank"">http://nchdb.boch.gov.tw/assets/advanceSearch/historicalBuilding/20030331000017</a>","[{'classification': '指定/登錄', 'officialDocNo': '府教社字第092001570號', 'registerDate': '2003-03-31 14:00:46.0'}]",祠堂,金門縣
989,20030331000018,基督教會堂,"{'code': 'A10', 'name': '教堂'}",文化資產保存法,118.31754332921446,24.433771272813928,"{'itemNo': 1, 'cityName': '金門縣', 'distName': '金城鎮', 'address': '珠浦北路30、30-1號'}",金門縣政府,金門縣文化局,金門縣金城鎮環島北路一段66號,082-325643#812,"<a href=""http://nchdb.boch.gov.tw/assets/advanceSearch/historicalBuilding/20030331000018"" target=""_blank"">http://nchdb.boch.gov.tw/assets/advanceSearch/historicalBuilding/20030331000018</a>","[{'classification': '指定/登錄', 'officialDocNo': '府教社字第092001570號', 'registerDate': '2003-03-31 10:14:54.0'}]",教堂,金門縣
990,20051219000006,金城城區地下坑道,"{'code': 'A99', 'name': '其他設施', 'other': '其他歷史遺蹟類'}",文化資產保存法,118.319934,24.433798,"{'itemNo': 1, 'cityName': '金門縣', 'distName': '金城鎮', 'address': '民生路7號2樓坑道分佈從金門高中、金門縣國民黨黨部（金門育樂中心）、金門縣政府、土地銀行、北嶽廟至金城車站'}",金門縣文化局,文化資產科,金門縣金城鎮環島北路66號,082-325643#812,"<a href=""http://nchdb.boch.gov.tw/assets/advanceSearch/historicalBuilding/20051219000006"" target=""_blank"">http://nchdb.boch.gov.tw/assets/advanceSearch/historicalBuilding/20051219000006</a>","[{'classification': '指定/登錄', 'officialDocNo': '府文資字第0940053683號', 'registerDate': '2005-12-19 14:22:00.0'}]",其他設施,金門縣
991,20030331000019,薛芳見洋樓,"{'code': 'A3', 'name': '宅第'}",文化資產保存法,118.320660309841,24.4010656256455,"{'itemNo': 1, 'cityName': '金門縣', 'distName': '金城鎮', 'address': '珠山7號'}",金門縣文化局,文化資產科,金門縣金城鎮環島北路一段66號,082-325643#812,"<a href=""http://nchdb.boch.gov.tw/assets/advanceSearch/historicalBuilding/20030331000019"" target=""_blank"">http://nchdb.boch.gov.tw/assets/advanceSearch/historicalBuilding/20030331000019</a>","[{'classification': '指定/登錄', 'officialDocNo': '府教社字第092001570號', 'registerDate': '2003-03-31 09:20:29.0'}]",宅第,金門縣
992,20031222000005,洪克保番仔厝,"{'code': 'A3', 'name': '宅第'}",文化資產保存法第十五條,118.30124,24.41819,"{'itemNo': 1, 'cityName': '金門縣', 'distName': '金城鎮', 'address': '后豐港7 號'}",金門縣文化局,文化資產科,金門縣金城鎮環島北路一段66號,082-325643#812,"<a href=""http://nchdb.boch.gov.tw/assets/advanceSearch/historicalBuilding/20031222000005"" target=""_blank"">http://nchdb.boch.gov.tw/assets/advanceSearch/historicalBuilding/20031222000005</a>","[{'classification': '指定/登錄', 'officialDocNo': '府教社字第0920061625號', 'registerDate': '2003-12-22 15:51:12.0'}]",宅第,金門縣
993,20030331000020,模範街（一度於戰地政務時期稱為自強街),"{'code': 'A99', 'name': '其他設施', 'other': '古市街類'}",文化資產保存法,118.31924,24.43193,"{'itemNo': 1, 'cityName': '金門縣', 'distName': '金城鎮', 'address': '東門里模範街'}",金門縣文化局,文化資產科,金門縣金城鎮環島北路一段66號,082-325643#812,"<a href=""http://nchdb.boch.gov.tw/assets/advanceSearch/historicalBuilding/20030331000020"" target=""_blank"">http://nchdb.boch.gov.tw/assets/advanceSearch/historicalBuilding/20030331000020</a>","[{'classification': '指定/登錄', 'officialDocNo': '府教社字第092001570號', 'registerDate': '2003-03-31 14:27:14.0'}]",其他設施,金門縣
994,20030331000021,珠山（薛厝坑、山仔兜）,"{'code': 'A99', 'name': '其他設施', 'other': '傳統聚落類'}",文化資產保存法,118.321007960257,24.4020986357965,"{'itemNo': 1, 'cityName': '金門縣', 'distName': '金城鎮', 'address': '珠山聚落'}",金門縣文化局,文化資產科,金門縣金城鎮環島北路一段66號,082-325643#812,"<a href=""http://nchdb.boch.gov.tw/assets/advanceSearch/historicalBuilding/20030331000021"" target=""_blank"">http://nchdb.boch.gov.tw/assets/advanceSearch/historicalBuilding/20030331000021</a>","[{'classification': '指定/登錄', 'officialDocNo': '府教社字第092001570號', 'registerDate': '2003-03-31 15:05:49.0'}]",其他設施,金門縣
995,20030331000022,金門中學中正堂,"{'code': 'A22', 'name': '集會堂'}",文化資產保存法,118.31397,24.43509,"{'itemNo': 1, 'cityName': '金門縣', 'distName': '金城鎮', 'address': '光前路94號'}",金門縣文化局,文化資產科,金門縣金城鎮環島北路66號,082-325643#812,"<a href=""http://nchdb.boch.gov.tw/assets/advanceSearch/historicalBuilding/20030331000022"" target=""_blank"">http://nchdb.boch.gov.tw/assets/advanceSearch/historicalBuilding/20030331000022</a>","[{'classification': '指定/登錄', 'officialDocNo': '府教社字第092001570號', 'registerDate': '2003-03-31 16:37:08.0'}]",集會堂,金門縣
996,20030331000023,薛清江宅,"{'code': 'A3', 'name': '宅第'}",文化資產保存法,118.33633,24.41184,"{'itemNo': 1, 'cityName': '金門縣', 'distName': '金城鎮', 'address': '泗湖24號'}",金門縣文化局,文化資產科,金門縣金城鎮環島北路一段66號,082-325643#812,"<a href=""http://nchdb.boch.gov.tw/assets/advanceSearch/historicalBuilding/20030331000023"" target=""_blank"">http://nchdb.boch.gov.tw/assets/advanceSearch/historicalBuilding/20030331000023</a>","[{'classification': '指定/登錄', 'officialDocNo': '府教社字第092001570號', 'registerDate': '2003-03-31 09:22:02.0'}]",宅第,金門縣
997,20030331000024,董光得洋樓,"{'code': 'A3', 'name': '宅第'}",文化資產保存法,118.31379,24.4004,"{'itemNo': 1, 'cityName': '金門縣', 'distName': '金城鎮', 'address': '大古崗94號'}",金門縣文化局,文化資產科,金門縣金城鎮環島北路一段66號,082-325643#812,"<a href=""http://nchdb.boch.gov.tw/assets/advanceSearch/historicalBuilding/20030331000024"" target=""_blank"">http://nchdb.boch.gov.tw/assets/advanceSearch/historicalBuilding/20030331000024</a>","[{'classification': '指定/登錄', 'officialDocNo': '府教社字第092001570號', 'registerDate': '2003-03-31 14:41:06.0'}]",宅第,金門縣
998,20030331000025,古崗學校,"{'code': 'A24', 'name': '學校'}",文化資產保存法,118.31486,24.39937,"{'itemNo': 1, 'cityName': '金門縣', 'distName': '金城鎮', 'address': '大古崗54號'}",金門縣文化局,文化資產科,金門縣金城鎮環島北路一段66號,082-325643#812,"<a href=""http://nchdb.boch.gov.tw/assets/advanceSearch/historicalBuilding/20030331000025"" target=""_blank"">http://nchdb.boch.gov.tw/assets/advanceSearch/historicalBuilding/20030331000025</a>","[{'classification': '指定/登錄', 'officialDocNo': '府教社字第092001570號', 'registerDate': '2003-03-31 20:32:10.0'}]",學校,金門縣
999,20030331000026,黃天露宅,"{'code': 'A3', 'name': '宅第'}",文化資產保存法,118.30102,24.40943,"{'itemNo': 1, 'cityName': '金門縣', 'distName': '金城鎮', 'address': '前水頭4、5號'}",金門縣文化局,文化資產科,金門縣金城鎮環島北路66號,082-325643#812,"<a href=""http://nchdb.boch.gov.tw/assets/advanceSearch/historicalBuilding/20030331000026"" target=""_blank"">http://nchdb.boch.gov.tw/assets/advanceSearch/historicalBuilding/20030331000026</a>","[{'classification': '指定/登錄', 'officialDocNo': '府教社字第092001570號', 'registerDate': '2003-03-31 09:10:10.0'}]",宅第,金門縣
1000,20030331000027,世懋堂(黃氏三房宗祠),"{'code': 'A1', 'name': '祠堂'}",文化資產保存法,118.29544,24.41215,"{'itemNo': 1, 'cityName': '金門縣', 'distName': '金城鎮', 'address': '前水頭137號（原為134號，後改為137號）'}",金門縣文化局,文化資產科,金門縣金城鎮環島北路一段66號,082-325643#812,"<a href=""http://nchdb.boch.gov.tw/assets/advanceSearch/historicalBuilding/20030331000027"" target=""_blank"">http://nchdb.boch.gov.tw/assets/advanceSearch/historicalBuilding/20030331000027</a>","[{'classification': '指定/登錄', 'officialDocNo': '府教社字第092001570號', 'registerDate': '2003-03-31 13:57:12.0'}]",祠堂,金門縣
1001,20030331000028,前水頭黃氏家廟,"{'code': 'A1', 'name': '祠堂'}",文化資產保存法,118.29952,24.40988,"{'itemNo': 1, 'cityName': '金門縣', 'distName': '金城鎮', 'address': '前水頭30號'}",金門縣文化局,文化資產科,金門縣金城鎮環島北路66號,082-325643#812,"<a href=""http://nchdb.boch.gov.tw/assets/advanceSearch/historicalBuilding/20030331000028"" target=""_blank"">http://nchdb.boch.gov.tw/assets/advanceSearch/historicalBuilding/20030331000028</a>","[{'classification': '指定/登錄', 'officialDocNo': '府教社字第092001570號', 'registerDate': '2003-03-31 16:21:44.0'}]",祠堂,金門縣
1002,20041216000015,金門城北門外明遺古街,"{'code': 'A99', 'name': '其他設施', 'other': '古市街類'}",文化資產保存法,118.3089,24.40368,"{'itemNo': 1, 'cityName': '金門縣', 'distName': '金城鎮', 'address': '金門城北門外'}",金門縣文化局,文化資產科,金門縣金城鎮環島北路66號,082-325643#812,"<a href=""http://nchdb.boch.gov.tw/assets/advanceSearch/historicalBuilding/20041216000015"" target=""_blank"">http://nchdb.boch.gov.tw/assets/advanceSearch/historicalBuilding/20041216000015</a>","[{'classification': '指定/登錄', 'officialDocNo': '府文藝字第0930033435號', 'registerDate': '2004-12-16 09:04:27.0'}]",其他設施,金門縣
1003,20030331000029,大夫第,"{'code': 'A3', 'name': '宅第'}",文化資產保存法,118.32165,24.40106,"{'itemNo': 1, 'cityName': '金門縣', 'distName': '金城鎮', 'address': '珠山41號'}",金門縣文化局,文化資產科,金門縣金城鎮環島北路一段66號,082-325643#812,"<a href=""http://nchdb.boch.gov.tw/assets/advanceSearch/historicalBuilding/20030331000029"" target=""_blank"">http://nchdb.boch.gov.tw/assets/advanceSearch/historicalBuilding/20030331000029</a>","[{'classification': '指定/登錄', 'officialDocNo': '府教社字第092001570號', 'registerDate': '2003-03-31 12:05:37.0'}]",宅第,金門縣
1004,20030331000031,薛氏大宗宗祠,"{'code': 'A1', 'name': '祠堂'}",文化資產保存法,118.32165,24.40188,"{'itemNo': 1, 'cityName': '金門縣', 'distName': '金城鎮', 'address': '珠山60號'}",金門縣文化局,文化資產科,金門縣金城鎮環島北路一段66號,082-325643#812,"<a href=""http://nchdb.boch.gov.tw/assets/advanceSearch/historicalBuilding/20030331000031"" target=""_blank"">http://nchdb.boch.gov.tw/assets/advanceSearch/historicalBuilding/20030331000031</a>","[{'classification': '指定/登錄', 'officialDocNo': '府教社字第092001570號', 'registerDate': '2003-03-31 11:06:08.0'}]",祠堂,金門縣
1005,20030331000032,薛永南兄弟大樓,"{'code': 'A3', 'name': '宅第'}",文化資產保存法,118.32065,24.40267,"{'itemNo': 1, 'cityName': '金門縣', 'distName': '金城鎮', 'address': '珠山82號'}",金門縣文化局,文化資產科,金門縣金城鎮環島北路一段66號,082-325643#812,"<a href=""http://nchdb.boch.gov.tw/assets/advanceSearch/historicalBuilding/20030331000032"" target=""_blank"">http://nchdb.boch.gov.tw/assets/advanceSearch/historicalBuilding/20030331000032</a>","[{'classification': '指定/登錄', 'officialDocNo': '府教社字第092001570號', 'registerDate': '2003-03-31 09:17:07.0'}]",宅第,金門縣
1006,20030331000033,黃濟古厝,"{'code': 'A3', 'name': '宅第'}",文化資產保存法,118.29973,24.40985,"{'itemNo': 1, 'cityName': '金門縣', 'distName': '金城鎮', 'address': '前水頭29、29-2號'}",金門縣文化局,文化資產科,金門縣金城鎮環島北路一段66號,082-325643#812,"<a href=""http://nchdb.boch.gov.tw/assets/advanceSearch/historicalBuilding/20030331000033"" target=""_blank"">http://nchdb.boch.gov.tw/assets/advanceSearch/historicalBuilding/20030331000033</a>","[{'classification': '指定/登錄', 'officialDocNo': '府教社字第092001570號', 'registerDate': '2003-03-31 21:15:55.0'}]",宅第,金門縣
1007,20030331000034,黃紹光宅,"{'code': 'A3', 'name': '宅第'}",文化資產保存法,118.30048,24.40919,"{'itemNo': 1, 'cityName': '金門縣', 'distName': '金城鎮', 'address': '前水頭9號'}",金門縣文化局,文化資產科,金門縣金城鎮環島北路一段66號,082-325643#812,"<a href=""http://nchdb.boch.gov.tw/assets/advanceSearch/historicalBuilding/20030331000034"" target=""_blank"">http://nchdb.boch.gov.tw/assets/advanceSearch/historicalBuilding/20030331000034</a>","[{'classification': '指定/登錄', 'officialDocNo': '府教社字第092001570號', 'registerDate': '2003-03-31 21:05:03.0'}]",宅第,金門縣
1008,20030331000035,黃文東宅,"{'code': 'A3', 'name': '宅第'}",文化資產保存法,118.30045,24.40976,"{'itemNo': 1, 'cityName': '金門縣', 'distName': '金城鎮', 'address': '前水頭17號'}",金門縣文化局,文化資產科,金門縣金城鎮環島北路一段66號,082-325643#812,"<a href=""http://nchdb.boch.gov.tw/assets/advanceSearch/historicalBuilding/20030331000035"" target=""_blank"">http://nchdb.boch.gov.tw/assets/advanceSearch/historicalBuilding/20030331000035</a>","[{'classification': '指定/登錄', 'officialDocNo': '府教社字第092001570號', 'registerDate': '2003-03-31 11:09:13.0'}]",宅第,金門縣
1009,20030331000036,黃積啟古厝,"{'code': 'A3', 'name': '宅第'}",文化資產保存法,118.29933,24.40964,"{'itemNo': 1, 'cityName': '金門縣', 'distName': '金城鎮', 'address': '前水頭31號'}",金門縣文化局,文化資產科,金門縣金城鎮環島北路一段66號,082-325643#812,"<a href=""http://nchdb.boch.gov.tw/assets/advanceSearch/historicalBuilding/20030331000036"" target=""_blank"">http://nchdb.boch.gov.tw/assets/advanceSearch/historicalBuilding/20030331000036</a>","[{'classification': '指定/登錄', 'officialDocNo': '府教社字第092001570號', 'registerDate': '2003-03-31 21:13:25.0'}]",宅第,金門縣
1010,20030331000037,黃廷宙銃樓,"{'code': 'A3', 'name': '宅第'}",文化資產保存法,118.29925,24.40974,"{'itemNo': 1, 'cityName': '金門縣', 'distName': '金城鎮', 'address': '前水頭32、34號'}",金門縣文化局,文化資產科,金門縣金城鎮環島北路一段66號,082-325643#812,"<a href=""http://nchdb.boch.gov.tw/assets/advanceSearch/historicalBuilding/20030331000037"" target=""_blank"">http://nchdb.boch.gov.tw/assets/advanceSearch/historicalBuilding/20030331000037</a>","[{'classification': '指定/登錄', 'officialDocNo': '府教社字第092001570號', 'registerDate': '2003-03-31 18:49:03.0'}]",宅第,金門縣
1011,20030331000038,蔡開盛宅,"{'code': 'A3', 'name': '宅第'}",文化資產保存法,118.29805,24.41096,"{'itemNo': 1, 'cityName': '金門縣', 'distName': '金城鎮', 'address': '前水頭63號'}",金門縣文化局,文化資產科,金門縣金城鎮環島北路一段66號,082-325643#812,"<a href=""http://nchdb.boch.gov.tw/assets/advanceSearch/historicalBuilding/20030331000038"" target=""_blank"">http://nchdb.boch.gov.tw/assets/advanceSearch/historicalBuilding/20030331000038</a>","[{'classification': '指定/登錄', 'officialDocNo': '府教社字第092001570號', 'registerDate': '2003-03-31 21:40:35.0'}]",宅第,金門縣
1012,20030331000039,黃廷參三落大厝,"{'code': 'A3', 'name': '宅第'}",文化資產保存法,118.29713,24.41069,"{'itemNo': 1, 'cityName': '金門縣', 'distName': '金城鎮', 'address': '前水頭82號'}",金門縣文化局,文化資產科,金門縣金城鎮環島北路一段66號,082-325643#812,"<a href=""http://nchdb.boch.gov.tw/assets/advanceSearch/historicalBuilding/20030331000039"" target=""_blank"">http://nchdb.boch.gov.tw/assets/advanceSearch/historicalBuilding/20030331000039</a>","[{'classification': '指定/登錄', 'officialDocNo': '府教社字第092001570號', 'registerDate': '2003-03-31 11:25:54.0'}]",宅第,金門縣
1013,20030331000040,水頭王氏古厝,"{'code': 'A3', 'name': '宅第'}",文化資產保存法,118.29608,24.41133,"{'itemNo': 1, 'cityName': '金門縣', 'distName': '金城鎮', 'address': '前水頭108號'}",金門縣文化局,文化資產科,金門縣金城鎮環島北路一段66號,082-325643#812,"<a href=""http://nchdb.boch.gov.tw/assets/advanceSearch/historicalBuilding/20030331000040"" target=""_blank"">http://nchdb.boch.gov.tw/assets/advanceSearch/historicalBuilding/20030331000040</a>","[{'classification': '指定/登錄', 'officialDocNo': '府教社字第092001570號', 'registerDate': '2003-03-31 17:03:31.0'}]",宅第,金門縣
1014,20030331000041,黃輝古厝,"{'code': 'A3', 'name': '宅第'}",文化資產保存法,118.29626,24.41039,"{'itemNo': 1, 'cityName': '金門縣', 'distName': '金城鎮', 'address': '前水頭110號'}",金門縣文化局,文化資產科,金門縣金城鎮環島北路一段66號,082-325643#812,"<a href=""http://nchdb.boch.gov.tw/assets/advanceSearch/historicalBuilding/20030331000041"" target=""_blank"">http://nchdb.boch.gov.tw/assets/advanceSearch/historicalBuilding/20030331000041</a>","[{'classification': '指定/登錄', 'officialDocNo': '府教社字第092001570號', 'registerDate': '2003-03-31 17:00:17.0'}]",宅第,金門縣
1015,20030331000042,黃福星宅,"{'code': 'A3', 'name': '宅第'}",文化資產保存法,118.29598,24.41046,"{'itemNo': 1, 'cityName': '金門縣', 'distName': '金城鎮', 'address': '前水頭111-1號'}",金門縣文化局,文化資產科,金門縣金城鎮環島北路一段66號,082-325643#812,"<a href=""http://nchdb.boch.gov.tw/assets/advanceSearch/historicalBuilding/20030331000042"" target=""_blank"">http://nchdb.boch.gov.tw/assets/advanceSearch/historicalBuilding/20030331000042</a>","[{'classification': '指定/登錄', 'officialDocNo': '府教社字第092001570號', 'registerDate': '2003-03-31 11:58:25.0'}]",宅第,金門縣
1016,20030331000043,白氏先祖草寮舊址（現為王宅）,"{'code': 'A3', 'name': '宅第'}",文化資產保存法,118.296167032956,24.4126439971348,"{'itemNo': 1, 'cityName': '金門縣', 'distName': '金城鎮', 'address': '前水頭151號'}",金門縣文化局,文化資產科,金門縣金城鎮環島北路一段66號,082-325643#812,"<a href=""http://nchdb.boch.gov.tw/assets/advanceSearch/historicalBuilding/20030331000043"" target=""_blank"">http://nchdb.boch.gov.tw/assets/advanceSearch/historicalBuilding/20030331000043</a>","[{'classification': '指定/登錄', 'officialDocNo': '府教社字第092001570號', 'registerDate': '2003-03-31 10:35:48.0'}]",宅第,金門縣
1017,20030331000044,黃水應宅,"{'code': 'A3', 'name': '宅第'}",文化資產保存法,118.297160158787,24.4128962390814,"{'itemNo': 1, 'cityName': '金門縣', 'distName': '金城鎮', 'address': '前水頭177號'}",金門縣文化局,文化資產科,金門縣金城鎮環島北路一段66號,082-325643#812,"<a href=""http://nchdb.boch.gov.tw/assets/advanceSearch/historicalBuilding/20030331000044"" target=""_blank"">http://nchdb.boch.gov.tw/assets/advanceSearch/historicalBuilding/20030331000044</a>","[{'classification': '指定/登錄', 'officialDocNo': '府教社字第092001570號', 'registerDate': '2003-03-31 16:40:26.0'}]",宅第,金門縣
1018,20030331000045,黃乃甫番仔厝,"{'code': 'A3', 'name': '宅第'}",文化資產保存法,118.30059,24.40905,"{'itemNo': 1, 'cityName': '金門縣', 'distName': '金城鎮', 'address': '前水頭6號'}",金門縣文化局,文化資產科,金門縣金城鎮環島北路一段66號,082-325643#812,"<a href=""http://nchdb.boch.gov.tw/assets/advanceSearch/historicalBuilding/20030331000045"" target=""_blank"">http://nchdb.boch.gov.tw/assets/advanceSearch/historicalBuilding/20030331000045</a>","[{'classification': '指定/登錄', 'officialDocNo': '府教社字第092001570號', 'registerDate': '2003-03-31 17:54:16.0'}]",宅第,金門縣
1019,20030331000046,黃永遷、黃永鑿兄弟洋樓,"{'code': 'A3', 'name': '宅第'}",文化資產保存法,118.298656,24.409527,"{'itemNo': 1, 'cityName': '金門縣', 'distName': '金城鎮', 'address': '水頭42號'}",金門縣文化局,文化資產科,金門縣金城鎮環島北路66號,082-325643#812,"<a href=""http://nchdb.boch.gov.tw/assets/advanceSearch/historicalBuilding/20030331000046"" target=""_blank"">http://nchdb.boch.gov.tw/assets/advanceSearch/historicalBuilding/20030331000046</a>","[{'classification': '指定/登錄', 'officialDocNo': '府教社字第092001570號', 'registerDate': '2003-03-31 17:31:36.0'}]",宅第,金門縣
1020,20030331000048,黃汝楫番仔厝,"{'code': 'A3', 'name': '宅第'}",文化資產保存法,118.2976,24.41135,"{'itemNo': 1, 'cityName': '金門縣', 'distName': '金城鎮', 'address': '前水頭74號'}",金門縣文化局,文化資產科,金門縣金城鎮環島北路一段66號,082-325643#812,"<a href=""http://nchdb.boch.gov.tw/assets/advanceSearch/historicalBuilding/20030331000048"" target=""_blank"">http://nchdb.boch.gov.tw/assets/advanceSearch/historicalBuilding/20030331000048</a>","[{'classification': '指定/登錄', 'officialDocNo': '府教社字第092001570號', 'registerDate': '2003-03-31 13:12:22.0'}]",宅第,金門縣
1021,20030331000049,鄭文周番仔厝,"{'code': 'A3', 'name': '宅第'}",文化資產保存法,118.29656,24.41237,"{'itemNo': 1, 'cityName': '金門縣', 'distName': '金城鎮', 'address': '水頭143號'}",金門縣文化局,文化資產科,金門縣金城鎮環島北路一段66號,082-325643#812,"<a href=""http://nchdb.boch.gov.tw/assets/advanceSearch/historicalBuilding/20030331000049"" target=""_blank"">http://nchdb.boch.gov.tw/assets/advanceSearch/historicalBuilding/20030331000049</a>","[{'classification': '指定/登錄', 'officialDocNo': '府教社字第092001570號', 'registerDate': '2003-03-31 11:22:06.0'}, {'classification': '變更/修正', 'officialDocNo': '府文資字第1010083513號', 'registerDate': '2012-10-18 00:00:00.0'}]",宅第,金門縣
1022,20030331000050,水頭417 地號洋樓（出洋客的故事）,"{'code': 'A99', 'name': '其他設施', 'other': '建築物類'}",文化資產保存法,118.29834,24.40964,"{'itemNo': 1, 'cityName': '金門縣', 'distName': '金城鎮', 'address': '前水頭48、49號'}",金門縣文化局,文化資產科,金門縣金城鎮環島北路一段66號,082-325643#812,"<a href=""http://nchdb.boch.gov.tw/assets/advanceSearch/historicalBuilding/20030331000050"" target=""_blank"">http://nchdb.boch.gov.tw/assets/advanceSearch/historicalBuilding/20030331000050</a>","[{'classification': '指定/登錄', 'officialDocNo': '府教社字第092001570號', 'registerDate': '2003-03-31 14:11:27.0'}]",其他設施,金門縣
1023,20030331000051,水頭57 地號洋樓（僑鄉文化展示）,"{'code': 'A99', 'name': '其他設施', 'other': '建築物類'}",文化資產保存法,118.298909890737,24.4096628111977,"{'itemNo': 1, 'cityName': '金門縣', 'distName': '金城鎮', 'address': '前水頭39號'}",金門縣文化局,文化資產科,金門縣金城鎮環島北路一段66號,082-325643#812,"<a href=""http://nchdb.boch.gov.tw/assets/advanceSearch/historicalBuilding/20030331000051"" target=""_blank"">http://nchdb.boch.gov.tw/assets/advanceSearch/historicalBuilding/20030331000051</a>","[{'classification': '指定/登錄', 'officialDocNo': '府教社字第092001570號', 'registerDate': '2003-03-31 00:00:25.3'}]",其他設施,金門縣
1024,20030331000053,金水國小,"{'code': 'A99', 'name': '其他設施', 'other': '建築物類'}",文化資產保存法,118.29796,24.40929,"{'itemNo': 1, 'cityName': '金門縣', 'distName': '金城鎮', 'address': '前水頭47號'}",金門縣文化局,文化資產科,金門縣金城鎮環島北路一段66號,082-325643#812,"<a href=""http://nchdb.boch.gov.tw/assets/advanceSearch/historicalBuilding/20030331000053"" target=""_blank"">http://nchdb.boch.gov.tw/assets/advanceSearch/historicalBuilding/20030331000053</a>","[{'classification': '指定/登錄', 'officialDocNo': '府教社字第092001570號', 'registerDate': '2003-03-31 11:13:12.0'}]",其他設施,金門縣
1025,20030331000054,李氏家廟,"{'code': 'A1', 'name': '祠堂'}",文化資產保存法,118.29718,24.41101,"{'itemNo': 1, 'cityName': '金門縣', 'distName': '金城鎮', 'address': '前水頭80號'}",金門縣文化局,文化資產科,金門縣金城鎮環島北路66號,082-325643#812,"<a href=""http://nchdb.boch.gov.tw/assets/advanceSearch/historicalBuilding/20030331000054"" target=""_blank"">http://nchdb.boch.gov.tw/assets/advanceSearch/historicalBuilding/20030331000054</a>","[{'classification': '指定/登錄', 'officialDocNo': '府教社字第092001570號', 'registerDate': '2003-03-31 11:53:34.0'}]",祠堂,金門縣
1026,20030331000055,古崗蔡氏開基祖厝,"{'code': 'A3', 'name': '宅第'}",文化資產保存法,118.31703,24.39725,"{'itemNo': 1, 'cityName': '金門縣', 'distName': '金城鎮', 'address': '小古崗17號'}",金門縣文化局,文化資產科,金門縣金城鎮環島北路一段66號,082-325643#812,"<a href=""http://nchdb.boch.gov.tw/assets/advanceSearch/historicalBuilding/20030331000055"" target=""_blank"">http://nchdb.boch.gov.tw/assets/advanceSearch/historicalBuilding/20030331000055</a>","[{'classification': '指定/登錄', 'officialDocNo': '府教社字第092001570號', 'registerDate': '2003-03-31 20:02:37.0'}]",宅第,金門縣
1027,20030331000056,黃寬永宅,"{'code': 'A3', 'name': '宅第'}",文化資產保存法,118.31874,24.43304,"{'itemNo': 1, 'cityName': '金門縣', 'distName': '金城鎮', 'address': '珠浦北路11、11-1號'}",金門縣文化局,文化資產科,金門縣金城鎮環島北路一段66號,082-325643#812,"<a href=""http://nchdb.boch.gov.tw/assets/advanceSearch/historicalBuilding/20030331000056"" target=""_blank"">http://nchdb.boch.gov.tw/assets/advanceSearch/historicalBuilding/20030331000056</a>","[{'classification': '指定/登錄', 'officialDocNo': '府教社字第092001570號', 'registerDate': '2003-03-31 21:01:00.0'}]",宅第,金門縣
1028,20030331000058,林可遠三落大厝,"{'code': 'A3', 'name': '宅第'}",文化資產保存法,118.31903,24.4333,"{'itemNo': 1, 'cityName': '金門縣', 'distName': '金城鎮', 'address': '珠浦北路12巷5、6號'}",金門縣文化局,文化資產科,金門縣金城鎮環島北路一段66號,082-325643#812,"<a href=""http://nchdb.boch.gov.tw/assets/advanceSearch/historicalBuilding/20030331000058"" target=""_blank"">http://nchdb.boch.gov.tw/assets/advanceSearch/historicalBuilding/20030331000058</a>","[{'classification': '指定/登錄', 'officialDocNo': '府教社字第092001570號', 'registerDate': '2003-03-31 20:53:47.0'}]",宅第,金門縣
1029,20030331000059,洪合淵宅,"{'code': 'A3', 'name': '宅第'}",文化資產保存法,118.3185,24.43326,"{'itemNo': 1, 'cityName': '金門縣', 'distName': '金城鎮', 'address': '珠浦北路15之1號'}",金門縣文化局,文化資產科,金門縣金城鎮環島北路一段66號,082-325643#812,"<a href=""http://nchdb.boch.gov.tw/assets/advanceSearch/historicalBuilding/20030331000059"" target=""_blank"">http://nchdb.boch.gov.tw/assets/advanceSearch/historicalBuilding/20030331000059</a>","[{'classification': '指定/登錄', 'officialDocNo': '府教社字第092001570號', 'registerDate': '2003-03-31 20:50:03.0'}]",宅第,金門縣
1030,20030331000060,洪合剩、洪合達宅,"{'code': 'A3', 'name': '宅第'}",文化資產保存法,118.31844,24.4333,"{'itemNo': 1, 'cityName': '金門縣', 'distName': '金城鎮', 'address': '珠浦北路15之2號'}",金門縣文化局,文化資產科,金門縣金城鎮環島北路一段66號,082-325643#812,"<a href=""http://nchdb.boch.gov.tw/assets/advanceSearch/historicalBuilding/20030331000060"" target=""_blank"">http://nchdb.boch.gov.tw/assets/advanceSearch/historicalBuilding/20030331000060</a>","[{'classification': '指定/登錄', 'officialDocNo': '府教社字第092001570號', 'registerDate': '2003-03-31 21:34:27.0'}]",宅第,金門縣
1031,20030331000062,建威第,"{'code': 'A3', 'name': '宅第'}",文化資產保存法,118.31427,24.43105,"{'itemNo': 1, 'cityName': '金門縣', 'distName': '金城鎮', 'address': '民族路318巷3號'}",金門縣文化局,文化資產科,金門縣金城鎮環島北路一段66號,082-325643#812,"<a href=""http://nchdb.boch.gov.tw/assets/advanceSearch/historicalBuilding/20030331000062"" target=""_blank"">http://nchdb.boch.gov.tw/assets/advanceSearch/historicalBuilding/20030331000062</a>","[{'classification': '指定/登錄', 'officialDocNo': '府教社字第092001570號', 'registerDate': '2003-03-31 20:44:18.0'}]",宅第,金門縣
1032,20030331000063,傅氏古厝,"{'code': 'A3', 'name': '宅第'}",文化資產保存法,118.318607473229,24.4334003002415,"{'itemNo': 1, 'cityName': '金門縣', 'distName': '金城鎮', 'address': '中興路124巷3號'}",金門縣文化局,文化資產科,金門縣金城鎮環島北路一段66號,082-325643#812,"<a href=""http://nchdb.boch.gov.tw/assets/advanceSearch/historicalBuilding/20030331000063"" target=""_blank"">http://nchdb.boch.gov.tw/assets/advanceSearch/historicalBuilding/20030331000063</a>","[{'classification': '指定/登錄', 'officialDocNo': '府教社字第092001570號', 'registerDate': '2003-03-31 17:57:00.0'}]",宅第,金門縣
1033,20030331000064,後浦大夫第,"{'code': 'A3', 'name': '宅第'}",文化資產保存法,118.31564,24.43319,"{'itemNo': 1, 'cityName': '金門縣', 'distName': '金城鎮', 'address': '光前路70巷3號'}",金門縣文化局,文化資產科,金門縣金城鎮環島北路一段66號,082-325643#812,"<a href=""http://nchdb.boch.gov.tw/assets/advanceSearch/historicalBuilding/20030331000064"" target=""_blank"">http://nchdb.boch.gov.tw/assets/advanceSearch/historicalBuilding/20030331000064</a>","[{'classification': '指定/登錄', 'officialDocNo': '府教社字第092001570號', 'registerDate': '2003-03-31 17:51:05.0'}]",宅第,金門縣
1034,20030331000065,鄧長壽洋樓,"{'code': 'A3', 'name': '宅第'}",文化資產保存法,118.318246,24.432686,"{'itemNo': 1, 'cityName': '金門縣', 'distName': '金城鎮', 'address': '浯江街53號'}",金門縣文化局,文化資產科,金門縣金城鎮環島北路66號,082-325643#812,"<a href=""http://nchdb.boch.gov.tw/assets/advanceSearch/historicalBuilding/20030331000065"" target=""_blank"">http://nchdb.boch.gov.tw/assets/advanceSearch/historicalBuilding/20030331000065</a>","[{'classification': '指定/登錄', 'officialDocNo': '府教社字第092001570號', 'registerDate': '2003-03-31 17:55:05.0'}]",宅第,金門縣
1035,20030331000066,後浦何宅,"{'code': 'A3', 'name': '宅第'}",文化資產保存法,118.31669,24.43136,"{'itemNo': 1, 'cityName': '金門縣', 'distName': '金城鎮', 'address': '民族路210巷12號'}",金門縣文化局,文化資產科,金門縣金城鎮環島北路一段66號,082-325643#812,"<a href=""http://nchdb.boch.gov.tw/assets/advanceSearch/historicalBuilding/20030331000066"" target=""_blank"">http://nchdb.boch.gov.tw/assets/advanceSearch/historicalBuilding/20030331000066</a>","[{'classification': '指定/登錄', 'officialDocNo': '府教社字第092001570號', 'registerDate': '2003-03-31 17:25:53.0'}]",宅第,金門縣
1036,20030331000067,許金鐘洋樓,"{'code': 'A3', 'name': '宅第'}",文化資產保存法,118.31511,24.43099,"{'itemNo': 1, 'cityName': '金門縣', 'distName': '金城鎮', 'address': '民族路266巷7號'}",金門縣文化局,文化資產科,金門縣金城鎮環島北路66號,082-325643#812,"<a href=""http://nchdb.boch.gov.tw/assets/advanceSearch/historicalBuilding/20030331000067"" target=""_blank"">http://nchdb.boch.gov.tw/assets/advanceSearch/historicalBuilding/20030331000067</a>","[{'classification': '指定/登錄', 'officialDocNo': '府教社字第092001570號', 'registerDate': '2003-03-31 09:47:50.0'}]",宅第,金門縣
1037,20030331000068,珠浦許氏家廟,"{'code': 'A1', 'name': '祠堂'}",文化資產保存法,118.31605,24.43152,"{'itemNo': 1, 'cityName': '金門縣', 'distName': '金城鎮', 'address': '珠浦南路28號'}",金門縣文化局,文化資產科,金門縣金城鎮環島北路一段66號,082-325643#812,"<a href=""http://nchdb.boch.gov.tw/assets/advanceSearch/historicalBuilding/20030331000068"" target=""_blank"">http://nchdb.boch.gov.tw/assets/advanceSearch/historicalBuilding/20030331000068</a>","[{'classification': '指定/登錄', 'officialDocNo': '府教社字第092001570號', 'registerDate': '2003-03-31 17:17:51.0'}]",祠堂,金門縣
1038,20030331000069,閩王祠,"{'code': 'A1', 'name': '祠堂'}",文化資產保存法,118.318427,24.431968,"{'itemNo': 1, 'cityName': '金門縣', 'distName': '金城鎮', 'address': '莒光路26巷10號'}",金門縣文化局,文化資產科,金門縣金城鎮環島北路66號,082-325643#812,"<a href=""http://nchdb.boch.gov.tw/assets/advanceSearch/historicalBuilding/20030331000069"" target=""_blank"">http://nchdb.boch.gov.tw/assets/advanceSearch/historicalBuilding/20030331000069</a>","[{'classification': '指定/登錄', 'officialDocNo': '府教社字第092001570號', 'registerDate': '2003-03-31 17:13:15.0'}]",祠堂,金門縣
1039,20030331000070,後浦陳氏祠堂,"{'code': 'A1', 'name': '祠堂'}",文化資產保存法,118.31705,24.43293,"{'itemNo': 1, 'cityName': '金門縣', 'distName': '金城鎮', 'address': '莒光路106號'}",金門縣文化局,文化資產科,金門縣金城鎮環島北路一段66號,082-325643#812,"<a href=""http://nchdb.boch.gov.tw/assets/advanceSearch/historicalBuilding/20030331000070"" target=""_blank"">http://nchdb.boch.gov.tw/assets/advanceSearch/historicalBuilding/20030331000070</a>","[{'classification': '指定/登錄', 'officialDocNo': '府教社字第092001570號', 'registerDate': '2003-03-31 16:55:11.0'}]",祠堂,金門縣
1040,20030331000071,靈濟古寺（觀音亭）,"{'code': 'A2', 'name': '寺廟'}",文化資產保存法,118.3186,24.43157,"{'itemNo': 1, 'cityName': '金門縣', 'distName': '金城鎮', 'address': '莒光路2號'}",金門縣文化局,文化資產科,金門縣金城鎮環島北路一段66號,082-325643#812,"<a href=""http://nchdb.boch.gov.tw/assets/advanceSearch/historicalBuilding/20030331000071"" target=""_blank"">http://nchdb.boch.gov.tw/assets/advanceSearch/historicalBuilding/20030331000071</a>","[{'classification': '指定/登錄', 'officialDocNo': '府教社字第092001570號', 'registerDate': '2003-03-31 16:50:43.0'}]",寺廟,金門縣
1041,20030331000072,後浦武廟,"{'code': 'A2', 'name': '寺廟'}",文化資產保存法,118.31674,24.4331,"{'itemNo': 1, 'cityName': '金門縣', 'distName': '金城鎮', 'address': '莒光路122號'}",金門縣文化局,文化資產科,金門縣金城鎮環島北路一段66號,082-325643#812,"<a href=""http://nchdb.boch.gov.tw/assets/advanceSearch/historicalBuilding/20030331000072"" target=""_blank"">http://nchdb.boch.gov.tw/assets/advanceSearch/historicalBuilding/20030331000072</a>","[{'classification': '指定/登錄', 'officialDocNo': '府教社字第092001570號', 'registerDate': '2003-03-31 14:42:52.0'}]",寺廟,金門縣
1042,20030331000073,雄獅堡,"{'code': 'A99', 'name': '其他設施', 'other': '建築物類'}",文化資產保存法,118.31007,24.43135,"{'itemNo': 1, 'cityName': '金門縣', 'distName': '金城鎮', 'address': '民權路34-1號'}",金門縣文化局,文化資產科,金門縣金城鎮環島北路一段66號,082-325643#812,"<a href=""http://nchdb.boch.gov.tw/assets/advanceSearch/historicalBuilding/20030331000073"" target=""_blank"">http://nchdb.boch.gov.tw/assets/advanceSearch/historicalBuilding/20030331000073</a>","[{'classification': '指定/登錄', 'officialDocNo': '府教社字第092001570號', 'registerDate': '2003-03-31 08:50:22.0'}]",其他設施,金門縣
1043,20111031000001,金門城南門傳統建築群,"{'code': 'A3', 'name': '宅第'}",文化資產保存法第十五條暨歷史建築登錄廢止審查及輔助辦法,118.30577,24.40038,"{'itemNo': 1, 'cityName': '金門縣', 'distName': '金城鎮', 'address': '金門城57、58、62、63號'}",金門縣文化局,文化資產科,金門縣金城鎮環島北路一段66號,082-325643#812,"<a href=""http://nchdb.boch.gov.tw/assets/advanceSearch/historicalBuilding/20111031000001"" target=""_blank"">http://nchdb.boch.gov.tw/assets/advanceSearch/historicalBuilding/20111031000001</a>","[{'classification': '指定/登錄', 'officialDocNo': '府文資字第1000079889號', 'registerDate': '2011-10-31 16:51:32.0'}]",宅第,金門縣
1044,20090603000002,珠山大道宮,"{'code': 'A2', 'name': '寺廟'}",文化資產保存法第十五條,118.32061681534401,24.401863795724502,"{'itemNo': 1, 'cityName': '金門縣', 'distName': '金城鎮', 'address': '珠山68號'}",金門縣政府文化局,文化資產科,金門縣金城鎮環島北路一段66號,082-325643#812,"<a href=""http://nchdb.boch.gov.tw/assets/advanceSearch/historicalBuilding/20090603000002"" target=""_blank"">http://nchdb.boch.gov.tw/assets/advanceSearch/historicalBuilding/20090603000002</a>","[{'classification': '指定/登錄', 'officialDocNo': '府文資字第0980037123號', 'registerDate': '2009-06-03 11:30:12.0'}]",寺廟,金門縣
1045,20100112000002,一品夫人藍門翁氏墓,"{'code': 'A12', 'name': '墓葬'}",文化資產保存法第十五條,118.3171,24.40237,"{'itemNo': 1, 'cityName': '金門縣', 'distName': '金城鎮', 'address': '珠山段197地號'}",金門縣文化局,文化資產科,金門縣金城鎮環島北路一段66號,082-325643#812,"<a href=""http://nchdb.boch.gov.tw/assets/advanceSearch/historicalBuilding/20100112000002"" target=""_blank"">http://nchdb.boch.gov.tw/assets/advanceSearch/historicalBuilding/20100112000002</a>","[{'classification': '指定/登錄', 'officialDocNo': '府文資字第0990003119號', 'registerDate': '2010-01-12 09:58:16.0'}]",墓葬,金門縣
1046,20030331000074,黃朝賓宅（前水頭116號）,"{'code': 'A3', 'name': '宅第'}",文化資產保存法,118.2958,24.41152,"{'itemNo': 1, 'cityName': '金門縣', 'distName': '金城鎮', 'address': '前水頭116號'}",金門縣文化局,文化資產科,金門縣金城鎮環島北路一段66號,082-325643#812,"<a href=""http://nchdb.boch.gov.tw/assets/advanceSearch/historicalBuilding/20030331000074"" target=""_blank"">http://nchdb.boch.gov.tw/assets/advanceSearch/historicalBuilding/20030331000074</a>","[{'classification': '指定/登錄', 'officialDocNo': '府教社字第092001570號', 'registerDate': '2003-03-31 22:25:34.0'}]",宅第,金門縣
1047,20150226000004,歐陽鐘遠洋樓,"{'code': 'A3', 'name': '宅第'}",<<歷史建築登錄廢止審查及輔助辦法>>第2條第1項第1、2、3款,118.331587,24.408052,"{'itemNo': 1, 'cityName': '金門縣', 'distName': '金城鎮', 'address': '歐厝50號'}",文化局,文化資產科,金門縣金城鎮環島北路1段66號,082-325643#812,"<a href=""http://nchdb.boch.gov.tw/assets/advanceSearch/historicalBuilding/20150226000004"" target=""_blank"">http://nchdb.boch.gov.tw/assets/advanceSearch/historicalBuilding/20150226000004</a>","[{'classification': '指定/登錄', 'officialDocNo': '府文資字第1040015084號', 'registerDate': '2015-02-26 06:57:39.0'}]",宅第,金門縣
1048,20070119000005,陳振芳古厝,"{'code': 'A3', 'name': '宅第'}",依文化資產保存法,118.32104,24.41997,"{'itemNo': 1, 'cityName': '金門縣', 'distName': '金城鎮', 'address': '庵前33號'}",金門縣文化局,文化資產科,金門縣金城鎮環島北路一段66號,082-325643#812,"<a href=""http://nchdb.boch.gov.tw/assets/advanceSearch/historicalBuilding/20070119000005"" target=""_blank"">http://nchdb.boch.gov.tw/assets/advanceSearch/historicalBuilding/20070119000005</a>","[{'classification': '指定/登錄', 'officialDocNo': '府文資字0961900004號', 'registerDate': '2007-01-19 15:16:11.0'}]",宅第,金門縣
1049,20071009000007,董石獅、董詩揚(石羊)二落大厝,"{'code': 'A3', 'name': '宅第'}",文化資產保存法第十五條,118.314828615166,24.3986538556173,"{'itemNo': 1, 'cityName': '金門縣', 'distName': '金城鎮', 'address': '大古崗33號'}",金門縣文化局,文化資產科,金門縣金城鎮環島北路一段 66 號,082-328638#812,"<a href=""http://nchdb.boch.gov.tw/assets/advanceSearch/historicalBuilding/20071009000007"" target=""_blank"">http://nchdb.boch.gov.tw/assets/advanceSearch/historicalBuilding/20071009000007</a>","[{'classification': '指定/登錄', 'officialDocNo': '府文資字第0961900067號', 'registerDate': '2007-10-09 17:50:04.0'}]",宅第,金門縣
1050,20070119000006,陳氏古厝,"{'code': 'A3', 'name': '宅第'}",文化資產保存法,118.32088,24.4195,"{'itemNo': 1, 'cityName': '金門縣', 'distName': '金城鎮', 'address': '庵前11號'}",金門縣文化局,文化資產科,金門縣金城鎮環島北路一段66號,082-325643#812,"<a href=""http://nchdb.boch.gov.tw/assets/advanceSearch/historicalBuilding/20070119000006"" target=""_blank"">http://nchdb.boch.gov.tw/assets/advanceSearch/historicalBuilding/20070119000006</a>","[{'classification': '指定/登錄', 'officialDocNo': '府文資字0961900004號', 'registerDate': '2007-01-19 08:39:32.0'}]",宅第,金門縣
1051,20061109000004,洪氏古厝,"{'code': 'A3', 'name': '宅第'}",文化資產保存法,118.22784,24.41397,"{'itemNo': 1, 'cityName': '金門縣', 'distName': '烈嶼鄉', 'address': '青岐16、16-3號'}",金門縣文化局,文化資產科,金門縣金城鎮環島北路一段66號,082-325643#812,"<a href=""http://nchdb.boch.gov.tw/assets/advanceSearch/historicalBuilding/20061109000004"" target=""_blank"">http://nchdb.boch.gov.tw/assets/advanceSearch/historicalBuilding/20061109000004</a>","[{'classification': '指定/登錄', 'officialDocNo': '府文資字0950045787號', 'registerDate': '2006-11-09 18:05:48.0'}]",宅第,金門縣
1052,20031201000027,林氏六路大厝,"{'code': 'A3', 'name': '宅第'}",文化資產保存法,118.23789,24.43539,"{'itemNo': 1, 'cityName': '金門縣', 'distName': '烈嶼鄉', 'address': '西口村西方36號'}",金門縣文化局,文化資產科,金門縣金城鎮環島北路一段66號,082-325643#812,"<a href=""http://nchdb.boch.gov.tw/assets/advanceSearch/historicalBuilding/20031201000027"" target=""_blank"">http://nchdb.boch.gov.tw/assets/advanceSearch/historicalBuilding/20031201000027</a>","[{'classification': '指定/登錄', 'officialDocNo': '府教社字第0920057150號', 'registerDate': '2003-12-01 09:05:01.0'}]",宅第,金門縣
1053,20031201000028,方宅,"{'code': 'A3', 'name': '宅第'}",文化資產保存法,118.23808,24.43578,"{'itemNo': 1, 'cityName': '金門縣', 'distName': '烈嶼鄉', 'address': '西口村西方51號旁'}",金門縣文化局,文化資產科,金門縣金城鎮環島北路一段66號,082-325643#812,"<a href=""http://nchdb.boch.gov.tw/assets/advanceSearch/historicalBuilding/20031201000028"" target=""_blank"">http://nchdb.boch.gov.tw/assets/advanceSearch/historicalBuilding/20031201000028</a>","[{'classification': '指定/登錄', 'officialDocNo': '府教社字第0920057150號', 'registerDate': '2003-12-01 08:47:38.0'}]",宅第,金門縣
1054,20041216000016,將軍堡,"{'code': 'A99', 'name': '其他設施', 'other': '碉堡'}",文化資產保存法,118.26646,24.44092,"{'itemNo': 1, 'cityName': '金門縣', 'distName': '烈嶼鄉', 'address': '黃埔村后頭海岸'}",金門縣文化局,文化資產科,金門縣金城鎮環島北路一段66號,082-325643#812,"<a href=""http://nchdb.boch.gov.tw/assets/advanceSearch/historicalBuilding/20041216000016"" target=""_blank"">http://nchdb.boch.gov.tw/assets/advanceSearch/historicalBuilding/20041216000016</a>","[{'classification': '指定/登錄', 'officialDocNo': '府文藝字第0930033435號', 'registerDate': '2004-12-16 14:33:54.0'}]",其他設施,金門縣
1055,20041216000017,勇士堡,"{'code': 'A99', 'name': '其他設施', 'other': '碉堡'}",文化資產保存法,118.251948357146,24.4472699991896,"{'itemNo': 1, 'cityName': '金門縣', 'distName': '烈嶼鄉', 'address': '黃埔村黃厝海岸'}",金門縣文化局,文化資產科,金門縣金城鎮環島北路一段66號,082-325643#812,"<a href=""http://nchdb.boch.gov.tw/assets/advanceSearch/historicalBuilding/20041216000017"" target=""_blank"">http://nchdb.boch.gov.tw/assets/advanceSearch/historicalBuilding/20041216000017</a>","[{'classification': '指定/登錄', 'officialDocNo': '府文藝字第0930033435號', 'registerDate': '2004-12-16 14:41:36.0'}]",其他設施,金門縣
1056,20041216000018,鐵漢堡,"{'code': 'A99', 'name': '其他設施', 'other': '碉堡'}",文化資產保存法,118.25506,24.44683,"{'itemNo': 1, 'cityName': '金門縣', 'distName': '烈嶼鄉', 'address': '黃埔村黃厝海岸'}",金門縣文化局,文化資產科,金門縣金城鎮環島北路一段66號,082-325643#812,"<a href=""http://nchdb.boch.gov.tw/assets/advanceSearch/historicalBuilding/20041216000018"" target=""_blank"">http://nchdb.boch.gov.tw/assets/advanceSearch/historicalBuilding/20041216000018</a>","[{'classification': '指定/登錄', 'officialDocNo': '府文藝字第0930033435號', 'registerDate': '2004-12-16 14:23:37.0'}]",其他設施,金門縣
1057,20090506000001,金板境天后宮,"{'code': 'A2', 'name': '寺廟'}","文化資產保存法第18條
歷史建築紀念建築登錄廢止審查及輔助辦法第2條、第4條、第5條",119.924180000421,26.1419909998865,"{'itemNo': 1, 'cityName': '連江縣', 'distName': '南竿鄉', 'address': '連江縣仁愛村59-2號'}",連江縣政府,文化處,連江縣南竿鄉清水村136-1號,0836-22393,"<a href=""http://nchdb.boch.gov.tw/assets/advanceSearch/historicalBuilding/20090506000001"" target=""_blank"">http://nchdb.boch.gov.tw/assets/advanceSearch/historicalBuilding/20090506000001</a>","[{'classification': '指定/登錄', 'officialDocNo': '連文推字第0980014804號', 'registerDate': '2009-05-06 14:51:54.0'}, {'classification': '變更/修正', 'officialDocNo': '連文推字第0990021701號', 'registerDate': '2010-06-25 10:27:20.417'}]",寺廟,連江縣
1058,20150429000001,南港瓶蓋工廠,"{'code': 'A16', 'name': '產業'}",符合歷史建築登錄廢止審查及輔助辦法第2條第1項第1、4款評定基準。,121.604423,25.053773,"{'itemNo': 1, 'cityName': '臺北市', 'distName': '南港區', 'address': '臺北市南港區南港路2段13號'}",臺北市政府文化局,文化資產科,臺北市信義區市府路1號4樓東北區,(02)2720-8889,"<a href=""http://nchdb.boch.gov.tw/assets/advanceSearch/historicalBuilding/20150429000001"" target=""_blank"">http://nchdb.boch.gov.tw/assets/advanceSearch/historicalBuilding/20150429000001</a>","[{'classification': '指定/登錄', 'officialDocNo': '北市文化文資字第10430390600號', 'registerDate': '2015-04-29 00:00:00.0', 'note': '登錄'}, {'classification': '變更/修正', 'officialDocNo': '北市文化文資字第10530448200號', 'registerDate': '2016-10-26 00:00:00.0', 'note': '變更地號、建號、面積'}, {'classification': '變更/修正', 'officialDocNo': '北市文化文資字第10730190900號', 'registerDate': '2018-01-24 00:00:00.0', 'note': '修正面積'}]",產業,臺北市
1059,20150612000001,延平北路二段13號店屋,"{'code': 'A3', 'name': '宅第'}","1. 依據文化資產保存法、歷史建築登錄廢止審查及輔助辦法、臺北市歷史建築登錄及廢止審查作業要點相關規定辦理。
2. 符合歷史建築登錄廢止審查及輔助辦法第2條第1項第1、2、4款評定基準。",121.511854,25.054413,"{'itemNo': 1, 'cityName': '臺北市', 'distName': '大同區', 'address': '臺北市大同區延平北路二段13號'}",臺北市政府文化局,文化資產科,臺北市信義區市府路1號4樓東北區,(02)2720-8889,"<a href=""http://nchdb.boch.gov.tw/assets/advanceSearch/historicalBuilding/20150612000001"" target=""_blank"">http://nchdb.boch.gov.tw/assets/advanceSearch/historicalBuilding/20150612000001</a>","[{'classification': '指定/登錄', 'officialDocNo': '北市文化文資10430396400', 'registerDate': '2015-06-12 00:00:00.0', 'note': '登錄'}]",宅第,臺北市
1060,20150713000001,永昌街7號店屋,"{'code': 'A3', 'name': '宅第'}",符合歷史建築登錄廢止審查及輔助辦法第2條第1項第1、4款評定基準。,121.5107134,25.0556147,"{'itemNo': 1, 'cityName': '臺北市', 'distName': '大同區', 'address': '永昌街7號'}",臺北市政府文化局,文化資產科,臺北市信義區市府路1號4樓東北區,(02)2720-8889,"<a href=""http://nchdb.boch.gov.tw/assets/advanceSearch/historicalBuilding/20150713000001"" target=""_blank"">http://nchdb.boch.gov.tw/assets/advanceSearch/historicalBuilding/20150713000001</a>","[{'classification': '指定/登錄', 'officialDocNo': '北市文化文資10430416800', 'registerDate': '2015-07-13 00:00:00.0', 'note': '登錄'}]",宅第,臺北市
1061,20150716000001,舊廈門街派出所（川端町派出所）,"{'code': 'A6', 'name': '衙署'}",符合歷史建築登錄廢止審查及輔助辦法第2條第1項第1、2、3款評定基準。,121.5173426,25.0242111,"{'itemNo': 1, 'cityName': '臺北市', 'distName': '中正區', 'address': '廈門街94號'}",臺北市政府文化局,文化資產科,臺北市信義區市府路1號4樓東北區,(02)2720-8889,"<a href=""http://nchdb.boch.gov.tw/assets/advanceSearch/historicalBuilding/20150716000001"" target=""_blank"">http://nchdb.boch.gov.tw/assets/advanceSearch/historicalBuilding/20150716000001</a>","[{'classification': '指定/登錄', 'officialDocNo': '北市文化文資字第10430371800號', 'registerDate': '2015-07-16 00:00:00.0', 'note': '登錄歷史建築'}]",衙署,臺北市
1062,20150817000001,嘉禾新村－永春街131巷1號、永春街131巷5號、永春街131巷3弄1號、3號、4號及防空洞,"{'code': 'A3', 'name': '宅第'}","登錄：符合歷史建築登錄廢止審查及輔助辦法第2條第1項第 1、 2、3款評定基準。

§變更法令依據：符合歷史建築紀念建築登錄廢止審查及輔助辦法第2條第1項第3款登錄基準",121.5270219333744,25.01589900334694,"{'itemNo': 1, 'cityName': '臺北市', 'distName': '中正區', 'address': '永春街131巷1號'}",臺北市政府文化局,文化資產科,臺北市信義區市府路1號4樓東北區,(02)2720-8889,"<a href=""http://nchdb.boch.gov.tw/assets/advanceSearch/historicalBuilding/20150817000001"" target=""_blank"">http://nchdb.boch.gov.tw/assets/advanceSearch/historicalBuilding/20150817000001</a>","[{'classification': '指定/登錄', 'officialDocNo': '北市文化文資字第10430430800號', 'registerDate': '2015-08-17 00:00:00.0', 'note': '登錄歷史建築'}, {'classification': '變更/修正', 'officialDocNo': '北市文化文資字第10760177861號', 'registerDate': '2018-08-08 00:00:00.0', 'note': '修正名稱'}]",宅第,臺北市
1062,20150817000001,嘉禾新村－永春街131巷1號、永春街131巷5號、永春街131巷3弄1號、3號、4號及防空洞,"{'code': 'A3', 'name': '宅第'}","登錄：符合歷史建築登錄廢止審查及輔助辦法第2條第1項第 1、 2、3款評定基準。

§變更法令依據：符合歷史建築紀念建築登錄廢止審查及輔助辦法第2條第1項第3款登錄基準",121.5270219333744,25.01589900334694,"{'itemNo': 2, 'cityName': '臺北市', 'distName': '中正區', 'address': '永春街131巷5號'}",臺北市政府文化局,文化資產科,臺北市信義區市府路1號4樓東北區,(02)2720-8889,"<a href=""http://nchdb.boch.gov.tw/assets/advanceSearch/historicalBuilding/20150817000001"" target=""_blank"">http://nchdb.boch.gov.tw/assets/advanceSearch/historicalBuilding/20150817000001</a>","[{'classification': '指定/登錄', 'officialDocNo': '北市文化文資字第10430430800號', 'registerDate': '2015-08-17 00:00:00.0', 'note': '登錄歷史建築'}, {'classification': '變更/修正', 'officialDocNo': '北市文化文資字第10760177861號', 'registerDate': '2018-08-08 00:00:00.0', 'note': '修正名稱'}]",宅第,臺北市
1062,20150817000001,嘉禾新村－永春街131巷1號、永春街131巷5號、永春街131巷3弄1號、3號、4號及防空洞,"{'code': 'A3', 'name': '宅第'}","登錄：符合歷史建築登錄廢止審查及輔助辦法第2條第1項第 1、 2、3款評定基準。

§變更法令依據：符合歷史建築紀念建築登錄廢止審查及輔助辦法第2條第1項第3款登錄基準",121.5270219333744,25.01589900334694,"{'itemNo': 3, 'cityName': '臺北市', 'distName': '中正區', 'address': '永春街131巷3弄1號'}",臺北市政府文化局,文化資產科,臺北市信義區市府路1號4樓東北區,(02)2720-8889,"<a href=""http://nchdb.boch.gov.tw/assets/advanceSearch/historicalBuilding/20150817000001"" target=""_blank"">http://nchdb.boch.gov.tw/assets/advanceSearch/historicalBuilding/20150817000001</a>","[{'classification': '指定/登錄', 'officialDocNo': '北市文化文資字第10430430800號', 'registerDate': '2015-08-17 00:00:00.0', 'note': '登錄歷史建築'}, {'classification': '變更/修正', 'officialDocNo': '北市文化文資字第10760177861號', 'registerDate': '2018-08-08 00:00:00.0', 'note': '修正名稱'}]",宅第,臺北市
1062,20150817000001,嘉禾新村－永春街131巷1號、永春街131巷5號、永春街131巷3弄1號、3號、4號及防空洞,"{'code': 'A3', 'name': '宅第'}","登錄：符合歷史建築登錄廢止審查及輔助辦法第2條第1項第 1、 2、3款評定基準。

§變更法令依據：符合歷史建築紀念建築登錄廢止審查及輔助辦法第2條第1項第3款登錄基準",121.5270219333744,25.01589900334694,"{'itemNo': 4, 'cityName': '臺北市', 'distName': '中正區', 'address': '永春街131巷3弄3號'}",臺北市政府文化局,文化資產科,臺北市信義區市府路1號4樓東北區,(02)2720-8889,"<a href=""http://nchdb.boch.gov.tw/assets/advanceSearch/historicalBuilding/20150817000001"" target=""_blank"">http://nchdb.boch.gov.tw/assets/advanceSearch/historicalBuilding/20150817000001</a>","[{'classification': '指定/登錄', 'officialDocNo': '北市文化文資字第10430430800號', 'registerDate': '2015-08-17 00:00:00.0', 'note': '登錄歷史建築'}, {'classification': '變更/修正', 'officialDocNo': '北市文化文資字第10760177861號', 'registerDate': '2018-08-08 00:00:00.0', 'note': '修正名稱'}]",宅第,臺北市
1062,20150817000001,嘉禾新村－永春街131巷1號、永春街131巷5號、永春街131巷3弄1號、3號、4號及防空洞,"{'code': 'A3', 'name': '宅第'}","登錄：符合歷史建築登錄廢止審查及輔助辦法第2條第1項第 1、 2、3款評定基準。

§變更法令依據：符合歷史建築紀念建築登錄廢止審查及輔助辦法第2條第1項第3款登錄基準",121.5270219333744,25.01589900334694,"{'itemNo': 5, 'cityName': '臺北市', 'distName': '中正區', 'address': '永春街131巷3弄4號'}",臺北市政府文化局,文化資產科,臺北市信義區市府路1號4樓東北區,(02)2720-8889,"<a href=""http://nchdb.boch.gov.tw/assets/advanceSearch/historicalBuilding/20150817000001"" target=""_blank"">http://nchdb.boch.gov.tw/assets/advanceSearch/historicalBuilding/20150817000001</a>","[{'classification': '指定/登錄', 'officialDocNo': '北市文化文資字第10430430800號', 'registerDate': '2015-08-17 00:00:00.0', 'note': '登錄歷史建築'}, {'classification': '變更/修正', 'officialDocNo': '北市文化文資字第10760177861號', 'registerDate': '2018-08-08 00:00:00.0', 'note': '修正名稱'}]",宅第,臺北市
1062,20150817000001,嘉禾新村－永春街131巷1號、永春街131巷5號、永春街131巷3弄1號、3號、4號及防空洞,"{'code': 'A99', 'name': '其他設施', 'other': '宅第、其他（防空洞）'}","登錄：符合歷史建築登錄廢止審查及輔助辦法第2條第1項第 1、 2、3款評定基準。

§變更法令依據：符合歷史建築紀念建築登錄廢止審查及輔助辦法第2條第1項第3款登錄基準",121.5270219333744,25.01589900334694,"{'itemNo': 1, 'cityName': '臺北市', 'distName': '中正區', 'address': '永春街131巷1號'}",臺北市政府文化局,文化資產科,臺北市信義區市府路1號4樓東北區,(02)2720-8889,"<a href=""http://nchdb.boch.gov.tw/assets/advanceSearch/historicalBuilding/20150817000001"" target=""_blank"">http://nchdb.boch.gov.tw/assets/advanceSearch/historicalBuilding/20150817000001</a>","[{'classification': '指定/登錄', 'officialDocNo': '北市文化文資字第10430430800號', 'registerDate': '2015-08-17 00:00:00.0', 'note': '登錄歷史建築'}, {'classification': '變更/修正', 'officialDocNo': '北市文化文資字第10760177861號', 'registerDate': '2018-08-08 00:00:00.0', 'note': '修正名稱'}]",其他設施,臺北市
1062,20150817000001,嘉禾新村－永春街131巷1號、永春街131巷5號、永春街131巷3弄1號、3號、4號及防空洞,"{'code': 'A99', 'name': '其他設施', 'other': '宅第、其他（防空洞）'}","登錄：符合歷史建築登錄廢止審查及輔助辦法第2條第1項第 1、 2、3款評定基準。

§變更法令依據：符合歷史建築紀念建築登錄廢止審查及輔助辦法第2條第1項第3款登錄基準",121.5270219333744,25.01589900334694,"{'itemNo': 2, 'cityName': '臺北市', 'distName': '中正區', 'address': '永春街131巷5號'}",臺北市政府文化局,文化資產科,臺北市信義區市府路1號4樓東北區,(02)2720-8889,"<a href=""http://nchdb.boch.gov.tw/assets/advanceSearch/historicalBuilding/20150817000001"" target=""_blank"">http://nchdb.boch.gov.tw/assets/advanceSearch/historicalBuilding/20150817000001</a>","[{'classification': '指定/登錄', 'officialDocNo': '北市文化文資字第10430430800號', 'registerDate': '2015-08-17 00:00:00.0', 'note': '登錄歷史建築'}, {'classification': '變更/修正', 'officialDocNo': '北市文化文資字第10760177861號', 'registerDate': '2018-08-08 00:00:00.0', 'note': '修正名稱'}]",其他設施,臺北市
1062,20150817000001,嘉禾新村－永春街131巷1號、永春街131巷5號、永春街131巷3弄1號、3號、4號及防空洞,"{'code': 'A99', 'name': '其他設施', 'other': '宅第、其他（防空洞）'}","登錄：符合歷史建築登錄廢止審查及輔助辦法第2條第1項第 1、 2、3款評定基準。

§變更法令依據：符合歷史建築紀念建築登錄廢止審查及輔助辦法第2條第1項第3款登錄基準",121.5270219333744,25.01589900334694,"{'itemNo': 3, 'cityName': '臺北市', 'distName': '中正區', 'address': '永春街131巷3弄1號'}",臺北市政府文化局,文化資產科,臺北市信義區市府路1號4樓東北區,(02)2720-8889,"<a href=""http://nchdb.boch.gov.tw/assets/advanceSearch/historicalBuilding/20150817000001"" target=""_blank"">http://nchdb.boch.gov.tw/assets/advanceSearch/historicalBuilding/20150817000001</a>","[{'classification': '指定/登錄', 'officialDocNo': '北市文化文資字第10430430800號', 'registerDate': '2015-08-17 00:00:00.0', 'note': '登錄歷史建築'}, {'classification': '變更/修正', 'officialDocNo': '北市文化文資字第10760177861號', 'registerDate': '2018-08-08 00:00:00.0', 'note': '修正名稱'}]",其他設施,臺北市
1062,20150817000001,嘉禾新村－永春街131巷1號、永春街131巷5號、永春街131巷3弄1號、3號、4號及防空洞,"{'code': 'A99', 'name': '其他設施', 'other': '宅第、其他（防空洞）'}","登錄：符合歷史建築登錄廢止審查及輔助辦法第2條第1項第 1、 2、3款評定基準。

§變更法令依據：符合歷史建築紀念建築登錄廢止審查及輔助辦法第2條第1項第3款登錄基準",121.5270219333744,25.01589900334694,"{'itemNo': 4, 'cityName': '臺北市', 'distName': '中正區', 'address': '永春街131巷3弄3號'}",臺北市政府文化局,文化資產科,臺北市信義區市府路1號4樓東北區,(02)2720-8889,"<a href=""http://nchdb.boch.gov.tw/assets/advanceSearch/historicalBuilding/20150817000001"" target=""_blank"">http://nchdb.boch.gov.tw/assets/advanceSearch/historicalBuilding/20150817000001</a>","[{'classification': '指定/登錄', 'officialDocNo': '北市文化文資字第10430430800號', 'registerDate': '2015-08-17 00:00:00.0', 'note': '登錄歷史建築'}, {'classification': '變更/修正', 'officialDocNo': '北市文化文資字第10760177861號', 'registerDate': '2018-08-08 00:00:00.0', 'note': '修正名稱'}]",其他設施,臺北市
1062,20150817000001,嘉禾新村－永春街131巷1號、永春街131巷5號、永春街131巷3弄1號、3號、4號及防空洞,"{'code': 'A99', 'name': '其他設施', 'other': '宅第、其他（防空洞）'}","登錄：符合歷史建築登錄廢止審查及輔助辦法第2條第1項第 1、 2、3款評定基準。

§變更法令依據：符合歷史建築紀念建築登錄廢止審查及輔助辦法第2條第1項第3款登錄基準",121.5270219333744,25.01589900334694,"{'itemNo': 5, 'cityName': '臺北市', 'distName': '中正區', 'address': '永春街131巷3弄4號'}",臺北市政府文化局,文化資產科,臺北市信義區市府路1號4樓東北區,(02)2720-8889,"<a href=""http://nchdb.boch.gov.tw/assets/advanceSearch/historicalBuilding/20150817000001"" target=""_blank"">http://nchdb.boch.gov.tw/assets/advanceSearch/historicalBuilding/20150817000001</a>","[{'classification': '指定/登錄', 'officialDocNo': '北市文化文資字第10430430800號', 'registerDate': '2015-08-17 00:00:00.0', 'note': '登錄歷史建築'}, {'classification': '變更/修正', 'officialDocNo': '北市文化文資字第10760177861號', 'registerDate': '2018-08-08 00:00:00.0', 'note': '修正名稱'}]",其他設施,臺北市
1063,20150622000001,草山派出所,"{'code': 'A6', 'name': '衙署'}",符合歷史建築登錄廢止審查及輔助辦法第2條第1項第1、3、4款評定基準。,121.5501788,25.1505202,"{'itemNo': 1, 'cityName': '臺北市', 'distName': '士林區', 'address': '陽明路1段66號'}",臺北市政府文化局,文化資產科,臺北市信義區市府路1號4樓東北區,(02)2720-8889,"<a href=""http://nchdb.boch.gov.tw/assets/advanceSearch/historicalBuilding/20150622000001"" target=""_blank"">http://nchdb.boch.gov.tw/assets/advanceSearch/historicalBuilding/20150622000001</a>","[{'classification': '指定/登錄', 'officialDocNo': '北市文化文資字第10430411100 號', 'registerDate': '2015-06-22 00:00:00.0', 'note': '登錄歷史建築'}]",衙署,臺北市
1064,20150810000001,羅友倫故居,"{'code': 'A3', 'name': '宅第'}",歷史建築登錄廢止審查及輔助辦法第2條第1項第1、4款評定基準,121.5282802,25.1224072,"{'itemNo': 1, 'cityName': '臺北市', 'distName': '士林區', 'address': '中山北路7段81巷45號'}",臺北市政府文化局,文化資產科,臺北市信義區市府路1號4樓東北區,(02)2720-8889,"<a href=""http://nchdb.boch.gov.tw/assets/advanceSearch/historicalBuilding/20150810000001"" target=""_blank"">http://nchdb.boch.gov.tw/assets/advanceSearch/historicalBuilding/20150810000001</a>","[{'classification': '指定/登錄', 'officialDocNo': '北市文化文資字第10430426800號', 'registerDate': '2015-08-10 00:00:00.0', 'note': '登錄歷史建築'}]",宅第,臺北市
1065,20150831000001,美援宿舍群（長安東路2段155號、157號、159號，龍江路46巷6號、8號、10號）,"{'code': 'A3', 'name': '宅第'}",符合歷史建築登錄廢止審查及輔助辦法第2條第1項第1、4款評定基準。,121.5393694,25.0485059,"{'itemNo': 1, 'cityName': '臺北市', 'distName': '中山區', 'address': '長安東路2段155號'}",臺北市政府文化局,文化資產科,臺北市信義區市府路1號4樓東北區,(02)2720-8889,"<a href=""http://nchdb.boch.gov.tw/assets/advanceSearch/historicalBuilding/20150831000001"" target=""_blank"">http://nchdb.boch.gov.tw/assets/advanceSearch/historicalBuilding/20150831000001</a>","[{'classification': '指定/登錄', 'officialDocNo': '北市文化文資字第10430434100號', 'registerDate': '2015-08-31 00:00:00.0', 'note': '登錄歷史建築'}]",宅第,臺北市
1065,20150831000001,美援宿舍群（長安東路2段155號、157號、159號，龍江路46巷6號、8號、10號）,"{'code': 'A3', 'name': '宅第'}",符合歷史建築登錄廢止審查及輔助辦法第2條第1項第1、4款評定基準。,121.5393694,25.0485059,"{'itemNo': 2, 'cityName': '臺北市', 'distName': '中山區', 'address': '長安東路2段157號'}",臺北市政府文化局,文化資產科,臺北市信義區市府路1號4樓東北區,(02)2720-8889,"<a href=""http://nchdb.boch.gov.tw/assets/advanceSearch/historicalBuilding/20150831000001"" target=""_blank"">http://nchdb.boch.gov.tw/assets/advanceSearch/historicalBuilding/20150831000001</a>","[{'classification': '指定/登錄', 'officialDocNo': '北市文化文資字第10430434100號', 'registerDate': '2015-08-31 00:00:00.0', 'note': '登錄歷史建築'}]",宅第,臺北市
1065,20150831000001,美援宿舍群（長安東路2段155號、157號、159號，龍江路46巷6號、8號、10號）,"{'code': 'A3', 'name': '宅第'}",符合歷史建築登錄廢止審查及輔助辦法第2條第1項第1、4款評定基準。,121.5393694,25.0485059,"{'itemNo': 3, 'cityName': '臺北市', 'distName': '中山區', 'address': '長安東路2段159號'}",臺北市政府文化局,文化資產科,臺北市信義區市府路1號4樓東北區,(02)2720-8889,"<a href=""http://nchdb.boch.gov.tw/assets/advanceSearch/historicalBuilding/20150831000001"" target=""_blank"">http://nchdb.boch.gov.tw/assets/advanceSearch/historicalBuilding/20150831000001</a>","[{'classification': '指定/登錄', 'officialDocNo': '北市文化文資字第10430434100號', 'registerDate': '2015-08-31 00:00:00.0', 'note': '登錄歷史建築'}]",宅第,臺北市
1065,20150831000001,美援宿舍群（長安東路2段155號、157號、159號，龍江路46巷6號、8號、10號）,"{'code': 'A3', 'name': '宅第'}",符合歷史建築登錄廢止審查及輔助辦法第2條第1項第1、4款評定基準。,121.5393694,25.0485059,"{'itemNo': 4, 'cityName': '臺北市', 'distName': '中山區', 'address': '龍江路46巷6號'}",臺北市政府文化局,文化資產科,臺北市信義區市府路1號4樓東北區,(02)2720-8889,"<a href=""http://nchdb.boch.gov.tw/assets/advanceSearch/historicalBuilding/20150831000001"" target=""_blank"">http://nchdb.boch.gov.tw/assets/advanceSearch/historicalBuilding/20150831000001</a>","[{'classification': '指定/登錄', 'officialDocNo': '北市文化文資字第10430434100號', 'registerDate': '2015-08-31 00:00:00.0', 'note': '登錄歷史建築'}]",宅第,臺北市
1065,20150831000001,美援宿舍群（長安東路2段155號、157號、159號，龍江路46巷6號、8號、10號）,"{'code': 'A3', 'name': '宅第'}",符合歷史建築登錄廢止審查及輔助辦法第2條第1項第1、4款評定基準。,121.5393694,25.0485059,"{'itemNo': 5, 'cityName': '臺北市', 'distName': '中山區', 'address': '龍江路46巷8號'}",臺北市政府文化局,文化資產科,臺北市信義區市府路1號4樓東北區,(02)2720-8889,"<a href=""http://nchdb.boch.gov.tw/assets/advanceSearch/historicalBuilding/20150831000001"" target=""_blank"">http://nchdb.boch.gov.tw/assets/advanceSearch/historicalBuilding/20150831000001</a>","[{'classification': '指定/登錄', 'officialDocNo': '北市文化文資字第10430434100號', 'registerDate': '2015-08-31 00:00:00.0', 'note': '登錄歷史建築'}]",宅第,臺北市
1065,20150831000001,美援宿舍群（長安東路2段155號、157號、159號，龍江路46巷6號、8號、10號）,"{'code': 'A3', 'name': '宅第'}",符合歷史建築登錄廢止審查及輔助辦法第2條第1項第1、4款評定基準。,121.5393694,25.0485059,"{'itemNo': 6, 'cityName': '臺北市', 'distName': '中山區', 'address': '龍江路46巷10號'}",臺北市政府文化局,文化資產科,臺北市信義區市府路1號4樓東北區,(02)2720-8889,"<a href=""http://nchdb.boch.gov.tw/assets/advanceSearch/historicalBuilding/20150831000001"" target=""_blank"">http://nchdb.boch.gov.tw/assets/advanceSearch/historicalBuilding/20150831000001</a>","[{'classification': '指定/登錄', 'officialDocNo': '北市文化文資字第10430434100號', 'registerDate': '2015-08-31 00:00:00.0', 'note': '登錄歷史建築'}]",宅第,臺北市
1066,20150831000002,美援宿舍群（松江路85巷4號）,"{'code': 'A3', 'name': '宅第'}",符合歷史建築登錄廢止審查及輔助辦法第2條第1項第1、4款評定基準。,121.5334976,25.0500091,"{'itemNo': 1, 'cityName': '臺北市', 'distName': '中山區', 'address': '松江路85巷4號'}",臺北市政府文化局,文化資產科,臺北市信義區市府路1號4樓東北區,(02)2720-8889,"<a href=""http://nchdb.boch.gov.tw/assets/advanceSearch/historicalBuilding/20150831000002"" target=""_blank"">http://nchdb.boch.gov.tw/assets/advanceSearch/historicalBuilding/20150831000002</a>","[{'classification': '指定/登錄', 'officialDocNo': '北市文化文資字第10430434200', 'registerDate': '2015-08-31 00:00:00.0', 'note': '登錄歷史建築'}]",宅第,臺北市
1067,20150824000001,青草巷歷史建築群,"{'code': 'A3', 'name': '宅第'}","1.依據文化資產保存法第15條、歷史建築登錄廢止審查及輔助辦法第4條暨臺北市歷史建築登錄及廢止審查作業要點相關規定。
2.符合歷史建築登錄廢止審查及輔助辦法第2條第1項第1、2、4款評定基準。",121.50049352697549,25.037008985028002,"{'itemNo': 1, 'cityName': '臺北市', 'distName': '萬華區', 'address': '西昌街220號'}",臺北市政府文化局,文化資產科,臺北市信義區市府路1號4樓東北區,(02)2720-8889,"<a href=""http://nchdb.boch.gov.tw/assets/advanceSearch/historicalBuilding/20150824000001"" target=""_blank"">http://nchdb.boch.gov.tw/assets/advanceSearch/historicalBuilding/20150824000001</a>","[{'classification': '指定/登錄', 'officialDocNo': '北市文化文資字第10430430100號', 'registerDate': '2015-08-24 00:00:00.0', 'note': '登錄歷史建築'}]",宅第,臺北市
1067,20150824000001,青草巷歷史建築群,"{'code': 'A3', 'name': '宅第'}","1.依據文化資產保存法第15條、歷史建築登錄廢止審查及輔助辦法第4條暨臺北市歷史建築登錄及廢止審查作業要點相關規定。
2.符合歷史建築登錄廢止審查及輔助辦法第2條第1項第1、2、4款評定基準。",121.50049352697549,25.037008985028002,"{'itemNo': 2, 'cityName': '臺北市', 'distName': '萬華區', 'address': '西昌街224巷3號'}",臺北市政府文化局,文化資產科,臺北市信義區市府路1號4樓東北區,(02)2720-8889,"<a href=""http://nchdb.boch.gov.tw/assets/advanceSearch/historicalBuilding/20150824000001"" target=""_blank"">http://nchdb.boch.gov.tw/assets/advanceSearch/historicalBuilding/20150824000001</a>","[{'classification': '指定/登錄', 'officialDocNo': '北市文化文資字第10430430100號', 'registerDate': '2015-08-24 00:00:00.0', 'note': '登錄歷史建築'}]",宅第,臺北市
1067,20150824000001,青草巷歷史建築群,"{'code': 'A3', 'name': '宅第'}","1.依據文化資產保存法第15條、歷史建築登錄廢止審查及輔助辦法第4條暨臺北市歷史建築登錄及廢止審查作業要點相關規定。
2.符合歷史建築登錄廢止審查及輔助辦法第2條第1項第1、2、4款評定基準。",121.50049352697549,25.037008985028002,"{'itemNo': 3, 'cityName': '臺北市', 'distName': '萬華區', 'address': '西昌街224巷5號'}",臺北市政府文化局,文化資產科,臺北市信義區市府路1號4樓東北區,(02)2720-8889,"<a href=""http://nchdb.boch.gov.tw/assets/advanceSearch/historicalBuilding/20150824000001"" target=""_blank"">http://nchdb.boch.gov.tw/assets/advanceSearch/historicalBuilding/20150824000001</a>","[{'classification': '指定/登錄', 'officialDocNo': '北市文化文資字第10430430100號', 'registerDate': '2015-08-24 00:00:00.0', 'note': '登錄歷史建築'}]",宅第,臺北市
1067,20150824000001,青草巷歷史建築群,"{'code': 'A3', 'name': '宅第'}","1.依據文化資產保存法第15條、歷史建築登錄廢止審查及輔助辦法第4條暨臺北市歷史建築登錄及廢止審查作業要點相關規定。
2.符合歷史建築登錄廢止審查及輔助辦法第2條第1項第1、2、4款評定基準。",121.50049352697549,25.037008985028002,"{'itemNo': 4, 'cityName': '臺北市', 'distName': '萬華區', 'address': '西昌街224巷7號'}",臺北市政府文化局,文化資產科,臺北市信義區市府路1號4樓東北區,(02)2720-8889,"<a href=""http://nchdb.boch.gov.tw/assets/advanceSearch/historicalBuilding/20150824000001"" target=""_blank"">http://nchdb.boch.gov.tw/assets/advanceSearch/historicalBuilding/20150824000001</a>","[{'classification': '指定/登錄', 'officialDocNo': '北市文化文資字第10430430100號', 'registerDate': '2015-08-24 00:00:00.0', 'note': '登錄歷史建築'}]",宅第,臺北市
1067,20150824000001,青草巷歷史建築群,"{'code': 'A3', 'name': '宅第'}","1.依據文化資產保存法第15條、歷史建築登錄廢止審查及輔助辦法第4條暨臺北市歷史建築登錄及廢止審查作業要點相關規定。
2.符合歷史建築登錄廢止審查及輔助辦法第2條第1項第1、2、4款評定基準。",121.50049352697549,25.037008985028002,"{'itemNo': 5, 'cityName': '臺北市', 'distName': '萬華區', 'address': '西昌街224巷9號'}",臺北市政府文化局,文化資產科,臺北市信義區市府路1號4樓東北區,(02)2720-8889,"<a href=""http://nchdb.boch.gov.tw/assets/advanceSearch/historicalBuilding/20150824000001"" target=""_blank"">http://nchdb.boch.gov.tw/assets/advanceSearch/historicalBuilding/20150824000001</a>","[{'classification': '指定/登錄', 'officialDocNo': '北市文化文資字第10430430100號', 'registerDate': '2015-08-24 00:00:00.0', 'note': '登錄歷史建築'}]",宅第,臺北市
1067,20150824000001,青草巷歷史建築群,"{'code': 'A3', 'name': '宅第'}","1.依據文化資產保存法第15條、歷史建築登錄廢止審查及輔助辦法第4條暨臺北市歷史建築登錄及廢止審查作業要點相關規定。
2.符合歷史建築登錄廢止審查及輔助辦法第2條第1項第1、2、4款評定基準。",121.50049352697549,25.037008985028002,"{'itemNo': 6, 'cityName': '臺北市', 'distName': '萬華區', 'address': '西昌街224巷11號'}",臺北市政府文化局,文化資產科,臺北市信義區市府路1號4樓東北區,(02)2720-8889,"<a href=""http://nchdb.boch.gov.tw/assets/advanceSearch/historicalBuilding/20150824000001"" target=""_blank"">http://nchdb.boch.gov.tw/assets/advanceSearch/historicalBuilding/20150824000001</a>","[{'classification': '指定/登錄', 'officialDocNo': '北市文化文資字第10430430100號', 'registerDate': '2015-08-24 00:00:00.0', 'note': '登錄歷史建築'}]",宅第,臺北市
1067,20150824000001,青草巷歷史建築群,"{'code': 'A3', 'name': '宅第'}","1.依據文化資產保存法第15條、歷史建築登錄廢止審查及輔助辦法第4條暨臺北市歷史建築登錄及廢止審查作業要點相關規定。
2.符合歷史建築登錄廢止審查及輔助辦法第2條第1項第1、2、4款評定基準。",121.50049352697549,25.037008985028002,"{'itemNo': 7, 'cityName': '臺北市', 'distName': '萬華區', 'address': '西昌街224巷13號'}",臺北市政府文化局,文化資產科,臺北市信義區市府路1號4樓東北區,(02)2720-8889,"<a href=""http://nchdb.boch.gov.tw/assets/advanceSearch/historicalBuilding/20150824000001"" target=""_blank"">http://nchdb.boch.gov.tw/assets/advanceSearch/historicalBuilding/20150824000001</a>","[{'classification': '指定/登錄', 'officialDocNo': '北市文化文資字第10430430100號', 'registerDate': '2015-08-24 00:00:00.0', 'note': '登錄歷史建築'}]",宅第,臺北市
1067,20150824000001,青草巷歷史建築群,"{'code': 'A3', 'name': '宅第'}","1.依據文化資產保存法第15條、歷史建築登錄廢止審查及輔助辦法第4條暨臺北市歷史建築登錄及廢止審查作業要點相關規定。
2.符合歷史建築登錄廢止審查及輔助辦法第2條第1項第1、2、4款評定基準。",121.50049352697549,25.037008985028002,"{'itemNo': 8, 'cityName': '臺北市', 'distName': '萬華區', 'address': '西昌街224巷15號'}",臺北市政府文化局,文化資產科,臺北市信義區市府路1號4樓東北區,(02)2720-8889,"<a href=""http://nchdb.boch.gov.tw/assets/advanceSearch/historicalBuilding/20150824000001"" target=""_blank"">http://nchdb.boch.gov.tw/assets/advanceSearch/historicalBuilding/20150824000001</a>","[{'classification': '指定/登錄', 'officialDocNo': '北市文化文資字第10430430100號', 'registerDate': '2015-08-24 00:00:00.0', 'note': '登錄歷史建築'}]",宅第,臺北市
1068,20151015000001,民樂街12號店屋,"{'code': 'A3', 'name': '宅第'}",<<歷史建築登錄廢止審查及輔助辦法>>第2條第1項第1、2、4款,121.5107977,25.0559071,"{'itemNo': 1, 'cityName': '臺北市', 'distName': '大同區', 'address': '民樂街12號'}",臺北市政府文化局,文化資產科,臺北市信義區市府路1號4樓東北區,(02)2720-8889,"<a href=""http://nchdb.boch.gov.tw/assets/advanceSearch/historicalBuilding/20151015000001"" target=""_blank"">http://nchdb.boch.gov.tw/assets/advanceSearch/historicalBuilding/20151015000001</a>","[{'classification': '指定/登錄', 'officialDocNo': '北市文化文資字第10430449500', 'registerDate': '2015-10-15 00:00:00.0', 'note': '登錄'}]",宅第,臺北市
1069,20151027000002,岩山新村,"{'code': 'A3', 'name': '宅第'}",歷史建築登錄廢止審查及輔助辦法第2條第1項第1、4款,121.536155,25.1040326,"{'itemNo': 1, 'cityName': '臺北市', 'distName': '士林區', 'address': '芝玉路1段79巷2號'}",臺北市政府文化局,文化資產科,臺北市信義區市府路1號4樓東北區,(02)2720-8889,"<a href=""http://nchdb.boch.gov.tw/assets/advanceSearch/historicalBuilding/20151027000002"" target=""_blank"">http://nchdb.boch.gov.tw/assets/advanceSearch/historicalBuilding/20151027000002</a>","[{'classification': '指定/登錄', 'officialDocNo': '北市文化文資字第10430446200', 'registerDate': '2015-10-27 00:00:00.0', 'note': '登錄歷史建築'}]",宅第,臺北市
1069,20151027000002,岩山新村,"{'code': 'A3', 'name': '宅第'}",歷史建築登錄廢止審查及輔助辦法第2條第1項第1、4款,121.536155,25.1040326,"{'itemNo': 2, 'cityName': '臺北市', 'distName': '士林區', 'address': '芝玉路1段79巷4號'}",臺北市政府文化局,文化資產科,臺北市信義區市府路1號4樓東北區,(02)2720-8889,"<a href=""http://nchdb.boch.gov.tw/assets/advanceSearch/historicalBuilding/20151027000002"" target=""_blank"">http://nchdb.boch.gov.tw/assets/advanceSearch/historicalBuilding/20151027000002</a>","[{'classification': '指定/登錄', 'officialDocNo': '北市文化文資字第10430446200', 'registerDate': '2015-10-27 00:00:00.0', 'note': '登錄歷史建築'}]",宅第,臺北市
1069,20151027000002,岩山新村,"{'code': 'A3', 'name': '宅第'}",歷史建築登錄廢止審查及輔助辦法第2條第1項第1、4款,121.536155,25.1040326,"{'itemNo': 3, 'cityName': '臺北市', 'distName': '士林區', 'address': '芝玉路1段79巷10號（含附屬建物黑瓦宅）'}",臺北市政府文化局,文化資產科,臺北市信義區市府路1號4樓東北區,(02)2720-8889,"<a href=""http://nchdb.boch.gov.tw/assets/advanceSearch/historicalBuilding/20151027000002"" target=""_blank"">http://nchdb.boch.gov.tw/assets/advanceSearch/historicalBuilding/20151027000002</a>","[{'classification': '指定/登錄', 'officialDocNo': '北市文化文資字第10430446200', 'registerDate': '2015-10-27 00:00:00.0', 'note': '登錄歷史建築'}]",宅第,臺北市
1070,20151028000001,延平北路二段117號店屋,"{'code': 'A3', 'name': '宅第'}","1.依據文化資產保存法第15條、歷史建築登錄廢止審查及輔助辦法第4條暨臺北市歷史建築登錄及廢止審查作業要點相關規定。
2.符合歷史建築登錄廢止審查及輔助辦法第2條第1項第1、4款評定基準。",121.511652,25.0572129,"{'itemNo': 1, 'cityName': '臺北市', 'distName': '大同區', 'address': '延平北路2段117號'}",臺北市政府文化局,文化資產科,臺北市信義區市府路1號4樓東北區,(02)2720-8889,"<a href=""http://nchdb.boch.gov.tw/assets/advanceSearch/historicalBuilding/20151028000001"" target=""_blank"">http://nchdb.boch.gov.tw/assets/advanceSearch/historicalBuilding/20151028000001</a>","[{'classification': '指定/登錄', 'officialDocNo': '北市文化文資字第10430452200', 'registerDate': '2015-10-28 00:00:00.0', 'note': '登錄歷史建築'}]",宅第,臺北市
1071,20151007000001,延平北路二段210巷5號店屋,"{'code': 'A3', 'name': '宅第'}","1. 依據文化資產保存法第15條、歷史建築登錄廢止審查及輔助辦法第4條、臺北市歷史建築登錄及廢止審查作業要點相關規定辦理。
2. 符合歷史建築登錄廢止審查及輔助辦法第2條第1項第1、2、4款評定基準。",121.511083,25.0592832,"{'itemNo': 1, 'cityName': '臺北市', 'distName': '大同區', 'address': '延平北路2段210巷5號'}",臺北市政府文化局,文化資產科,臺北市信義區市府路1號4樓東北區,(02)2720-8889,"<a href=""http://nchdb.boch.gov.tw/assets/advanceSearch/historicalBuilding/20151007000001"" target=""_blank"">http://nchdb.boch.gov.tw/assets/advanceSearch/historicalBuilding/20151007000001</a>","[{'classification': '指定/登錄', 'officialDocNo': '北市文化文資字第10430433900號', 'registerDate': '2015-10-07 00:00:00.0', 'note': '登錄歷史建築'}]",宅第,臺北市
1072,20150123000001,樹林日式警察宿舍,"{'code': 'A3', 'name': '宅第'}",<<歷史建築登錄廢止審查及輔助辦法>>第2條第1項第1、3款,121.425473,24.991952,"{'itemNo': 1, 'cityName': '新北市', 'distName': '樹林區', 'address': '鎮前街31之1號'}",新北市政府,文化局,新北市板橋區中山路一段161號28樓,(02)29603456,"<a href=""http://nchdb.boch.gov.tw/assets/advanceSearch/historicalBuilding/20150123000001"" target=""_blank"">http://nchdb.boch.gov.tw/assets/advanceSearch/historicalBuilding/20150123000001</a>","[{'classification': '指定/登錄', 'officialDocNo': '新北府文資字第1040100408號', 'registerDate': '2015-01-23 11:32:22.0'}]",宅第,新北市
1073,20150805000002,新店國小宿舍,"{'code': 'A3', 'name': '宅第'}",<<歷史建築登錄廢止審查及輔助辦法>>第2條第1項第1、3、4款,121.53882407664739,24.954272571681003,"{'itemNo': 1, 'cityName': '新北市', 'distName': '新店區', 'address': '國校路65巷7號'}",新北市政府,文化局,新北市板橋區中山路一段161號28樓,(02)29603456,"<a href=""http://nchdb.boch.gov.tw/assets/advanceSearch/historicalBuilding/20150805000002"" target=""_blank"">http://nchdb.boch.gov.tw/assets/advanceSearch/historicalBuilding/20150805000002</a>","[{'classification': '指定/登錄', 'officialDocNo': '新北府文資字第1041387689號', 'registerDate': '2015-08-05 16:45:19.0'}, {'classification': '變更/修正', 'officialDocNo': '新北府文資字第1050850351號', 'registerDate': '2017-05-17 09:41:07.488'}]",宅第,新北市
1073,20150805000002,新店國小宿舍,"{'code': 'A3', 'name': '宅第'}",<<歷史建築登錄廢止審查及輔助辦法>>第2條第1項第1、3、4款,121.53882407664739,24.954272571681003,"{'itemNo': 2, 'cityName': '新北市', 'distName': '新店區', 'address': '國校路65巷9號'}",新北市政府,文化局,新北市板橋區中山路一段161號28樓,(02)29603456,"<a href=""http://nchdb.boch.gov.tw/assets/advanceSearch/historicalBuilding/20150805000002"" target=""_blank"">http://nchdb.boch.gov.tw/assets/advanceSearch/historicalBuilding/20150805000002</a>","[{'classification': '指定/登錄', 'officialDocNo': '新北府文資字第1041387689號', 'registerDate': '2015-08-05 16:45:19.0'}, {'classification': '變更/修正', 'officialDocNo': '新北府文資字第1050850351號', 'registerDate': '2017-05-17 09:41:07.488'}]",宅第,新北市
1074,20150316000001,中壢國小日式宿舍,"{'code': 'A3', 'name': '宅第'}",歷史建築登錄廢止審查及輔助辦法第2條第1項第1、2、3款。,121.220384,24.953845,"{'itemNo': 1, 'cityName': '桃園市', 'distName': '中壢區', 'address': '博愛路52號'}",桃園市政府文化局,文化資產科,桃園市桃園區縣府路21號,03-3322592分機8611,"<a href=""http://nchdb.boch.gov.tw/assets/advanceSearch/historicalBuilding/20150316000001"" target=""_blank"">http://nchdb.boch.gov.tw/assets/advanceSearch/historicalBuilding/20150316000001</a>","[{'classification': '指定/登錄', 'officialDocNo': '府文資字第1040045202號', 'registerDate': '2015-03-16 16:54:13.0'}, {'classification': '變更/修正', 'officialDocNo': '府文資字第10503177111號', 'registerDate': '2016-12-28 00:00:00.0', 'note': '變更建築本體及面積'}]",宅第,桃園市
1074,20150316000001,中壢國小日式宿舍,"{'code': 'A3', 'name': '宅第'}",歷史建築登錄廢止審查及輔助辦法第2條第1項第1、2、3款。,121.220384,24.953845,"{'itemNo': 2, 'cityName': '桃園市', 'distName': '中壢區', 'address': '博愛路56號'}",桃園市政府文化局,文化資產科,桃園市桃園區縣府路21號,03-3322592分機8611,"<a href=""http://nchdb.boch.gov.tw/assets/advanceSearch/historicalBuilding/20150316000001"" target=""_blank"">http://nchdb.boch.gov.tw/assets/advanceSearch/historicalBuilding/20150316000001</a>","[{'classification': '指定/登錄', 'officialDocNo': '府文資字第1040045202號', 'registerDate': '2015-03-16 16:54:13.0'}, {'classification': '變更/修正', 'officialDocNo': '府文資字第10503177111號', 'registerDate': '2016-12-28 00:00:00.0', 'note': '變更建築本體及面積'}]",宅第,桃園市
1075,20150430000002,原中壢高中教師宿舍白馬莊,"{'code': 'A3', 'name': '宅第'}",歷史建築登錄廢止審查及輔助辦法第2條第1項第1、3、4款,121.212463,24.961413,"{'itemNo': 1, 'cityName': '桃園市', 'distName': '中壢區', 'address': '白馬莊76號'}",桃園市政府文化局,文化資產科,桃園市桃園區縣府路21號,03-3322592分機8611,"<a href=""http://nchdb.boch.gov.tw/assets/advanceSearch/historicalBuilding/20150430000002"" target=""_blank"">http://nchdb.boch.gov.tw/assets/advanceSearch/historicalBuilding/20150430000002</a>","[{'classification': '指定/登錄', 'officialDocNo': '府文資字第1040092112號', 'registerDate': '2015-04-30 13:57:13.0'}]",宅第,桃園市
1076,20151119000001,大溪蘭室,"{'code': 'A3', 'name': '宅第'}",<<歷史建築登錄廢止審查及輔助辦法>>第2條第1項第1、2、3款,121.28701245248142,24.881632124661557,"{'itemNo': 1, 'cityName': '桃園市', 'distName': '大溪區', 'address': '中山路11號'}",桃園市政府文化局,文化資產科,桃園市桃園區縣府路21號,03-3322592*8624,"<a href=""http://nchdb.boch.gov.tw/assets/advanceSearch/historicalBuilding/20151119000001"" target=""_blank"">http://nchdb.boch.gov.tw/assets/advanceSearch/historicalBuilding/20151119000001</a>","[{'classification': '指定/登錄', 'officialDocNo': '府文資字第1040298180號', 'registerDate': '2015-11-19 00:00:00.0'}, {'classification': '變更/修正', 'officialDocNo': '府文資字第1050291714號', 'registerDate': '2016-12-05 00:00:00.0', 'note': '變更登錄範圍'}, {'classification': '變更/修正', 'officialDocNo': '府文資字第1080019117號', 'registerDate': '2019-02-12 00:00:00.0', 'note': '擴大登錄範圍'}, {'classification': '變更/修正', 'officialDocNo': '府文資字第1100010846號', 'registerDate': '2021-01-22 00:00:00.0', 'note': '擴大本體範圍'}]",宅第,桃園市
1076,20151119000001,大溪蘭室,"{'code': 'A3', 'name': '宅第'}",<<歷史建築登錄廢止審查及輔助辦法>>第2條第1項第1、2、3款,121.28701245248142,24.881632124661557,"{'itemNo': 2, 'cityName': '桃園市', 'distName': '大溪區', 'address': '中山路13號'}",桃園市政府文化局,文化資產科,桃園市桃園區縣府路21號,03-3322592*8624,"<a href=""http://nchdb.boch.gov.tw/assets/advanceSearch/historicalBuilding/20151119000001"" target=""_blank"">http://nchdb.boch.gov.tw/assets/advanceSearch/historicalBuilding/20151119000001</a>","[{'classification': '指定/登錄', 'officialDocNo': '府文資字第1040298180號', 'registerDate': '2015-11-19 00:00:00.0'}, {'classification': '變更/修正', 'officialDocNo': '府文資字第1050291714號', 'registerDate': '2016-12-05 00:00:00.0', 'note': '變更登錄範圍'}, {'classification': '變更/修正', 'officialDocNo': '府文資字第1080019117號', 'registerDate': '2019-02-12 00:00:00.0', 'note': '擴大登錄範圍'}, {'classification': '變更/修正', 'officialDocNo': '府文資字第1100010846號', 'registerDate': '2021-01-22 00:00:00.0', 'note': '擴大本體範圍'}]",宅第,桃園市
1077,20150624000001,新埔西河堂(林浩流公廳),"{'code': 'A1', 'name': '祠堂'}",<<歷史建築紀念建築登錄廢止審查及輔助辦法>>第2條第1項第1、2、3款,121.042838,24.840485,"{'itemNo': 1, 'cityName': '新竹縣', 'distName': '新埔鎮', 'address': '下寮里義民路三段50號'}",新竹縣政府文化局,文化資產科,302新竹縣竹北市縣政九路146號,03-5510201分機600~612,"<a href=""http://nchdb.boch.gov.tw/assets/advanceSearch/historicalBuilding/20150624000001"" target=""_blank"">http://nchdb.boch.gov.tw/assets/advanceSearch/historicalBuilding/20150624000001</a>","[{'classification': '指定/登錄', 'officialDocNo': '府文資字第1040100081號', 'registerDate': '2015-06-24 13:36:00.0'}, {'classification': '變更/修正', 'officialDocNo': '府授文資字第1089050045號', 'registerDate': '2019-04-12 00:00:00.0'}]",祠堂,新竹縣
1078,20151120000001,後龍過港隧道,"{'code': 'A16', 'name': '產業'}",<<歷史建築登錄廢止審查及輔助辦法>>第2條第1項第1、4款,120.7232991,24.599745,"{'itemNo': 1, 'cityName': '苗栗縣', 'distName': '後龍鎮', 'address': '苗33-1線附近'}",苗栗縣政府文化觀光局,文化資產科,苗栗縣苗栗市自治路50號,037-352961#712,"<a href=""http://nchdb.boch.gov.tw/assets/advanceSearch/historicalBuilding/20151120000001"" target=""_blank"">http://nchdb.boch.gov.tw/assets/advanceSearch/historicalBuilding/20151120000001</a>","[{'classification': '指定/登錄', 'officialDocNo': '府文資字第1040011251C號', 'registerDate': '2015-11-20 17:04:06.0'}]",產業,苗栗縣
1079,20151119000002,後龍國小日式宿舍,"{'code': 'A3', 'name': '宅第'}",<<歷史建築登錄廢止審查及輔助辦法>>第2條第1項第1、4款,120.7936722,24.6137985,"{'itemNo': 1, 'cityName': '苗栗縣', 'distName': '後龍鎮', 'address': '大庄里成功路254號'}",苗栗縣政府文化觀光局,文化資產科,苗栗縣苗栗市自治路50號,(037)352961#712,"<a href=""http://nchdb.boch.gov.tw/assets/advanceSearch/historicalBuilding/20151119000002"" target=""_blank"">http://nchdb.boch.gov.tw/assets/advanceSearch/historicalBuilding/20151119000002</a>","[{'classification': '指定/登錄', 'officialDocNo': '府文資字第1040011216C號', 'registerDate': '2015-11-19 09:11:12.0'}]",宅第,苗栗縣
1080,20140530000004,大村五通宮,"{'code': 'A2', 'name': '寺廟'}",<<歷史建築紀念建築登錄廢止審查及輔助辦法>>第2條第1項第1款,120.534574,23.976031,"{'itemNo': 1, 'cityName': '彰化縣', 'distName': '大村鄉', 'address': '新興村大溪路24號'}",彰化縣政府,彰化縣文化局,彰化縣彰化市卦山路3號,04-7292201,"<a href=""http://nchdb.boch.gov.tw/assets/advanceSearch/historicalBuilding/20140530000004"" target=""_blank"">http://nchdb.boch.gov.tw/assets/advanceSearch/historicalBuilding/20140530000004</a>","[{'classification': '指定/登錄', 'officialDocNo': '府授文資字第1030174024C號', 'registerDate': '2014-05-30 00:00:00.0'}, {'classification': '變更/修正', 'officialDocNo': '府授文資字第1130086695A號', 'registerDate': '2024-03-13 13:19:24.926', 'note': '變更登錄理由'}]",寺廟,彰化縣
1081,20140530000005,大村賴氏旗杆群,"{'code': 'A99', 'name': '其他設施', 'other': '旗杆'}",<<歷史建築登錄及廢止審查辦法>>第2條第1項第1、4款,120.538156,23.983169,"{'itemNo': 1, 'cityName': '彰化縣', 'distName': '大村鄉', 'address': '貢旗村貢旗一巷1號'}",彰化縣政府,彰化縣文化局,彰化縣彰化市卦山路3號,04-7292201,"<a href=""http://nchdb.boch.gov.tw/assets/advanceSearch/historicalBuilding/20140530000005"" target=""_blank"">http://nchdb.boch.gov.tw/assets/advanceSearch/historicalBuilding/20140530000005</a>","[{'classification': '指定/登錄', 'officialDocNo': '府授文資字第1030174024D號', 'registerDate': '2014-05-30 08:48:02.0'}]",其他設施,彰化縣
1082,20140221000001,福住橋暨第二福住橋,"{'code': 'A15', 'name': '橋樑'}",文化資產保存法第15條第1項、歷史建築登錄廢止審查及輔助辦法第2條第1項第1款、第3款、第4款。,121.60884333411055,23.96742485039283,"{'itemNo': 1, 'cityName': '花蓮縣', 'distName': '花蓮市', 'address': '和平路與南濱路交叉口'}",花蓮縣文化局,文化資產科,花蓮縣花蓮市文復路6號,03-8227121#316,"<a href=""http://nchdb.boch.gov.tw/assets/advanceSearch/historicalBuilding/20140221000001"" target=""_blank"">http://nchdb.boch.gov.tw/assets/advanceSearch/historicalBuilding/20140221000001</a>","[{'classification': '指定/登錄', 'officialDocNo': '府文資字第1020013894A號', 'registerDate': '2013-01-21 09:37:54.106'}, {'classification': '廢止/撤銷', 'officialDocNo': '府文資字第1020092614A號', 'registerDate': '2013-06-04 09:37:02.43', 'note': ''}, {'classification': '指定/登錄', 'officialDocNo': '府文資字第1030029729A號', 'registerDate': '2014-02-21 09:39:19.0'}]",橋樑,花蓮縣
1083,20151126000001,林田警察官吏派出所及舊林田派出所,"{'code': 'A20', 'name': '辦公廳舍'}",文化資產保存法第15條、歷史建築登錄廢止審查及輔助辦法第2條第1項第1款、第3款及第4款。,121.467728,23.752546,"{'itemNo': 1, 'cityName': '花蓮縣', 'distName': '鳳林鎮', 'address': '花蓮縣鳳林鎮大榮里復興路71號'}",花蓮縣政府,文化資產科,花蓮縣花蓮市文復路6號,03-8227121#316,"<a href=""http://nchdb.boch.gov.tw/assets/advanceSearch/historicalBuilding/20151126000001"" target=""_blank"">http://nchdb.boch.gov.tw/assets/advanceSearch/historicalBuilding/20151126000001</a>","[{'classification': '指定/登錄', 'officialDocNo': '府文資字第1040230029A號', 'registerDate': '2015-11-26 08:58:49.0'}]",辦公廳舍,花蓮縣
1084,20151126000002,中國廣播股份有限公司花蓮電台（原台灣放送協會花蓮港放送局）,"{'code': 'A20', 'name': '辦公廳舍'}",文化資產保存法第15條、歷史建築登錄廢止審查及輔助辦法第2條第1項第1款、第3款及第4款。,121.614726,23.982955,"{'itemNo': 1, 'cityName': '花蓮縣', 'distName': '花蓮市', 'address': '花蓮縣花蓮市松園街96號'}",花蓮縣政府,文化資產科,花蓮縣花蓮市文復路6號,03-8227121#316,"<a href=""http://nchdb.boch.gov.tw/assets/advanceSearch/historicalBuilding/20151126000002"" target=""_blank"">http://nchdb.boch.gov.tw/assets/advanceSearch/historicalBuilding/20151126000002</a>","[{'classification': '指定/登錄', 'officialDocNo': '府文資字第1040230030A號', 'registerDate': '2015-11-26 18:15:51.0'}]",辦公廳舍,花蓮縣
1085,20150914000002,嘉賓旅社,"{'code': 'A16', 'name': '產業'}","1.文化資產保存法第15條
2.歷史建築登錄廢止審查及輔助辦法第2條辦理。
3.104年6月9日臺東縣文資審議委員會決議辦理。
",121.16455,23.046824,"{'itemNo': 1, 'cityName': '臺東縣', 'distName': '關山鎮', 'address': '臺東縣關山鎮中山路2號'}",臺東縣政府,文化處文化資產科,臺東市南京路25號,089-350129,"<a href=""http://nchdb.boch.gov.tw/assets/advanceSearch/historicalBuilding/20150914000002"" target=""_blank"">http://nchdb.boch.gov.tw/assets/advanceSearch/historicalBuilding/20150914000002</a>","[{'classification': '指定/登錄', 'officialDocNo': '府文資字第1040185678號 ', 'registerDate': '2015-09-14 00:00:00.0'}]",產業,臺東縣
1086,20140401000001,南雄八二三砲戰勝利紀念碑,"{'code': 'A9', 'name': '碑碣'}",<<歷史建築登錄廢止審查及輔助辦法>>第2條第1項第1、2、4款,118.42313,24.44687,"{'itemNo': 1, 'cityName': '金門縣', 'distName': '金湖鎮', 'address': '南雄段350-12地號'}",金門縣政府,金門縣文化局,金門縣金城鎮環島北路一段66號,082-325643#812,"<a href=""http://nchdb.boch.gov.tw/assets/advanceSearch/historicalBuilding/20140401000001"" target=""_blank"">http://nchdb.boch.gov.tw/assets/advanceSearch/historicalBuilding/20140401000001</a>","[{'classification': '指定/登錄', 'officialDocNo': '府文資字第1030024446號', 'registerDate': '2014-04-01 08:05:07.0'}]",碑碣,金門縣
1087,20141128000001,烈嶼中華民國萬歲碑,"{'code': 'A9', 'name': '碑碣'}",<<歷史建築登錄廢止審查及輔助辦法>>第2條第1項第1、2、4款,118.235119,24.427973,"{'itemNo': 1, 'cityName': '金門縣', 'distName': '烈嶼鄉', 'address': '九宮測段660、725-1地號'}",金門縣政府,金門縣文化局,金門縣金城鎮環島北路一段66號,082-325643#812,"<a href=""http://nchdb.boch.gov.tw/assets/advanceSearch/historicalBuilding/20141128000001"" target=""_blank"">http://nchdb.boch.gov.tw/assets/advanceSearch/historicalBuilding/20141128000001</a>","[{'classification': '指定/登錄', 'officialDocNo': '府文資字第1030094868 號', 'registerDate': '2014-11-28 08:09:55.0'}]",碑碣,金門縣
1088,20150622000002,自由塔,"{'code': 'A9', 'name': '碑碣'}",歷史建築登錄廢止審查及輔助辦法第2條第1項第1、2、3、4款。,119.571273,23.569958,"{'itemNo': 1, 'cityName': '澎湖縣', 'distName': '馬公市', 'address': '馬公段227地號上之定著基地。'}",澎湖縣政府文化局,文化資產科,澎湖縣馬公市中華路230號,06-9261141#138,"<a href=""http://nchdb.boch.gov.tw/assets/advanceSearch/historicalBuilding/20150622000002"" target=""_blank"">http://nchdb.boch.gov.tw/assets/advanceSearch/historicalBuilding/20150622000002</a>","[{'classification': '指定/登錄', 'officialDocNo': '府授文資字第10437017502號', 'registerDate': '2015-06-22 13:58:14.0'}]",碑碣,澎湖縣
1089,20060803000002,北投賴氏祖厝,"{'code': 'A1', 'name': '祠堂'}",文化資產保存法、歷史建築紀念建築登錄廢止審查及輔助辦法第2條第1項第3款,121.512711,25.108346,"{'itemNo': 1, 'cityName': '臺北市', 'distName': '北投區', 'address': '文林北路221巷18-1號'}",臺北市政府文化局,文化資產科,臺北市信義區市府路1號4樓東北區,(02)2720-8889,"<a href=""http://nchdb.boch.gov.tw/assets/advanceSearch/historicalBuilding/20060803000002"" target=""_blank"">http://nchdb.boch.gov.tw/assets/advanceSearch/historicalBuilding/20060803000002</a>","[{'classification': '變更/修正', 'officialDocNo': '北市文化文資字第10830421701號', 'registerDate': '2019-12-12 00:00:00.0', 'note': '擴大保存範圍與地號'}, {'classification': '指定/登錄', 'officialDocNo': '府文化二字第09530281400號', 'registerDate': '2006-08-03 00:00:00.0', 'note': '無'}]",祠堂,臺北市
1090,20150626000001,南港衛生大樓,"{'code': 'A6', 'name': '衙署'}",符合歷史建築登錄廢止審查及輔助辦法第2條第1項第1、3款評定基準。,121.594413,25.049152,"{'itemNo': 1, 'cityName': '臺北市', 'distName': '南港區', 'address': '昆陽街161號'}",臺北市政府文化局,文化資產科,臺北市信義區市府路1號4樓東北區,(02)2720-8889,"<a href=""http://nchdb.boch.gov.tw/assets/advanceSearch/historicalBuilding/20150626000001"" target=""_blank"">http://nchdb.boch.gov.tw/assets/advanceSearch/historicalBuilding/20150626000001</a>","[{'classification': '指定/登錄', 'officialDocNo': '北市文化文資字第10430411800號', 'registerDate': '2015-06-26 00:00:00.0', 'note': '無'}]",衙署,臺北市
1091,20151221000001,迪化街一段339號店屋,"{'code': 'A3', 'name': '宅第'}",符合歷史建築登錄廢止審查及輔助辦法第2條第1項第1、4款評定基準。,121.5093224,25.0627687,"{'itemNo': 1, 'cityName': '臺北市', 'distName': '大同區', 'address': '臺北市大同區迪化街1段339號'}",臺北市政府文化局,文化資產科,臺北市信義區市府路1號4樓東北區,(02)2720-8889,"<a href=""http://nchdb.boch.gov.tw/assets/advanceSearch/historicalBuilding/20151221000001"" target=""_blank"">http://nchdb.boch.gov.tw/assets/advanceSearch/historicalBuilding/20151221000001</a>","[{'classification': '指定/登錄', 'officialDocNo': '北市文化文資字第10430466700號', 'registerDate': '2015-12-21 00:00:00.0', 'note': '登錄'}]",宅第,臺北市
1092,20151230000001,北投磺田福佑宮,"{'code': 'A2', 'name': '寺廟'}","文化資產保存法
歷史建築登錄廢止審查及輔助辦法第2條第1項第1、4款",121.4995167,25.1372387,"{'itemNo': 1, 'cityName': '臺北市', 'distName': '北投區', 'address': '大業路667巷8號'}",臺北市政府文化局,文化資產科,臺北市信義區市府路1號4樓東北區,(02)2720-8889,"<a href=""http://nchdb.boch.gov.tw/assets/advanceSearch/historicalBuilding/20151230000001"" target=""_blank"">http://nchdb.boch.gov.tw/assets/advanceSearch/historicalBuilding/20151230000001</a>","[{'classification': '指定/登錄', 'officialDocNo': '北市文化文資字第10430345100號', 'registerDate': '2015-12-30 00:00:00.0', 'note': '登錄歷史建築'}]",寺廟,臺北市
1093,20150901000001,中正橋(川端橋),"{'code': 'A15', 'name': '橋樑'}",符合歷史建築登錄廢止審查及輔助辦法第2條第1項第1、3款評定基準。,121.51661599049339,25.021930719312515,"{'itemNo': 1, 'cityName': '臺北市', 'distName': '中正區', 'address': '本橋梁坐落於臺北市中正區重慶南路三段及新北市永和區永和路二段銜接之橋體'}",臺北市政府文化局,文化資產科,臺北市信義區市府路1號4樓東北區,(02)2720-8889,"<a href=""http://nchdb.boch.gov.tw/assets/advanceSearch/historicalBuilding/20150901000001"" target=""_blank"">http://nchdb.boch.gov.tw/assets/advanceSearch/historicalBuilding/20150901000001</a>","[{'classification': '指定/登錄', 'officialDocNo': '北市文化文資字第10430434700號', 'registerDate': '2015-09-01 00:00:00.0', 'note': '登錄歷史建築'}, {'classification': '變更/修正', 'officialDocNo': '北市文化文資字第10530356100號', 'registerDate': '2016-03-28 00:00:00.0', 'note': '修正定著土地範圍'}]",橋樑,臺北市
1094,20150922000003,楊氏古厝及古井,"{'code': 'A3', 'name': '宅第'}","1.依據文化資產保存法第15條、歷史建築登錄廢止審查及輔助辦法第4條暨臺北市歷史建築登錄及廢止審查作業要點相關規定。
2.符合歷史建築登錄廢止審查及輔助辦法第2條第1項第1、4款評定基準。",121.4966096,25.021694,"{'itemNo': 1, 'cityName': '臺北市', 'distName': '萬華區', 'address': '長泰街179巷5弄5號'}",臺北市政府文化局,文化資產科,臺北市信義區市府路1號4樓東北區,(02)2720-8889,"<a href=""http://nchdb.boch.gov.tw/assets/advanceSearch/historicalBuilding/20150922000003"" target=""_blank"">http://nchdb.boch.gov.tw/assets/advanceSearch/historicalBuilding/20150922000003</a>","[{'classification': '指定/登錄', 'officialDocNo': '北市文化文資字第10430442000號', 'registerDate': '2015-09-22 00:00:00.0', 'note': '登錄歷史建築'}]",宅第,臺北市
1095,20151231000001,原下奎府町郵便局,"{'code': 'A6', 'name': '衙署'}",符合歷史建築登錄廢止審查及輔助辦法第2條第1項第1、3、4款評定基準。,121.5158153,25.0538774,"{'itemNo': 1, 'cityName': '臺北市', 'distName': '大同區', 'address': '南京西路105號'}",臺北市政府文化局,文化資產科,臺北市信義區市府路1號4樓東北區,(02)2720-8889,"<a href=""http://nchdb.boch.gov.tw/assets/advanceSearch/historicalBuilding/20151231000001"" target=""_blank"">http://nchdb.boch.gov.tw/assets/advanceSearch/historicalBuilding/20151231000001</a>","[{'classification': '指定/登錄', 'officialDocNo': '北市文化文資字第10430474900號', 'registerDate': '2015-12-31 00:00:00.0', 'note': '登錄歷史建築'}]",衙署,臺北市
1096,20160130000002,迪化街一段46巷16號店屋,"{'code': 'A3', 'name': '宅第'}",符合歷史建築登錄廢止審查及輔助辦法第2條第1項第1、4款評定基準。,121.509569,25.0549199,"{'itemNo': 1, 'cityName': '臺北市', 'distName': '大同區', 'address': '迪化街1段46巷16號'}",臺北市政府文化局,文化資產科,臺北市信義區市府路1號4樓東北區,(02)2720-8889,"<a href=""http://nchdb.boch.gov.tw/assets/advanceSearch/historicalBuilding/20160130000002"" target=""_blank"">http://nchdb.boch.gov.tw/assets/advanceSearch/historicalBuilding/20160130000002</a>","[{'classification': '指定/登錄', 'officialDocNo': '北市文化文資字第10530352000號', 'registerDate': '2016-01-30 00:00:00.0', 'note': '登錄歷史建築'}]",宅第,臺北市
1097,20151102000001,八斗子清代官煤(主井、風坑),"{'code': 'A16', 'name': '產業'}",《歷史建築登錄廢止審查及輔助辦法》第2條第1項第1、2、3、4款,121.7996032006637,25.127340690715187,"{'itemNo': 1, 'cityName': '基隆市', 'distName': '中正區', 'address': '調和街301-21號附近(主井)'}",基隆市文化觀光局,文化資產科,基隆市中正區信一路181號,02-2422-4170,"<a href=""http://nchdb.boch.gov.tw/assets/advanceSearch/historicalBuilding/20151102000001"" target=""_blank"">http://nchdb.boch.gov.tw/assets/advanceSearch/historicalBuilding/20151102000001</a>","[{'classification': '指定/登錄', 'officialDocNo': '府授文資貳字第1040330139B號', 'registerDate': '2015-11-02 00:00:00.0', 'note': '公告「八斗子清代官煤(主井、風坑)」登錄為本市歷史建築'}]",產業,基隆市
1097,20151102000001,八斗子清代官煤(主井、風坑),"{'code': 'A16', 'name': '產業'}",《歷史建築登錄廢止審查及輔助辦法》第2條第1項第1、2、3、4款,121.7996032006637,25.127340690715187,"{'itemNo': 2, 'cityName': '基隆市', 'distName': '中正區', 'address': '調和街236號附近(風坑)'}",基隆市文化觀光局,文化資產科,基隆市中正區信一路181號,02-2422-4170,"<a href=""http://nchdb.boch.gov.tw/assets/advanceSearch/historicalBuilding/20151102000001"" target=""_blank"">http://nchdb.boch.gov.tw/assets/advanceSearch/historicalBuilding/20151102000001</a>","[{'classification': '指定/登錄', 'officialDocNo': '府授文資貳字第1040330139B號', 'registerDate': '2015-11-02 00:00:00.0', 'note': '公告「八斗子清代官煤(主井、風坑)」登錄為本市歷史建築'}]",產業,基隆市
1098,20151027000003,旭丘指揮所,"{'code': 'A6', 'name': '衙署'}",《歷史建築登錄廢止審查及輔助辦法》第2條第1項第2、3款,121.762171,25.142923,"{'itemNo': 1, 'cityName': '基隆市', 'distName': '中正區', 'address': '正榮街101號'}",基隆市文化觀光局,文化資產科,基隆市中正區信一路181號,(02)2422-4170,"<a href=""http://nchdb.boch.gov.tw/assets/advanceSearch/historicalBuilding/20151027000003"" target=""_blank"">http://nchdb.boch.gov.tw/assets/advanceSearch/historicalBuilding/20151027000003</a>","[{'classification': '指定/登錄', 'officialDocNo': '府授文資貳字第1040330136B號', 'registerDate': '2015-10-27 00:00:00.0', 'note': '公告「旭丘指揮所」登錄為本市歷史建築'}, {'classification': '變更/修正', 'officialDocNo': '府授文資壹字第1050330106E號', 'registerDate': '2016-07-28 00:00:00.0', 'note': '變更公告「旭丘指揮所」定著土地地號及面積'}]",衙署,基隆市
1099,20150813000001,鶯歌國小舊校舍,"{'code': 'A99', 'name': '其他設施', 'other': '舊校舍'}",<<歷史建築登錄廢止審查及輔助辦法>>第2條第1項第1、4款,121.34651268734694,24.95177742357402,"{'itemNo': 1, 'cityName': '新北市', 'distName': '鶯歌區', 'address': '尖山埔路106號'}",新北市政府,文化局,新北市板橋區中山路一段161號28樓,(02)29603456,"<a href=""http://nchdb.boch.gov.tw/assets/advanceSearch/historicalBuilding/20150813000001"" target=""_blank"">http://nchdb.boch.gov.tw/assets/advanceSearch/historicalBuilding/20150813000001</a>","[{'classification': '指定/登錄', 'officialDocNo': '新北府文資字第1041499247號', 'registerDate': '2015-08-13 15:21:55.0'}]",其他設施,新北市
1100,20061113000001,角板山薰風閣,"{'code': 'A99', 'name': '其他設施', 'other': '旅館'}",文化資產保存法、歷史建築登錄廢止審查及輔助辦法，暨桃園縣95年度第二次文化資產審議委員會決議辦理,121.350583935686,24.8132631614263,"{'itemNo': 1, 'cityName': '桃園市', 'distName': '復興區', 'address': '中山路1號'}",桃園市政府文化局,文化資產科,桃園市桃園區縣府路21號,03-3322592#8617,"<a href=""http://nchdb.boch.gov.tw/assets/advanceSearch/historicalBuilding/20061113000001"" target=""_blank"">http://nchdb.boch.gov.tw/assets/advanceSearch/historicalBuilding/20061113000001</a>","[{'classification': '指定/登錄', 'officialDocNo': '府文資字第0951061874號', 'registerDate': '2006-11-13 10:18:20.0'}, {'classification': '變更/修正', 'officialDocNo': '府文資字第10303236382號', 'registerDate': '2015-01-13 00:00:00.0', 'note': '行政改制'}]",其他設施,桃園市
1101,20150817000002,前內政部北區兒童之家宿舍群,"{'code': 'A3', 'name': '宅第'}",符合歷史建築登錄廢止審查及輔助辦法第2條第1項第1、3、4款規定。,121.29763032701037,25.050496301102903,"{'itemNo': 1, 'cityName': '桃園市', 'distName': '蘆竹區', 'address': '長春路5巷1號'}",桃園市政府文化局,文化資產科,桃園市桃園區縣府路21號,03-3322592分機8624,"<a href=""http://nchdb.boch.gov.tw/assets/advanceSearch/historicalBuilding/20150817000002"" target=""_blank"">http://nchdb.boch.gov.tw/assets/advanceSearch/historicalBuilding/20150817000002</a>","[{'classification': '指定/登錄', 'officialDocNo': '府文資字第1040204073號', 'registerDate': '2015-08-17 00:00:00.0'}, {'classification': '變更/修正', 'officialDocNo': '府文資字第10600068701號', 'registerDate': '2017-01-20 00:00:00.0', 'note': '變更登錄範圍'}]",宅第,桃園市
1101,20150817000002,前內政部北區兒童之家宿舍群,"{'code': 'A3', 'name': '宅第'}",符合歷史建築登錄廢止審查及輔助辦法第2條第1項第1、3、4款規定。,121.29763032701037,25.050496301102903,"{'itemNo': 2, 'cityName': '桃園市', 'distName': '蘆竹區', 'address': '吉林路36號'}",桃園市政府文化局,文化資產科,桃園市桃園區縣府路21號,03-3322592分機8624,"<a href=""http://nchdb.boch.gov.tw/assets/advanceSearch/historicalBuilding/20150817000002"" target=""_blank"">http://nchdb.boch.gov.tw/assets/advanceSearch/historicalBuilding/20150817000002</a>","[{'classification': '指定/登錄', 'officialDocNo': '府文資字第1040204073號', 'registerDate': '2015-08-17 00:00:00.0'}, {'classification': '變更/修正', 'officialDocNo': '府文資字第10600068701號', 'registerDate': '2017-01-20 00:00:00.0', 'note': '變更登錄範圍'}]",宅第,桃園市
1101,20150817000002,前內政部北區兒童之家宿舍群,"{'code': 'A3', 'name': '宅第'}",符合歷史建築登錄廢止審查及輔助辦法第2條第1項第1、3、4款規定。,121.29763032701037,25.050496301102903,"{'itemNo': 3, 'cityName': '桃園市', 'distName': '蘆竹區', 'address': '吉林路38號'}",桃園市政府文化局,文化資產科,桃園市桃園區縣府路21號,03-3322592分機8624,"<a href=""http://nchdb.boch.gov.tw/assets/advanceSearch/historicalBuilding/20150817000002"" target=""_blank"">http://nchdb.boch.gov.tw/assets/advanceSearch/historicalBuilding/20150817000002</a>","[{'classification': '指定/登錄', 'officialDocNo': '府文資字第1040204073號', 'registerDate': '2015-08-17 00:00:00.0'}, {'classification': '變更/修正', 'officialDocNo': '府文資字第10600068701號', 'registerDate': '2017-01-20 00:00:00.0', 'note': '變更登錄範圍'}]",宅第,桃園市
1101,20150817000002,前內政部北區兒童之家宿舍群,"{'code': 'A3', 'name': '宅第'}",符合歷史建築登錄廢止審查及輔助辦法第2條第1項第1、3、4款規定。,121.29763032701037,25.050496301102903,"{'itemNo': 4, 'cityName': '桃園市', 'distName': '蘆竹區', 'address': '吉林路40號'}",桃園市政府文化局,文化資產科,桃園市桃園區縣府路21號,03-3322592分機8624,"<a href=""http://nchdb.boch.gov.tw/assets/advanceSearch/historicalBuilding/20150817000002"" target=""_blank"">http://nchdb.boch.gov.tw/assets/advanceSearch/historicalBuilding/20150817000002</a>","[{'classification': '指定/登錄', 'officialDocNo': '府文資字第1040204073號', 'registerDate': '2015-08-17 00:00:00.0'}, {'classification': '變更/修正', 'officialDocNo': '府文資字第10600068701號', 'registerDate': '2017-01-20 00:00:00.0', 'note': '變更登錄範圍'}]",宅第,桃園市
1101,20150817000002,前內政部北區兒童之家宿舍群,"{'code': 'A3', 'name': '宅第'}",符合歷史建築登錄廢止審查及輔助辦法第2條第1項第1、3、4款規定。,121.29763032701037,25.050496301102903,"{'itemNo': 5, 'cityName': '桃園市', 'distName': '蘆竹區', 'address': '吉林路42號'}",桃園市政府文化局,文化資產科,桃園市桃園區縣府路21號,03-3322592分機8624,"<a href=""http://nchdb.boch.gov.tw/assets/advanceSearch/historicalBuilding/20150817000002"" target=""_blank"">http://nchdb.boch.gov.tw/assets/advanceSearch/historicalBuilding/20150817000002</a>","[{'classification': '指定/登錄', 'officialDocNo': '府文資字第1040204073號', 'registerDate': '2015-08-17 00:00:00.0'}, {'classification': '變更/修正', 'officialDocNo': '府文資字第10600068701號', 'registerDate': '2017-01-20 00:00:00.0', 'note': '變更登錄範圍'}]",宅第,桃園市
1101,20150817000002,前內政部北區兒童之家宿舍群,"{'code': 'A3', 'name': '宅第'}",符合歷史建築登錄廢止審查及輔助辦法第2條第1項第1、3、4款規定。,121.29763032701037,25.050496301102903,"{'itemNo': 6, 'cityName': '桃園市', 'distName': '蘆竹區', 'address': '吉林路44號'}",桃園市政府文化局,文化資產科,桃園市桃園區縣府路21號,03-3322592分機8624,"<a href=""http://nchdb.boch.gov.tw/assets/advanceSearch/historicalBuilding/20150817000002"" target=""_blank"">http://nchdb.boch.gov.tw/assets/advanceSearch/historicalBuilding/20150817000002</a>","[{'classification': '指定/登錄', 'officialDocNo': '府文資字第1040204073號', 'registerDate': '2015-08-17 00:00:00.0'}, {'classification': '變更/修正', 'officialDocNo': '府文資字第10600068701號', 'registerDate': '2017-01-20 00:00:00.0', 'note': '變更登錄範圍'}]",宅第,桃園市
1101,20150817000002,前內政部北區兒童之家宿舍群,"{'code': 'A3', 'name': '宅第'}",符合歷史建築登錄廢止審查及輔助辦法第2條第1項第1、3、4款規定。,121.29763032701037,25.050496301102903,"{'itemNo': 7, 'cityName': '桃園市', 'distName': '蘆竹區', 'address': '吉林路46號'}",桃園市政府文化局,文化資產科,桃園市桃園區縣府路21號,03-3322592分機8624,"<a href=""http://nchdb.boch.gov.tw/assets/advanceSearch/historicalBuilding/20150817000002"" target=""_blank"">http://nchdb.boch.gov.tw/assets/advanceSearch/historicalBuilding/20150817000002</a>","[{'classification': '指定/登錄', 'officialDocNo': '府文資字第1040204073號', 'registerDate': '2015-08-17 00:00:00.0'}, {'classification': '變更/修正', 'officialDocNo': '府文資字第10600068701號', 'registerDate': '2017-01-20 00:00:00.0', 'note': '變更登錄範圍'}]",宅第,桃園市
1101,20150817000002,前內政部北區兒童之家宿舍群,"{'code': 'A3', 'name': '宅第'}",符合歷史建築登錄廢止審查及輔助辦法第2條第1項第1、3、4款規定。,121.29763032701037,25.050496301102903,"{'itemNo': 8, 'cityName': '桃園市', 'distName': '蘆竹區', 'address': '長春路3巷1號'}",桃園市政府文化局,文化資產科,桃園市桃園區縣府路21號,03-3322592分機8624,"<a href=""http://nchdb.boch.gov.tw/assets/advanceSearch/historicalBuilding/20150817000002"" target=""_blank"">http://nchdb.boch.gov.tw/assets/advanceSearch/historicalBuilding/20150817000002</a>","[{'classification': '指定/登錄', 'officialDocNo': '府文資字第1040204073號', 'registerDate': '2015-08-17 00:00:00.0'}, {'classification': '變更/修正', 'officialDocNo': '府文資字第10600068701號', 'registerDate': '2017-01-20 00:00:00.0', 'note': '變更登錄範圍'}]",宅第,桃園市
1101,20150817000002,前內政部北區兒童之家宿舍群,"{'code': 'A3', 'name': '宅第'}",符合歷史建築登錄廢止審查及輔助辦法第2條第1項第1、3、4款規定。,121.29763032701037,25.050496301102903,"{'itemNo': 9, 'cityName': '桃園市', 'distName': '蘆竹區', 'address': '長春路3巷2號'}",桃園市政府文化局,文化資產科,桃園市桃園區縣府路21號,03-3322592分機8624,"<a href=""http://nchdb.boch.gov.tw/assets/advanceSearch/historicalBuilding/20150817000002"" target=""_blank"">http://nchdb.boch.gov.tw/assets/advanceSearch/historicalBuilding/20150817000002</a>","[{'classification': '指定/登錄', 'officialDocNo': '府文資字第1040204073號', 'registerDate': '2015-08-17 00:00:00.0'}, {'classification': '變更/修正', 'officialDocNo': '府文資字第10600068701號', 'registerDate': '2017-01-20 00:00:00.0', 'note': '變更登錄範圍'}]",宅第,桃園市
1101,20150817000002,前內政部北區兒童之家宿舍群,"{'code': 'A3', 'name': '宅第'}",符合歷史建築登錄廢止審查及輔助辦法第2條第1項第1、3、4款規定。,121.29763032701037,25.050496301102903,"{'itemNo': 10, 'cityName': '桃園市', 'distName': '蘆竹區', 'address': '長春路3巷3號'}",桃園市政府文化局,文化資產科,桃園市桃園區縣府路21號,03-3322592分機8624,"<a href=""http://nchdb.boch.gov.tw/assets/advanceSearch/historicalBuilding/20150817000002"" target=""_blank"">http://nchdb.boch.gov.tw/assets/advanceSearch/historicalBuilding/20150817000002</a>","[{'classification': '指定/登錄', 'officialDocNo': '府文資字第1040204073號', 'registerDate': '2015-08-17 00:00:00.0'}, {'classification': '變更/修正', 'officialDocNo': '府文資字第10600068701號', 'registerDate': '2017-01-20 00:00:00.0', 'note': '變更登錄範圍'}]",宅第,桃園市
1101,20150817000002,前內政部北區兒童之家宿舍群,"{'code': 'A3', 'name': '宅第'}",符合歷史建築登錄廢止審查及輔助辦法第2條第1項第1、3、4款規定。,121.29763032701037,25.050496301102903,"{'itemNo': 11, 'cityName': '桃園市', 'distName': '蘆竹區', 'address': '長春路3巷4號'}",桃園市政府文化局,文化資產科,桃園市桃園區縣府路21號,03-3322592分機8624,"<a href=""http://nchdb.boch.gov.tw/assets/advanceSearch/historicalBuilding/20150817000002"" target=""_blank"">http://nchdb.boch.gov.tw/assets/advanceSearch/historicalBuilding/20150817000002</a>","[{'classification': '指定/登錄', 'officialDocNo': '府文資字第1040204073號', 'registerDate': '2015-08-17 00:00:00.0'}, {'classification': '變更/修正', 'officialDocNo': '府文資字第10600068701號', 'registerDate': '2017-01-20 00:00:00.0', 'note': '變更登錄範圍'}]",宅第,桃園市
1101,20150817000002,前內政部北區兒童之家宿舍群,"{'code': 'A3', 'name': '宅第'}",符合歷史建築登錄廢止審查及輔助辦法第2條第1項第1、3、4款規定。,121.29763032701037,25.050496301102903,"{'itemNo': 12, 'cityName': '桃園市', 'distName': '蘆竹區', 'address': '長春路3巷5號'}",桃園市政府文化局,文化資產科,桃園市桃園區縣府路21號,03-3322592分機8624,"<a href=""http://nchdb.boch.gov.tw/assets/advanceSearch/historicalBuilding/20150817000002"" target=""_blank"">http://nchdb.boch.gov.tw/assets/advanceSearch/historicalBuilding/20150817000002</a>","[{'classification': '指定/登錄', 'officialDocNo': '府文資字第1040204073號', 'registerDate': '2015-08-17 00:00:00.0'}, {'classification': '變更/修正', 'officialDocNo': '府文資字第10600068701號', 'registerDate': '2017-01-20 00:00:00.0', 'note': '變更登錄範圍'}]",宅第,桃園市
1101,20150817000002,前內政部北區兒童之家宿舍群,"{'code': 'A3', 'name': '宅第'}",符合歷史建築登錄廢止審查及輔助辦法第2條第1項第1、3、4款規定。,121.29763032701037,25.050496301102903,"{'itemNo': 13, 'cityName': '桃園市', 'distName': '蘆竹區', 'address': '長春路1巷1號'}",桃園市政府文化局,文化資產科,桃園市桃園區縣府路21號,03-3322592分機8624,"<a href=""http://nchdb.boch.gov.tw/assets/advanceSearch/historicalBuilding/20150817000002"" target=""_blank"">http://nchdb.boch.gov.tw/assets/advanceSearch/historicalBuilding/20150817000002</a>","[{'classification': '指定/登錄', 'officialDocNo': '府文資字第1040204073號', 'registerDate': '2015-08-17 00:00:00.0'}, {'classification': '變更/修正', 'officialDocNo': '府文資字第10600068701號', 'registerDate': '2017-01-20 00:00:00.0', 'note': '變更登錄範圍'}]",宅第,桃園市
1101,20150817000002,前內政部北區兒童之家宿舍群,"{'code': 'A3', 'name': '宅第'}",符合歷史建築登錄廢止審查及輔助辦法第2條第1項第1、3、4款規定。,121.29763032701037,25.050496301102903,"{'itemNo': 14, 'cityName': '桃園市', 'distName': '蘆竹區', 'address': '長春路1巷2號'}",桃園市政府文化局,文化資產科,桃園市桃園區縣府路21號,03-3322592分機8624,"<a href=""http://nchdb.boch.gov.tw/assets/advanceSearch/historicalBuilding/20150817000002"" target=""_blank"">http://nchdb.boch.gov.tw/assets/advanceSearch/historicalBuilding/20150817000002</a>","[{'classification': '指定/登錄', 'officialDocNo': '府文資字第1040204073號', 'registerDate': '2015-08-17 00:00:00.0'}, {'classification': '變更/修正', 'officialDocNo': '府文資字第10600068701號', 'registerDate': '2017-01-20 00:00:00.0', 'note': '變更登錄範圍'}]",宅第,桃園市
1101,20150817000002,前內政部北區兒童之家宿舍群,"{'code': 'A3', 'name': '宅第'}",符合歷史建築登錄廢止審查及輔助辦法第2條第1項第1、3、4款規定。,121.29763032701037,25.050496301102903,"{'itemNo': 15, 'cityName': '桃園市', 'distName': '蘆竹區', 'address': '長春路1巷3號'}",桃園市政府文化局,文化資產科,桃園市桃園區縣府路21號,03-3322592分機8624,"<a href=""http://nchdb.boch.gov.tw/assets/advanceSearch/historicalBuilding/20150817000002"" target=""_blank"">http://nchdb.boch.gov.tw/assets/advanceSearch/historicalBuilding/20150817000002</a>","[{'classification': '指定/登錄', 'officialDocNo': '府文資字第1040204073號', 'registerDate': '2015-08-17 00:00:00.0'}, {'classification': '變更/修正', 'officialDocNo': '府文資字第10600068701號', 'registerDate': '2017-01-20 00:00:00.0', 'note': '變更登錄範圍'}]",宅第,桃園市
1101,20150817000002,前內政部北區兒童之家宿舍群,"{'code': 'A3', 'name': '宅第'}",符合歷史建築登錄廢止審查及輔助辦法第2條第1項第1、3、4款規定。,121.29763032701037,25.050496301102903,"{'itemNo': 16, 'cityName': '桃園市', 'distName': '蘆竹區', 'address': '長春路1巷4號'}",桃園市政府文化局,文化資產科,桃園市桃園區縣府路21號,03-3322592分機8624,"<a href=""http://nchdb.boch.gov.tw/assets/advanceSearch/historicalBuilding/20150817000002"" target=""_blank"">http://nchdb.boch.gov.tw/assets/advanceSearch/historicalBuilding/20150817000002</a>","[{'classification': '指定/登錄', 'officialDocNo': '府文資字第1040204073號', 'registerDate': '2015-08-17 00:00:00.0'}, {'classification': '變更/修正', 'officialDocNo': '府文資字第10600068701號', 'registerDate': '2017-01-20 00:00:00.0', 'note': '變更登錄範圍'}]",宅第,桃園市
1101,20150817000002,前內政部北區兒童之家宿舍群,"{'code': 'A3', 'name': '宅第'}",符合歷史建築登錄廢止審查及輔助辦法第2條第1項第1、3、4款規定。,121.29763032701037,25.050496301102903,"{'itemNo': 17, 'cityName': '桃園市', 'distName': '蘆竹區', 'address': '長春路1巷5號'}",桃園市政府文化局,文化資產科,桃園市桃園區縣府路21號,03-3322592分機8624,"<a href=""http://nchdb.boch.gov.tw/assets/advanceSearch/historicalBuilding/20150817000002"" target=""_blank"">http://nchdb.boch.gov.tw/assets/advanceSearch/historicalBuilding/20150817000002</a>","[{'classification': '指定/登錄', 'officialDocNo': '府文資字第1040204073號', 'registerDate': '2015-08-17 00:00:00.0'}, {'classification': '變更/修正', 'officialDocNo': '府文資字第10600068701號', 'registerDate': '2017-01-20 00:00:00.0', 'note': '變更登錄範圍'}]",宅第,桃園市
1101,20150817000002,前內政部北區兒童之家宿舍群,"{'code': 'A3', 'name': '宅第'}",符合歷史建築登錄廢止審查及輔助辦法第2條第1項第1、3、4款規定。,121.29763032701037,25.050496301102903,"{'itemNo': 18, 'cityName': '桃園市', 'distName': '蘆竹區', 'address': '長春路1巷6號'}",桃園市政府文化局,文化資產科,桃園市桃園區縣府路21號,03-3322592分機8624,"<a href=""http://nchdb.boch.gov.tw/assets/advanceSearch/historicalBuilding/20150817000002"" target=""_blank"">http://nchdb.boch.gov.tw/assets/advanceSearch/historicalBuilding/20150817000002</a>","[{'classification': '指定/登錄', 'officialDocNo': '府文資字第1040204073號', 'registerDate': '2015-08-17 00:00:00.0'}, {'classification': '變更/修正', 'officialDocNo': '府文資字第10600068701號', 'registerDate': '2017-01-20 00:00:00.0', 'note': '變更登錄範圍'}]",宅第,桃園市
1102,20150316000002,舊桃園縣警察局桃園分局,"{'code': 'A6', 'name': '衙署'}",「歷史建築登錄廢止審查及補助辦法」第2條第1項第1、3、4款,121.312114,24.990036,"{'itemNo': 1, 'cityName': '桃園市', 'distName': '桃園區', 'address': '復興路135號'}",桃園市政府文化局,文化資產科,桃園市桃園區 縣府路21號,03-3322592分機8607,"<a href=""http://nchdb.boch.gov.tw/assets/advanceSearch/historicalBuilding/20150316000002"" target=""_blank"">http://nchdb.boch.gov.tw/assets/advanceSearch/historicalBuilding/20150316000002</a>","[{'classification': '指定/登錄', 'officialDocNo': '府文資字第1040046311號', 'registerDate': '2015-03-16 10:13:18.0'}]",衙署,桃園市
1103,20160112000001,大井確士紀念碑,"{'code': 'A9', 'name': '碑碣'}",<<歷史建築登錄廢止審查及輔助辦法>>第2條第1項第1、4款,120.7121656,24.5689833,"{'itemNo': 1, 'cityName': '苗栗縣', 'distName': '通霄鎮', 'address': '台一線拱天宮牌樓前，東龍宮後方小山丘'}",苗栗縣政府文化觀光局,文化資產科,苗栗縣苗栗市自治路50號,037-352961#712,"<a href=""http://nchdb.boch.gov.tw/assets/advanceSearch/historicalBuilding/20160112000001"" target=""_blank"">http://nchdb.boch.gov.tw/assets/advanceSearch/historicalBuilding/20160112000001</a>","[{'classification': '指定/登錄', 'officialDocNo': '府文資字第1050000380C號', 'registerDate': '2016-01-12 10:24:18.0'}, {'classification': '變更/修正', 'officialDocNo': '府文資字第1050006293C號', 'registerDate': '2016-07-04 00:00:00.0'}]",碑碣,苗栗縣
1104,20151026000001,新竹站1-5號倉庫,"{'code': 'A16', 'name': '產業'}",<<歷史建築登錄廢止審查及輔助辦法>>第2條第1項第1、3、4款,120.977462,24.804412,"{'itemNo': 1, 'cityName': '新竹市', 'distName': '東區', 'address': '新竹市花園街64號'}",新竹市文化局,新竹市文化局文化資產科,300新竹市北區中央路109號,03-5425079,"<a href=""http://nchdb.boch.gov.tw/assets/advanceSearch/historicalBuilding/20151026000001"" target=""_blank"">http://nchdb.boch.gov.tw/assets/advanceSearch/historicalBuilding/20151026000001</a>","[{'classification': '指定/登錄', 'officialDocNo': '府授文資字第1040156728號', 'registerDate': '2015-10-26 00:00:00.0'}]",產業,新竹市
1105,20031215000009,屏東演武場,"{'code': 'A99', 'name': '其他設施', 'other': '建築物類'}",《文化資產保存法》第15條暨《歷史建築登錄廢止審查及輔助辦法》第2條第1、2、3、4登錄評定基準辦理,120.490402392894,22.6745256807584,"{'itemNo': 1, 'cityName': '屏東縣', 'distName': '屏東市', 'address': '公園路28 號'}",屏東縣政府,屏東縣文化資產保護所,屏東縣屏東市菸廠路1號	,08-7227001,"<a href=""http://nchdb.boch.gov.tw/assets/advanceSearch/historicalBuilding/20031215000009"" target=""_blank"">http://nchdb.boch.gov.tw/assets/advanceSearch/historicalBuilding/20031215000009</a>","[{'classification': '指定/登錄', 'officialDocNo': '屏府文資字第0920133591號', 'registerDate': '2003-08-06 00:00:00.0'}, {'classification': '變更/修正', 'officialDocNo': '屏府文保字第10430501800號', 'registerDate': '2015-12-03 00:00:00.0'}]",其他設施,屏東縣
1106,20061207000006,龍目井（和平島紅毛井）,"{'code': 'A99', 'name': '其他設施', 'other': '水井'}",<<歷史建築登錄廢止審查及輔助辦法>>第2條第1項第1、2款,121.770261,25.156992,"{'itemNo': 1, 'cityName': '基隆市', 'distName': '中正區', 'address': '和平島和一路2巷'}",基隆市文化觀光局,文化資產科,基隆市中正區信一路181號,(02)2422-4170,"<a href=""http://nchdb.boch.gov.tw/assets/advanceSearch/historicalBuilding/20061207000006"" target=""_blank"">http://nchdb.boch.gov.tw/assets/advanceSearch/historicalBuilding/20061207000006</a>","[{'classification': '指定/登錄', 'officialDocNo': '基府文資壹第0950145209B', 'registerDate': '2006-12-07 00:00:00.0', 'note': '登錄「龍目井」為歷史建築'}]",其他設施,基隆市
1107,20160111000001,台糖紙漿廠原料倉庫,"{'code': 'A16', 'name': '產業'}",文化資產保存法第15條暨歷史建築紀念建築登錄廢止審查及輔助辦法第2條第1項第1、3、4款登錄評定基準。,120.495593,22.659225,"{'itemNo': 1, 'cityName': '屏東縣', 'distName': '屏東市', 'address': '台糖街66號'}",屏東縣政府,屏東縣文化資產保護所,屏東縣屏東市菸廠路1號	,08-7210234,"<a href=""http://nchdb.boch.gov.tw/assets/advanceSearch/historicalBuilding/20160111000001"" target=""_blank"">http://nchdb.boch.gov.tw/assets/advanceSearch/historicalBuilding/20160111000001</a>","[{'classification': '指定/登錄', 'officialDocNo': '屏府文保字第10530007000號', 'registerDate': '2016-01-11 08:53:14.0'}]",產業,屏東縣
1108,20151111000001,里港郵便局及其附屬設施,"{'code': 'A99', 'name': '其他設施', 'other': ''}",文化資產保存法第15條暨歷史建築登錄廢止審查及輔助辦法第2條第1項第1、2款登錄評定基準,120.494528,22.778056,"{'itemNo': 1, 'cityName': '屏東縣', 'distName': '里港鄉', 'address': '中山路74號'}",屏東縣政府,屏東縣文化資產保護所,屏東縣屏東市菸廠路1號	,08-7210234,"<a href=""http://nchdb.boch.gov.tw/assets/advanceSearch/historicalBuilding/20151111000001"" target=""_blank"">http://nchdb.boch.gov.tw/assets/advanceSearch/historicalBuilding/20151111000001</a>","[{'classification': '指定/登錄', 'officialDocNo': '屏府文保字第10430473800號', 'registerDate': '2015-11-11 08:38:33.0'}]",其他設施,屏東縣
1109,20151225000001,明禮路日式宿舍,"{'code': 'A3', 'name': '宅第'}",文化資產保存法第15條、歷史建築登錄廢止審查及輔助辦法第2條第1項第1款、第3款及第4款。,121.609212,23.981797,"{'itemNo': 1, 'cityName': '花蓮縣', 'distName': '花蓮市', 'address': '花蓮縣花蓮市明禮路14巷2號'}",花蓮縣政府,文化資產科,花蓮縣花蓮市文復路6號,03-8227121#313,"<a href=""http://nchdb.boch.gov.tw/assets/advanceSearch/historicalBuilding/20151225000001"" target=""_blank"">http://nchdb.boch.gov.tw/assets/advanceSearch/historicalBuilding/20151225000001</a>","[{'classification': '指定/登錄', 'officialDocNo': '府文資字第1040252331A號', 'registerDate': '2015-12-25 00:00:00.0'}]",宅第,花蓮縣
1110,20151229000001,花蓮港廳吉野村煙草耕作指導所,"{'code': 'A20', 'name': '辦公廳舍'}",文化資產保存法第15條第1項、歷史建築登錄廢止審查及輔辦法第2條第1項第1款、第3款、第4款。,121.563753,23.974001,"{'itemNo': 1, 'cityName': '花蓮縣', 'distName': '吉安鄉', 'address': '花蓮縣吉安鄉吉安路二段136號'}",花蓮縣文化局,文化資產科,花蓮縣花蓮市文復路6號,03-8227121-316,"<a href=""http://nchdb.boch.gov.tw/assets/advanceSearch/historicalBuilding/20151229000001"" target=""_blank"">http://nchdb.boch.gov.tw/assets/advanceSearch/historicalBuilding/20151229000001</a>","[{'classification': '指定/登錄', 'officialDocNo': '府文資字第1040251691A', 'registerDate': '2015-12-29 17:14:25.0'}]",辦公廳舍,花蓮縣
1111,20150701000001,天龍吊橋,"{'code': 'A15', 'name': '橋樑'}","1.文化資產保存法第15條
2.歷史建築登錄廢止審查及輔助辦法第2條
3.臺東縣92年12月31日府文資字第0923028169號公告暨104年6月9日臺東縣104年度第1次文資審議委員會決議。
",121.04213396401663,23.173844016275883,"{'itemNo': 1, 'cityName': '臺東縣', 'distName': '海端鄉', 'address': '臺東縣海端鄉霧鹿村1-1號（天龍飯店）後方'}",臺東縣政府,文化處文化資產科,臺東市南京路25號,089-350129,"<a href=""http://nchdb.boch.gov.tw/assets/advanceSearch/historicalBuilding/20150701000001"" target=""_blank"">http://nchdb.boch.gov.tw/assets/advanceSearch/historicalBuilding/20150701000001</a>","[{'classification': '指定/登錄', 'officialDocNo': '府文資字第0923028169號', 'registerDate': '2003-12-31 00:00:00.0'}, {'classification': '變更/修正', 'officialDocNo': '府文資字第 1040130230 號', 'registerDate': '2015-07-01 09:37:10.0'}]",橋樑,臺東縣
1112,20120510000002,臺東市長官舍建築群,"{'code': 'A17', 'name': '官邸'}","1.文化資產保存法第15條規定
2.歷史建築登錄廢止審查及輔助辦法第2條規定
3.100年12月27日臺東縣文資審議委員會決議辦理。",121.15321667787697,22.758286017259056,"{'itemNo': 1, 'cityName': '臺東縣', 'distName': '臺東市', 'address': '臺東縣臺東市中山路164、166、172、174、182、184號'}",臺東縣政府, 文化處文化資產科,臺東市南京路25號,089-350129,"<a href=""http://nchdb.boch.gov.tw/assets/advanceSearch/historicalBuilding/20120510000002"" target=""_blank"">http://nchdb.boch.gov.tw/assets/advanceSearch/historicalBuilding/20120510000002</a>","[{'classification': '指定/登錄', 'officialDocNo': '府文資字第1010034643 號', 'registerDate': '2012-02-24 12:20:07.823'}, {'classification': '變更/修正', 'officialDocNo': '府文資字第1010087254號', 'registerDate': '2012-05-10 08:41:45.721'}, {'classification': '變更/修正', 'officialDocNo': '府文資字第1130063105號', 'registerDate': '2024-03-26 16:50:35.281'}]",官邸,臺東縣
1113,20130805000002,風櫃尾74號古宅,"{'code': 'A3', 'name': '宅第'}",<<歷史建築登錄廢止審查及輔助辦法>>第2條第1項第2、3款,119.546727,23.540005,"{'itemNo': 1, 'cityName': '澎湖縣', 'distName': '馬公市', 'address': '風櫃里74號'}",澎湖縣政府文化局,文化資產科,澎湖縣馬公市中華路230號,06-9261141#138,"<a href=""http://nchdb.boch.gov.tw/assets/advanceSearch/historicalBuilding/20130805000002"" target=""_blank"">http://nchdb.boch.gov.tw/assets/advanceSearch/historicalBuilding/20130805000002</a>","[{'classification': '指定/登錄', 'officialDocNo': '府授文資字第1023701984號', 'registerDate': '2013-08-05 15:32:13.0'}, {'classification': '變更/修正', 'officialDocNo': '府授文資字第10437016692號', 'registerDate': '2015-06-09 15:58:07.884', 'note': '公告更正歷史建築「風櫃尾74號古宅」名稱、地址及其所定著土地之範圍。'}]",宅第,澎湖縣
1114,20160301000001,大稻埕葉晋發商號,"{'code': 'A3', 'name': '宅第'}",符合歷史建築登錄廢止審查及輔助辦法第2條第1項第1、4款評定基準。,121.5091991,25.0613034,"{'itemNo': 1, 'cityName': '臺北市', 'distName': '大同區', 'address': '迪化街1段296號'}",臺北市政府文化局,文化資產科,臺北市信義區市府路1號4樓東北區,(02)2720-8889,"<a href=""http://nchdb.boch.gov.tw/assets/advanceSearch/historicalBuilding/20160301000001"" target=""_blank"">http://nchdb.boch.gov.tw/assets/advanceSearch/historicalBuilding/20160301000001</a>","[{'classification': '指定/登錄', 'officialDocNo': '北市文化文資字第10530360300號', 'registerDate': '2016-03-01 00:00:00.0', 'note': '登錄歷史建築'}]",宅第,臺北市
1115,20160129000002,民生西路333號及延平北路二段111、113、115號店屋,"{'code': 'A3', 'name': '宅第'}",符合歷史建築登錄廢止審查及輔助辦法第2條第1項第1、4款評定基準,121.511772,25.0570974,"{'itemNo': 1, 'cityName': '臺北市', 'distName': '大同區', 'address': '民生西路333號'}",臺北市政府文化局,文化資產科,臺北市信義區市府路1號4樓東北區,(02)2720-8889,"<a href=""http://nchdb.boch.gov.tw/assets/advanceSearch/historicalBuilding/20160129000002"" target=""_blank"">http://nchdb.boch.gov.tw/assets/advanceSearch/historicalBuilding/20160129000002</a>","[{'classification': '指定/登錄', 'officialDocNo': '文化文資字第10530352300號', 'registerDate': '2016-01-29 00:00:00.0', 'note': '登錄'}]",宅第,臺北市
1115,20160129000002,民生西路333號及延平北路二段111、113、115號店屋,"{'code': 'A3', 'name': '宅第'}",符合歷史建築登錄廢止審查及輔助辦法第2條第1項第1、4款評定基準,121.511772,25.0570974,"{'itemNo': 2, 'cityName': '臺北市', 'distName': '大同區', 'address': '延平北路二段111號'}",臺北市政府文化局,文化資產科,臺北市信義區市府路1號4樓東北區,(02)2720-8889,"<a href=""http://nchdb.boch.gov.tw/assets/advanceSearch/historicalBuilding/20160129000002"" target=""_blank"">http://nchdb.boch.gov.tw/assets/advanceSearch/historicalBuilding/20160129000002</a>","[{'classification': '指定/登錄', 'officialDocNo': '文化文資字第10530352300號', 'registerDate': '2016-01-29 00:00:00.0', 'note': '登錄'}]",宅第,臺北市
1115,20160129000002,民生西路333號及延平北路二段111、113、115號店屋,"{'code': 'A3', 'name': '宅第'}",符合歷史建築登錄廢止審查及輔助辦法第2條第1項第1、4款評定基準,121.511772,25.0570974,"{'itemNo': 3, 'cityName': '臺北市', 'distName': '大同區', 'address': '延平北路二段113號'}",臺北市政府文化局,文化資產科,臺北市信義區市府路1號4樓東北區,(02)2720-8889,"<a href=""http://nchdb.boch.gov.tw/assets/advanceSearch/historicalBuilding/20160129000002"" target=""_blank"">http://nchdb.boch.gov.tw/assets/advanceSearch/historicalBuilding/20160129000002</a>","[{'classification': '指定/登錄', 'officialDocNo': '文化文資字第10530352300號', 'registerDate': '2016-01-29 00:00:00.0', 'note': '登錄'}]",宅第,臺北市
1115,20160129000002,民生西路333號及延平北路二段111、113、115號店屋,"{'code': 'A3', 'name': '宅第'}",符合歷史建築登錄廢止審查及輔助辦法第2條第1項第1、4款評定基準,121.511772,25.0570974,"{'itemNo': 4, 'cityName': '臺北市', 'distName': '大同區', 'address': '延平北路二段115號'}",臺北市政府文化局,文化資產科,臺北市信義區市府路1號4樓東北區,(02)2720-8889,"<a href=""http://nchdb.boch.gov.tw/assets/advanceSearch/historicalBuilding/20160129000002"" target=""_blank"">http://nchdb.boch.gov.tw/assets/advanceSearch/historicalBuilding/20160129000002</a>","[{'classification': '指定/登錄', 'officialDocNo': '文化文資字第10530352300號', 'registerDate': '2016-01-29 00:00:00.0', 'note': '登錄'}]",宅第,臺北市
1116,20160323000001,西寧北路86巷8、12、14號店屋,"{'code': 'A3', 'name': '宅第'}","1.依據文化資產保存法第15條、歷史建築登錄廢止審查及輔助辦法辦理。
2.符合歷史建築登錄廢止審查及輔助辦法第2條第1項第1、3、4款評定基準。",121.5087375,25.0551602,"{'itemNo': 1, 'cityName': '臺北市', 'distName': '大同區', 'address': '西寧北路86巷8號'}",臺北市政府文化局,文化資產科,臺北市信義區市府路1號4樓東北區,(02)2720-8889,"<a href=""http://nchdb.boch.gov.tw/assets/advanceSearch/historicalBuilding/20160323000001"" target=""_blank"">http://nchdb.boch.gov.tw/assets/advanceSearch/historicalBuilding/20160323000001</a>","[{'classification': '指定/登錄', 'officialDocNo': '北市文化文資字第10530377100號', 'registerDate': '2016-03-23 00:00:00.0', 'note': '登錄'}]",宅第,臺北市
1116,20160323000001,西寧北路86巷8、12、14號店屋,"{'code': 'A3', 'name': '宅第'}","1.依據文化資產保存法第15條、歷史建築登錄廢止審查及輔助辦法辦理。
2.符合歷史建築登錄廢止審查及輔助辦法第2條第1項第1、3、4款評定基準。",121.5087375,25.0551602,"{'itemNo': 2, 'cityName': '臺北市', 'distName': '大同區', 'address': '西寧北路86巷12號'}",臺北市政府文化局,文化資產科,臺北市信義區市府路1號4樓東北區,(02)2720-8889,"<a href=""http://nchdb.boch.gov.tw/assets/advanceSearch/historicalBuilding/20160323000001"" target=""_blank"">http://nchdb.boch.gov.tw/assets/advanceSearch/historicalBuilding/20160323000001</a>","[{'classification': '指定/登錄', 'officialDocNo': '北市文化文資字第10530377100號', 'registerDate': '2016-03-23 00:00:00.0', 'note': '登錄'}]",宅第,臺北市
1116,20160323000001,西寧北路86巷8、12、14號店屋,"{'code': 'A3', 'name': '宅第'}","1.依據文化資產保存法第15條、歷史建築登錄廢止審查及輔助辦法辦理。
2.符合歷史建築登錄廢止審查及輔助辦法第2條第1項第1、3、4款評定基準。",121.5087375,25.0551602,"{'itemNo': 3, 'cityName': '臺北市', 'distName': '大同區', 'address': '西寧北路86巷14號'}",臺北市政府文化局,文化資產科,臺北市信義區市府路1號4樓東北區,(02)2720-8889,"<a href=""http://nchdb.boch.gov.tw/assets/advanceSearch/historicalBuilding/20160323000001"" target=""_blank"">http://nchdb.boch.gov.tw/assets/advanceSearch/historicalBuilding/20160323000001</a>","[{'classification': '指定/登錄', 'officialDocNo': '北市文化文資字第10530377100號', 'registerDate': '2016-03-23 00:00:00.0', 'note': '登錄'}]",宅第,臺北市
1117,20160225000001,臺南永福路孫宅,"{'code': 'A3', 'name': '宅第'}",歷史建築登錄廢止審查及輔助辦法第2條第1項第1及第3款。,120.200983,22.99308,"{'itemNo': 1, 'cityName': '臺南市', 'distName': '中西區', 'address': '永福路二段77號'}",臺南市政府,臺南市文化資產管理處,臺南市中西區中正路5巷1號3樓,06-2213569,"<a href=""http://nchdb.boch.gov.tw/assets/advanceSearch/historicalBuilding/20160225000001"" target=""_blank"">http://nchdb.boch.gov.tw/assets/advanceSearch/historicalBuilding/20160225000001</a>","[{'classification': '指定/登錄', 'officialDocNo': '府文資處字第1050076902B號', 'registerDate': '2016-02-25 10:05:31.0'}]",宅第,臺南市
1118,20160225000002,二層行溪舊公路橋,"{'code': 'A15', 'name': '橋樑'}",《歷史建築登錄廢止審查及輔助辦法》第2條第1項第1及第3款。,120.224691,22.914886,"{'itemNo': 1, 'cityName': '臺南市', 'distName': '仁德區', 'address': '省道臺一線跨二仁溪旁'}",臺南市政府,臺南市文化資產管理處,臺南市中西區中正路5巷1號,06-2213597,"<a href=""http://nchdb.boch.gov.tw/assets/advanceSearch/historicalBuilding/20160225000002"" target=""_blank"">http://nchdb.boch.gov.tw/assets/advanceSearch/historicalBuilding/20160225000002</a>","[{'classification': '指定/登錄', 'officialDocNo': '府文資處字第1050110416B號', 'registerDate': '2016-02-25 10:33:03.0'}]",橋樑,臺南市
1119,20041007000006,舊宜蘭農林學校修養室,"{'code': 'A99', 'name': '其他設施', 'other': '建築物類'}",文化資產保存法第廿七條之一暨歷史建築登錄及補助辦法第七條,121.747632736756,24.747174982987,"{'itemNo': 1, 'cityName': '宜蘭縣', 'distName': '宜蘭市', 'address': '神農路一段1號'}",宜蘭縣政府文化局,文化資產科,宜蘭縣五結鄉中正路二段6之8號,03-9322440*652,"<a href=""http://nchdb.boch.gov.tw/assets/advanceSearch/historicalBuilding/20041007000006"" target=""_blank"">http://nchdb.boch.gov.tw/assets/advanceSearch/historicalBuilding/20041007000006</a>","[{'classification': '指定/登錄', 'officialDocNo': '府文資字第0930005150號', 'registerDate': '2004-10-07 17:02:37.0'}, {'classification': '變更/修正', 'officialDocNo': '府文資字第1030004776F號', 'registerDate': '2014-06-30 00:00:00.0', 'note': '修正歷史建築名稱'}]",其他設施,宜蘭縣
1120,20151006000001,嘉義市東市場,"{'code': 'A16', 'name': '產業'}",《文化資產保存法》第15條暨《歷史建築登錄廢止審查及輔助辦法》第2條第1項第1–4款規定。,120.453726,23.478859,"{'itemNo': 1, 'cityName': '嘉義市', 'distName': '東區', 'address': '嘉義市忠孝路與中正路口'}",嘉義市政府文化局,文化資產科,嘉義市東區忠孝路275號,052788225,"<a href=""http://nchdb.boch.gov.tw/assets/advanceSearch/historicalBuilding/20151006000001"" target=""_blank"">http://nchdb.boch.gov.tw/assets/advanceSearch/historicalBuilding/20151006000001</a>","[{'classification': '指定/登錄', 'officialDocNo': '府授文資字第1045103477號', 'registerDate': '2015-10-06 00:00:00.0'}]",產業,嘉義市
1121,20170424000001,濟南路3段50號（省長臺北官邸）,"{'code': 'A3', 'name': '宅第'}",符合文化資產保存法第3條第1款第2目指歷史事件所定著或具有歷史性、地方性、特殊性之文化、藝術價值，應予保存之建造物及附屬設施之定義。以及歷史建築紀念建築登錄廢止審查及輔助辦法第2條第1、2、3款登錄基準。,121.5360171,25.040132,"{'itemNo': 1, 'cityName': '臺北市', 'distName': '大安區', 'address': '濟南路三段50號'}",臺北市政府文化局,文化資產科,臺北市信義區市府路1號4樓東北區,(02)2720-8889,"<a href=""http://nchdb.boch.gov.tw/assets/advanceSearch/historicalBuilding/20170424000001"" target=""_blank"">http://nchdb.boch.gov.tw/assets/advanceSearch/historicalBuilding/20170424000001</a>","[{'classification': '指定/登錄', 'officialDocNo': '北市文化文資字第11230275152號', 'registerDate': '2023-07-25 00:00:00.0', 'note': '登錄歷史建築'}, {'classification': '指定/登錄', 'officialDocNo': '北市文化文資字第11130344361號', 'registerDate': '2022-10-11 00:00:00.0', 'note': '登錄歷史建築'}, {'classification': '指定/登錄', 'officialDocNo': '北市文化文資字第10630431900號', 'registerDate': '2017-04-24 00:00:00.0', 'note': '登錄歷史建築'}, {'classification': '指定/登錄', 'officialDocNo': '北市文化文字第10430377300號', 'registerDate': '2015-04-28 00:00:00.0', 'note': '登錄歷史建築'}]",宅第,臺北市
1122,20150623000001,國立臺灣大學機械工程館,"{'code': 'A99', 'name': '其他設施', 'other': '學校'}",歷史建築登錄廢止審查及輔助辦法第2條第1項第1、3、4款,121.5397264,25.0186526,"{'itemNo': 1, 'cityName': '臺北市', 'distName': '大安區', 'address': '羅斯福路4段1號'}",臺北市政府文化局,文化資產科,臺北市信義區市府路1號4樓東北區,(02)2720-8889,"<a href=""http://nchdb.boch.gov.tw/assets/advanceSearch/historicalBuilding/20150623000001"" target=""_blank"">http://nchdb.boch.gov.tw/assets/advanceSearch/historicalBuilding/20150623000001</a>","[{'classification': '指定/登錄', 'officialDocNo': '北市文化文資字第10430409500號', 'registerDate': '2015-06-23 00:00:00.0', 'note': '無'}]",其他設施,臺北市
1123,20150123000002,雙忠廟,"{'code': 'A2', 'name': '寺廟'}",《文化資產保存法》第15條暨《歷史建築登錄廢止審查及輔助辦法》第2條第1項第1至4款規定。,120.454515,23.47874,"{'itemNo': 1, 'cityName': '嘉義市', 'distName': '東區', 'address': '嘉義市忠孝路88號'}",嘉義市政府文化局,文化資產科,嘉義市東區忠孝路275號,052788225#505,"<a href=""http://nchdb.boch.gov.tw/assets/advanceSearch/historicalBuilding/20150123000002"" target=""_blank"">http://nchdb.boch.gov.tw/assets/advanceSearch/historicalBuilding/20150123000002</a>","[{'classification': '指定/登錄', 'officialDocNo': '府授文資字第1045100300號', 'registerDate': '2015-01-23 16:48:49.0'}]",寺廟,嘉義市
1124,20150317000003,蒜頭糖廠木造宿舍區（含甘堂）,"{'code': 'A3', 'name': '宅第'}","《文化資產保存法》第15條。
《歷史建築登錄廢止審查及輔助辦法》第2條第1項第1、3款。
《歷史建築登錄廢止審查及輔助辦法》第3、4條。",120.29859938637708,23.481143686155242,"{'itemNo': 1, 'cityName': '嘉義縣', 'distName': '六腳鄉', 'address': '工廠村15、16、17、18、21、22、23、28、29、30、31、32、33、33-1、34、35、36、37號'}",嘉義縣文化觀光局,文化資產科,嘉義縣太保市太子大道158號,05-3628123#310,"<a href=""http://nchdb.boch.gov.tw/assets/advanceSearch/historicalBuilding/20150317000003"" target=""_blank"">http://nchdb.boch.gov.tw/assets/advanceSearch/historicalBuilding/20150317000003</a>","[{'classification': '指定/登錄', 'officialDocNo': '府授文資字第1040045747號', 'registerDate': '2015-03-17 11:08:59.0'}]",宅第,嘉義縣
1125,20140530000006,瑞源水車碾米廠及附屬設施,"{'code': 'A16', 'name': '產業'}","1.文化資產保存法第15條
2.歷史建築登錄廢止審查及輔助辦法第2條辦理
3.103年4月30日臺東縣文資審議委員會決議辦理。
",121.15715749810994,22.955534616751056,"{'itemNo': 1, 'cityName': '臺東縣', 'distName': '鹿野鄉', 'address': '臺東縣鹿野鄉瑞隆村興民路15號'}",臺東縣政府, 文化處文化資產科,臺東市南京路25號,089-350129,"<a href=""http://nchdb.boch.gov.tw/assets/advanceSearch/historicalBuilding/20140530000006"" target=""_blank"">http://nchdb.boch.gov.tw/assets/advanceSearch/historicalBuilding/20140530000006</a>","[{'classification': '指定/登錄', 'officialDocNo': '府文資字1030095086號', 'registerDate': '2014-05-30 13:38:21.0'}]",產業,臺東縣
1125,20140530000006,瑞源水車碾米廠及附屬設施,"{'code': 'A99', 'name': '其他設施', 'other': '碾米廠'}","1.文化資產保存法第15條
2.歷史建築登錄廢止審查及輔助辦法第2條辦理
3.103年4月30日臺東縣文資審議委員會決議辦理。
",121.15715749810994,22.955534616751056,"{'itemNo': 1, 'cityName': '臺東縣', 'distName': '鹿野鄉', 'address': '臺東縣鹿野鄉瑞隆村興民路15號'}",臺東縣政府, 文化處文化資產科,臺東市南京路25號,089-350129,"<a href=""http://nchdb.boch.gov.tw/assets/advanceSearch/historicalBuilding/20140530000006"" target=""_blank"">http://nchdb.boch.gov.tw/assets/advanceSearch/historicalBuilding/20140530000006</a>","[{'classification': '指定/登錄', 'officialDocNo': '府文資字1030095086號', 'registerDate': '2014-05-30 13:38:21.0'}]",其他設施,臺東縣
1126,20150702000001,佳冬鄉張家商樓,"{'code': 'A3', 'name': '宅第'}",文化資產保存法第15條暨歷史建築登錄廢止審查及輔助辦法第2條第1、2、3項登錄評定基準。,120.549257,22.418031,"{'itemNo': 1, 'cityName': '屏東縣', 'distName': '佳冬鄉', 'address': '六根村西邊路1號'}",屏東縣政府,屏東縣文化資產保護所,屏東縣屏東市菸廠路1號	,08-7210234,"<a href=""http://nchdb.boch.gov.tw/assets/advanceSearch/historicalBuilding/20150702000001"" target=""_blank"">http://nchdb.boch.gov.tw/assets/advanceSearch/historicalBuilding/20150702000001</a>","[{'classification': '指定/登錄', 'officialDocNo': '屏府文保字第10430248200號', 'registerDate': '2015-07-02 11:06:13.0'}]",宅第,屏東縣
1127,20151120000002,枋寮金順發,"{'code': 'A3', 'name': '宅第'}",文化資產保存法第15條暨歷史建築登錄廢止審查及輔助辦法第2條第1項第2、3款登錄評定基準。,120.59825,22.36025,"{'itemNo': 1, 'cityName': '屏東縣', 'distName': '枋寮鄉', 'address': '中寮村保安路121號'}",屏東縣政府	,屏東縣文化資產保護所,屏東縣屏東市菸廠路1號	,08-7210234,"<a href=""http://nchdb.boch.gov.tw/assets/advanceSearch/historicalBuilding/20151120000002"" target=""_blank"">http://nchdb.boch.gov.tw/assets/advanceSearch/historicalBuilding/20151120000002</a>","[{'classification': '指定/登錄', 'officialDocNo': '屏府文保字第10430499500號', 'registerDate': '2015-11-24 00:00:00.0'}]",宅第,屏東縣
1128,20160204000002,元長瓦磘庄集會所,"{'code': 'A6', 'name': '衙署'}",文化資產保存法第15條暨歷史建築登錄廢止審查及輔助辦法第2條第1項第1、2、3、4款登錄評定基準。,120.35893,23.640055,"{'itemNo': 1, 'cityName': '雲林縣', 'distName': '元長鄉', 'address': '瓦磘村中央路36號'}",雲林縣政府,文化觀光處,雲林縣斗六市大學路三段310號,(05)5523218,"<a href=""http://nchdb.boch.gov.tw/assets/advanceSearch/historicalBuilding/20160204000002"" target=""_blank"">http://nchdb.boch.gov.tw/assets/advanceSearch/historicalBuilding/20160204000002</a>","[{'classification': '指定/登錄', 'officialDocNo': '府文資二字第1053801038B號', 'registerDate': '2016-02-05 00:00:00.0'}]",衙署,雲林縣
1129,20160205000001,原西螺街長宿舍,"{'code': 'A3', 'name': '宅第'}",文化資產保存法第15條暨歷史建築登錄廢止審查及輔助辦法第2條第1項第1、2、3、4款登錄評定基準。,120.454977,23.799567,"{'itemNo': 1, 'cityName': '雲林縣', 'distName': '西螺鎮', 'address': '雲林縣西螺鎮中山路288、288-1號'}",雲林縣政府,文化觀光處,雲林縣斗六市大學路三段310號,05-5523218,"<a href=""http://nchdb.boch.gov.tw/assets/advanceSearch/historicalBuilding/20160205000001"" target=""_blank"">http://nchdb.boch.gov.tw/assets/advanceSearch/historicalBuilding/20160205000001</a>","[{'classification': '指定/登錄', 'officialDocNo': '府文資二字第1053801053B號', 'registerDate': '2016-02-05 15:26:06.0'}]",宅第,雲林縣
1130,20160415000001,延平北路一段147號店屋,"{'code': 'A3', 'name': '宅第'}",符合歷史建築登錄廢止審查及輔助辦法第2條第1項第1、4款評定基準。 ,121.5118968,25.053548,"{'itemNo': 1, 'cityName': '臺北市', 'distName': '大同區', 'address': '延平北路一段147號'}",臺北市政府文化局,文化資產科,臺北市信義區市府路1號4樓東北區,(02)2720-8889,"<a href=""http://nchdb.boch.gov.tw/assets/advanceSearch/historicalBuilding/20160415000001"" target=""_blank"">http://nchdb.boch.gov.tw/assets/advanceSearch/historicalBuilding/20160415000001</a>","[{'classification': '指定/登錄', 'officialDocNo': '北市文化文資字第10530373700號 ', 'registerDate': '2016-04-15 00:00:00.0', 'note': '登錄'}, {'classification': '變更/修正', 'officialDocNo': '北市文化文資字第10630442400號 ', 'registerDate': '2016-04-17 00:00:00.0', 'note': '調整誤植之文字'}]",宅第,臺北市
1131,20160531000001,台鐵舊林榮車站倉庫,"{'code': 'A99', 'name': '其他設施', 'other': '倉庫'}",文化資產保存法第15條、歷史建築登錄廢止審查及輔助辦法第2條第1項第1款、第3款及第4款。,121.451386,23.80317,"{'itemNo': 1, 'cityName': '花蓮縣', 'distName': '鳳林鎮', 'address': '花蓮縣鳳林鎮林榮里永安街42號'}",花蓮縣文化局,文化資產科 ,花蓮縣 花蓮市 文復路6號,03-8227121#316,"<a href=""http://nchdb.boch.gov.tw/assets/advanceSearch/historicalBuilding/20160531000001"" target=""_blank"">http://nchdb.boch.gov.tw/assets/advanceSearch/historicalBuilding/20160531000001</a>","[{'classification': '指定/登錄', 'officialDocNo': '府文資字第1050101251A號 ', 'registerDate': '2016-05-31 00:00:00.0'}]",其他設施,花蓮縣
1132,20151026000002,汀甫圳渡槽-土地公坑溪、客雅溪、成德路,"{'code': 'A16', 'name': '產業'}",<<歷史建築登錄廢止審查及輔助辦法>>第2條第1項第1、2、3款,120.967475,24.813829,"{'itemNo': 1, 'cityName': '新竹市', 'distName': '東區', 'address': '土地公坑溪渡槽：新竹市高峰路2巷伯爵社區與工研院食科所間。竹仔坑山北緣坡地。'}",新竹市文化局 ,新竹市文化局文化資產科,新竹市北區中央路109號,03-5425079,"<a href=""http://nchdb.boch.gov.tw/assets/advanceSearch/historicalBuilding/20151026000002"" target=""_blank"">http://nchdb.boch.gov.tw/assets/advanceSearch/historicalBuilding/20151026000002</a>","[{'classification': '指定/登錄', 'officialDocNo': ' 府授文資字第1040155846號  ', 'registerDate': '2015-10-26 00:00:00.0'}]",產業,新竹市
1132,20151026000002,汀甫圳渡槽-土地公坑溪、客雅溪、成德路,"{'code': 'A16', 'name': '產業'}",<<歷史建築登錄廢止審查及輔助辦法>>第2條第1項第1、2、3款,120.967475,24.813829,"{'itemNo': 2, 'cityName': '新竹市', 'distName': '東區', 'address': '客雅溪渡槽：新竹市南大路706巷15弄'}",新竹市文化局 ,新竹市文化局文化資產科,新竹市北區中央路109號,03-5425079,"<a href=""http://nchdb.boch.gov.tw/assets/advanceSearch/historicalBuilding/20151026000002"" target=""_blank"">http://nchdb.boch.gov.tw/assets/advanceSearch/historicalBuilding/20151026000002</a>","[{'classification': '指定/登錄', 'officialDocNo': ' 府授文資字第1040155846號  ', 'registerDate': '2015-10-26 00:00:00.0'}]",產業,新竹市
1132,20151026000002,汀甫圳渡槽-土地公坑溪、客雅溪、成德路,"{'code': 'A16', 'name': '產業'}",<<歷史建築登錄廢止審查及輔助辦法>>第2條第1項第1、2、3款,120.967475,24.813829,"{'itemNo': 3, 'cityName': '新竹市', 'distName': '東區', 'address': '成德路渡槽：新竹市南大路706巷75號前跨越羽化溪(暫時命名)的渡槽。福海彩色紙器前。'}",新竹市文化局 ,新竹市文化局文化資產科,新竹市北區中央路109號,03-5425079,"<a href=""http://nchdb.boch.gov.tw/assets/advanceSearch/historicalBuilding/20151026000002"" target=""_blank"">http://nchdb.boch.gov.tw/assets/advanceSearch/historicalBuilding/20151026000002</a>","[{'classification': '指定/登錄', 'officialDocNo': ' 府授文資字第1040155846號  ', 'registerDate': '2015-10-26 00:00:00.0'}]",產業,新竹市
1133,20160503000001,西德堂,"{'code': 'A2', 'name': '寺廟'}",《歷史建築登錄廢止審查及輔助辦法》第2條第1項第1、第2及第3款。 ,120.194606,22.999877,"{'itemNo': 1, 'cityName': '臺南市', 'distName': '中西區', 'address': '文賢路36號 '}",臺南市政府,臺南市文化資產管理處,臺南市中西區中正路5巷1號3樓,06-2213569,"<a href=""http://nchdb.boch.gov.tw/assets/advanceSearch/historicalBuilding/20160503000001"" target=""_blank"">http://nchdb.boch.gov.tw/assets/advanceSearch/historicalBuilding/20160503000001</a>","[{'classification': '指定/登錄', 'officialDocNo': '府文資處字第1050431107B號', 'registerDate': '2016-05-03 00:00:00.0'}]",寺廟,臺南市
1134,20160530000002,社子島玄安宮,"{'code': 'A2', 'name': '寺廟'}", 符合歷史建築登錄廢止審查及輔助辦法第2條第1項第1、2款評定基準。  ,121.49514995132749,25.096710609738462,"{'itemNo': 1, 'cityName': '臺北市', 'distName': '士林區', 'address': '延平北路7段90號'}",臺北市政府文化局,文化資產科,臺北市信義區市府路1號4樓東北區,(02)2720-8889,"<a href=""http://nchdb.boch.gov.tw/assets/advanceSearch/historicalBuilding/20160530000002"" target=""_blank"">http://nchdb.boch.gov.tw/assets/advanceSearch/historicalBuilding/20160530000002</a>","[{'classification': '指定/登錄', 'officialDocNo': '北市文化文資字第10530386100號 ', 'registerDate': '2016-05-30 00:00:00.0', 'note': '登錄歷史建築'}]",寺廟,臺北市
1135,20160603000002,社子島燕樓李家,"{'code': 'A3', 'name': '宅第'}",符合歷史建築登錄廢止審查及輔助辦法第2條第1項第1、2款評定基準。 ,121.49543414568494,25.09593712176462,"{'itemNo': 1, 'cityName': '臺北市', 'distName': '士林區', 'address': '延平北路7段63巷12弄2號 '}",臺北市政府文化局,文化資產科,臺北市信義區市府路1號4樓東北區,(02)2720-8889,"<a href=""http://nchdb.boch.gov.tw/assets/advanceSearch/historicalBuilding/20160603000002"" target=""_blank"">http://nchdb.boch.gov.tw/assets/advanceSearch/historicalBuilding/20160603000002</a>","[{'classification': '指定/登錄', 'officialDocNo': ' 北市文化文資字第10530400700號  ', 'registerDate': '2016-06-03 00:00:00.0', 'note': '登錄歷史建築'}]",宅第,臺北市
1135,20160603000002,社子島燕樓李家,"{'code': 'A3', 'name': '宅第'}",符合歷史建築登錄廢止審查及輔助辦法第2條第1項第1、2款評定基準。 ,121.49543414568494,25.09593712176462,"{'itemNo': 2, 'cityName': '臺北市', 'distName': '士林區', 'address': '延平北路7段63巷12弄4號 '}",臺北市政府文化局,文化資產科,臺北市信義區市府路1號4樓東北區,(02)2720-8889,"<a href=""http://nchdb.boch.gov.tw/assets/advanceSearch/historicalBuilding/20160603000002"" target=""_blank"">http://nchdb.boch.gov.tw/assets/advanceSearch/historicalBuilding/20160603000002</a>","[{'classification': '指定/登錄', 'officialDocNo': ' 北市文化文資字第10530400700號  ', 'registerDate': '2016-06-03 00:00:00.0', 'note': '登錄歷史建築'}]",宅第,臺北市
1136,20151026000003,金城新村,"{'code': 'A99', 'name': '其他設施', 'other': '眷村'}",<<歷史建築登錄廢止審查及輔助辦法>>第2條第1項第1、2、4款,121.002695,24.794589,"{'itemNo': 1, 'cityName': '新竹市', 'distName': '東區', 'address': '金城一路67、69號；金城一路71巷1、3、5、7、9、11、13號，及金城二路2、4、6、8、10、12號等共15戶。'}",新竹市文化局,新竹市文化局文化資產科,300新竹市北區中央路109號,03-5425079,"<a href=""http://nchdb.boch.gov.tw/assets/advanceSearch/historicalBuilding/20151026000003"" target=""_blank"">http://nchdb.boch.gov.tw/assets/advanceSearch/historicalBuilding/20151026000003</a>","[{'classification': '指定/登錄', 'officialDocNo': '府授文資字第1040156730號', 'registerDate': '2015-10-26 00:00:00.0'}]",其他設施,新竹市
1137,20160203000002,南大路警察宿舍,"{'code': 'A99', 'name': '其他設施', 'other': '宿舍或官舍群'}",<<歷史建築登錄廢止審查及輔助辦法>>第2條第1項第1、3、4款,120.974359,24.80027,"{'itemNo': 1, 'cityName': '新竹市', 'distName': '東區', 'address': '新竹市南大路145、147號及新竹市南大路162、166號'}",新竹市文化局,新竹市文化局文化資產科,300新竹市北區中央路109號,03-5425079,"<a href=""http://nchdb.boch.gov.tw/assets/advanceSearch/historicalBuilding/20160203000002"" target=""_blank"">http://nchdb.boch.gov.tw/assets/advanceSearch/historicalBuilding/20160203000002</a>","[{'classification': '指定/登錄', 'officialDocNo': '府授文資字第1050026535號 ', 'registerDate': '2016-02-03 00:00:00.0'}]",其他設施,新竹市
1138,20160414000001,馬公武德騎尉項得生古宅,"{'code': 'A3', 'name': '宅第'}",<<歷史建築登錄廢止審查及輔助辦法>>第2條第1項第1、3款,119.564488,23.564606,"{'itemNo': 1, 'cityName': '澎湖縣', 'distName': '馬公市', 'address': '\t中央里中央街1巷4號'}",澎湖縣政府文化局,文化資產科,澎湖縣馬公市中華路230號,06-9261141#138,"<a href=""http://nchdb.boch.gov.tw/assets/advanceSearch/historicalBuilding/20160414000001"" target=""_blank"">http://nchdb.boch.gov.tw/assets/advanceSearch/historicalBuilding/20160414000001</a>","[{'classification': '指定/登錄', 'officialDocNo': '府授文資字第10537009632號 ', 'registerDate': '2016-04-14 00:00:00.0'}]",宅第,澎湖縣
1139,20160414000002,許家403地號古宅,"{'code': 'A3', 'name': '宅第'}",<<歷史建築登錄廢止審查及輔助辦法>>第2條第1項第1、2、3款,119.607218,23.587267,"{'itemNo': 1, 'cityName': '澎湖縣', 'distName': '湖西鄉', 'address': '許家村港仔尾37號右側之傳統建築'}",澎湖縣政府澎湖縣政府文化局,文化資產科,澎湖縣馬公市中華路230號,06-9261141#138,"<a href=""http://nchdb.boch.gov.tw/assets/advanceSearch/historicalBuilding/20160414000002"" target=""_blank"">http://nchdb.boch.gov.tw/assets/advanceSearch/historicalBuilding/20160414000002</a>","[{'classification': '指定/登錄', 'officialDocNo': '府授文資字第10537009602號 ', 'registerDate': '2016-04-14 00:00:00.0'}]",宅第,澎湖縣
1140,20160624000001,社子島浮洲王宅,"{'code': 'A3', 'name': '宅第'}",符合歷史建築登錄廢止審查及輔助辦法第2條第1項第1、2款評定基準。,121.49004469584116,25.110196293932727,"{'itemNo': 1, 'cityName': '臺北市', 'distName': '士林區', 'address': '延平北路八段2巷206弄1號'}",臺北市政府文化局,文化資產科,臺北市信義區市府路1號4樓東北區,(02)2720-8889,"<a href=""http://nchdb.boch.gov.tw/assets/advanceSearch/historicalBuilding/20160624000001"" target=""_blank"">http://nchdb.boch.gov.tw/assets/advanceSearch/historicalBuilding/20160624000001</a>","[{'classification': '指定/登錄', 'officialDocNo': '北市文化文資字第10530413600號', 'registerDate': '2016-06-24 00:00:00.0', 'note': '登錄歷史建築'}]",宅第,臺北市
1140,20160624000001,社子島浮洲王宅,"{'code': 'A3', 'name': '宅第'}",符合歷史建築登錄廢止審查及輔助辦法第2條第1項第1、2款評定基準。,121.49004469584116,25.110196293932727,"{'itemNo': 2, 'cityName': '臺北市', 'distName': '士林區', 'address': '延平北路八段2巷200弄11號'}",臺北市政府文化局,文化資產科,臺北市信義區市府路1號4樓東北區,(02)2720-8889,"<a href=""http://nchdb.boch.gov.tw/assets/advanceSearch/historicalBuilding/20160624000001"" target=""_blank"">http://nchdb.boch.gov.tw/assets/advanceSearch/historicalBuilding/20160624000001</a>","[{'classification': '指定/登錄', 'officialDocNo': '北市文化文資字第10530413600號', 'registerDate': '2016-06-24 00:00:00.0', 'note': '登錄歷史建築'}]",宅第,臺北市
1140,20160624000001,社子島浮洲王宅,"{'code': 'A3', 'name': '宅第'}",符合歷史建築登錄廢止審查及輔助辦法第2條第1項第1、2款評定基準。,121.49004469584116,25.110196293932727,"{'itemNo': 3, 'cityName': '臺北市', 'distName': '士林區', 'address': '平北路八段2巷200弄13號'}",臺北市政府文化局,文化資產科,臺北市信義區市府路1號4樓東北區,(02)2720-8889,"<a href=""http://nchdb.boch.gov.tw/assets/advanceSearch/historicalBuilding/20160624000001"" target=""_blank"">http://nchdb.boch.gov.tw/assets/advanceSearch/historicalBuilding/20160624000001</a>","[{'classification': '指定/登錄', 'officialDocNo': '北市文化文資字第10530413600號', 'registerDate': '2016-06-24 00:00:00.0', 'note': '登錄歷史建築'}]",宅第,臺北市
1140,20160624000001,社子島浮洲王宅,"{'code': 'A3', 'name': '宅第'}",符合歷史建築登錄廢止審查及輔助辦法第2條第1項第1、2款評定基準。,121.49004469584116,25.110196293932727,"{'itemNo': 4, 'cityName': '臺北市', 'distName': '士林區', 'address': '延平北路八段2巷200弄14號'}",臺北市政府文化局,文化資產科,臺北市信義區市府路1號4樓東北區,(02)2720-8889,"<a href=""http://nchdb.boch.gov.tw/assets/advanceSearch/historicalBuilding/20160624000001"" target=""_blank"">http://nchdb.boch.gov.tw/assets/advanceSearch/historicalBuilding/20160624000001</a>","[{'classification': '指定/登錄', 'officialDocNo': '北市文化文資字第10530413600號', 'registerDate': '2016-06-24 00:00:00.0', 'note': '登錄歷史建築'}]",宅第,臺北市
1140,20160624000001,社子島浮洲王宅,"{'code': 'A3', 'name': '宅第'}",符合歷史建築登錄廢止審查及輔助辦法第2條第1項第1、2款評定基準。,121.49004469584116,25.110196293932727,"{'itemNo': 5, 'cityName': '臺北市', 'distName': '士林區', 'address': '延平北路八段2巷200弄15號'}",臺北市政府文化局,文化資產科,臺北市信義區市府路1號4樓東北區,(02)2720-8889,"<a href=""http://nchdb.boch.gov.tw/assets/advanceSearch/historicalBuilding/20160624000001"" target=""_blank"">http://nchdb.boch.gov.tw/assets/advanceSearch/historicalBuilding/20160624000001</a>","[{'classification': '指定/登錄', 'officialDocNo': '北市文化文資字第10530413600號', 'registerDate': '2016-06-24 00:00:00.0', 'note': '登錄歷史建築'}]",宅第,臺北市
1141,20160822000001,林華泰茶行,"{'code': 'A3', 'name': '宅第'}",歷史建築登錄廢止審查及輔助辦法第2條第1項第1、3款評定基準 ,121.5137170587243,25.06014138407525,"{'itemNo': 1, 'cityName': '臺北市', 'distName': '大同區', 'address': '重慶北路2段193號'}",臺北市政府文化局,文化資產科,臺北市信義區市府路1號4樓東北區,(02)2720-8889,"<a href=""http://nchdb.boch.gov.tw/assets/advanceSearch/historicalBuilding/20160822000001"" target=""_blank"">http://nchdb.boch.gov.tw/assets/advanceSearch/historicalBuilding/20160822000001</a>","[{'classification': '指定/登錄', 'officialDocNo': '北市文化文資字第10530429400號 ', 'registerDate': '2016-08-22 00:00:00.0', 'note': '登錄歷史建築'}]",宅第,臺北市
1141,20160822000001,林華泰茶行,"{'code': 'A3', 'name': '宅第'}",歷史建築登錄廢止審查及輔助辦法第2條第1項第1、3款評定基準 ,121.5137170587243,25.06014138407525,"{'itemNo': 2, 'cityName': '臺北市', 'distName': '大同區', 'address': '重慶北路2段193-1號'}",臺北市政府文化局,文化資產科,臺北市信義區市府路1號4樓東北區,(02)2720-8889,"<a href=""http://nchdb.boch.gov.tw/assets/advanceSearch/historicalBuilding/20160822000001"" target=""_blank"">http://nchdb.boch.gov.tw/assets/advanceSearch/historicalBuilding/20160822000001</a>","[{'classification': '指定/登錄', 'officialDocNo': '北市文化文資字第10530429400號 ', 'registerDate': '2016-08-22 00:00:00.0', 'note': '登錄歷史建築'}]",宅第,臺北市
1141,20160822000001,林華泰茶行,"{'code': 'A3', 'name': '宅第'}",歷史建築登錄廢止審查及輔助辦法第2條第1項第1、3款評定基準 ,121.5137170587243,25.06014138407525,"{'itemNo': 3, 'cityName': '臺北市', 'distName': '大同區', 'address': '重慶北路2段195號'}",臺北市政府文化局,文化資產科,臺北市信義區市府路1號4樓東北區,(02)2720-8889,"<a href=""http://nchdb.boch.gov.tw/assets/advanceSearch/historicalBuilding/20160822000001"" target=""_blank"">http://nchdb.boch.gov.tw/assets/advanceSearch/historicalBuilding/20160822000001</a>","[{'classification': '指定/登錄', 'officialDocNo': '北市文化文資字第10530429400號 ', 'registerDate': '2016-08-22 00:00:00.0', 'note': '登錄歷史建築'}]",宅第,臺北市
1141,20160822000001,林華泰茶行,"{'code': 'A3', 'name': '宅第'}",歷史建築登錄廢止審查及輔助辦法第2條第1項第1、3款評定基準 ,121.5137170587243,25.06014138407525,"{'itemNo': 4, 'cityName': '臺北市', 'distName': '大同區', 'address': '重慶北路2段195-1號'}",臺北市政府文化局,文化資產科,臺北市信義區市府路1號4樓東北區,(02)2720-8889,"<a href=""http://nchdb.boch.gov.tw/assets/advanceSearch/historicalBuilding/20160822000001"" target=""_blank"">http://nchdb.boch.gov.tw/assets/advanceSearch/historicalBuilding/20160822000001</a>","[{'classification': '指定/登錄', 'officialDocNo': '北市文化文資字第10530429400號 ', 'registerDate': '2016-08-22 00:00:00.0', 'note': '登錄歷史建築'}]",宅第,臺北市
1142,20160630000001,社子島李和興宅,"{'code': 'A3', 'name': '宅第'}",歷史建築登錄廢止審查及輔助辦法第2條第1項第1、2款評定基準 ,121.4829775,25.1045757,"{'itemNo': 1, 'cityName': '臺北市', 'distName': '士林區', 'address': '延平北路8段133巷11號'}",臺北市政府文化局,文化資產科,臺北市信義區市府路1號4樓東北區,(02)2720-8889,"<a href=""http://nchdb.boch.gov.tw/assets/advanceSearch/historicalBuilding/20160630000001"" target=""_blank"">http://nchdb.boch.gov.tw/assets/advanceSearch/historicalBuilding/20160630000001</a>","[{'classification': '指定/登錄', 'officialDocNo': '北市文化文資字第10530413700號 ', 'registerDate': '2016-06-30 00:00:00.0', 'note': '登錄歷史建築'}]",宅第,臺北市
1142,20160630000001,社子島李和興宅,"{'code': 'A3', 'name': '宅第'}",歷史建築登錄廢止審查及輔助辦法第2條第1項第1、2款評定基準 ,121.4829775,25.1045757,"{'itemNo': 2, 'cityName': '臺北市', 'distName': '士林區', 'address': '延平北路8段133巷19號'}",臺北市政府文化局,文化資產科,臺北市信義區市府路1號4樓東北區,(02)2720-8889,"<a href=""http://nchdb.boch.gov.tw/assets/advanceSearch/historicalBuilding/20160630000001"" target=""_blank"">http://nchdb.boch.gov.tw/assets/advanceSearch/historicalBuilding/20160630000001</a>","[{'classification': '指定/登錄', 'officialDocNo': '北市文化文資字第10530413700號 ', 'registerDate': '2016-06-30 00:00:00.0', 'note': '登錄歷史建築'}]",宅第,臺北市
1143,20160628000001,風櫃962地號古宅,"{'code': 'A3', 'name': '宅第'}",<<歷史建築登錄廢止審查及輔助辦法>>第2條第1項第1、4款,119.546727,23.540005,"{'itemNo': 1, 'cityName': '澎湖縣', 'distName': '馬公市', 'address': '風櫃里74號（歷史建築風櫃尾74號古宅）後方之傳統建築。'}",澎湖縣政府文化局,文化資產科,澎湖縣馬公市中華路230號,06-9261141#138,"<a href=""http://nchdb.boch.gov.tw/assets/advanceSearch/historicalBuilding/20160628000001"" target=""_blank"">http://nchdb.boch.gov.tw/assets/advanceSearch/historicalBuilding/20160628000001</a>","[{'classification': '指定/登錄', 'officialDocNo': '府授文資字第10537019662號 ', 'registerDate': '2016-06-28 00:00:00.0'}]",宅第,澎湖縣
1144,20160506000001,原臺灣總督府交通局高雄築港出張所平和町官舍群,"{'code': 'A3', 'name': '宅第'}",<<歷史建築登錄廢止審查及輔助辦法>>第2條第1項第2、4款,120.2690356103077,22.611651469417883,"{'itemNo': 1, 'cityName': '高雄市', 'distName': '旗津區', 'address': '高雄市旗津區廟前路42巷32、34、36、38、40號'}", 高雄市政府文化局 ,文資中心,五福一路67號,07-2225136#8322,"<a href=""http://nchdb.boch.gov.tw/assets/advanceSearch/historicalBuilding/20160506000001"" target=""_blank"">http://nchdb.boch.gov.tw/assets/advanceSearch/historicalBuilding/20160506000001</a>","[{'classification': '指定/登錄', 'officialDocNo': '高市府文資字第10530597401號函 ', 'registerDate': '2016-05-06 00:00:00.0'}]",宅第,高雄市
1145,20160722000001,原台灣省糧食局苗栗倉庫,"{'code': 'A16', 'name': '產業'}",<<歷史建築登錄廢止審查及輔助辦法>>第2條第1項第1、4款,120.823438,24.564628,"{'itemNo': 1, 'cityName': '苗栗縣', 'distName': '苗栗市', 'address': '新倉街21號'}",苗栗縣政府文化觀光局,文化資產科,苗栗市北苗里自治路50號,037-352961#712,"<a href=""http://nchdb.boch.gov.tw/assets/advanceSearch/historicalBuilding/20160722000001"" target=""_blank"">http://nchdb.boch.gov.tw/assets/advanceSearch/historicalBuilding/20160722000001</a>","[{'classification': '指定/登錄', 'officialDocNo': '府文資字第1050006930C號 ', 'registerDate': '2016-07-22 00:00:00.0'}, {'classification': '變更/修正', 'officialDocNo': '府文資字第1060004832C號', 'registerDate': '2017-05-18 00:06:21.511'}]",產業,苗栗縣
1146,20160805000001,仁德二空貿易四村興建碑,"{'code': 'A9', 'name': '碑碣'}",歷史建築登錄廢止審查及輔助辦法第2條第1項第1款,120.220704,22.959841,"{'itemNo': 1, 'cityName': '臺南市', 'distName': '仁德區', 'address': '保仁路上兩座（鄰近空軍防空砲兵指揮部大門口）及二空路上兩座（鄰近二空郵局）'}",臺南市政府,臺南市文化資產管理處,臺南市中西區中正路5巷1號3樓,06-2213569,"<a href=""http://nchdb.boch.gov.tw/assets/advanceSearch/historicalBuilding/20160805000001"" target=""_blank"">http://nchdb.boch.gov.tw/assets/advanceSearch/historicalBuilding/20160805000001</a>","[{'classification': '指定/登錄', 'officialDocNo': '府文資處字第1050784540B號', 'registerDate': '2016-08-05 00:00:00.0'}]",碑碣,臺南市
1147,20160831000001,西寧北路29、31號店屋,"{'code': 'A3', 'name': '宅第'}",符合歷史建築登錄廢止審查及輔助辦法第2條第1項第1、4款評定基準。,121.50876239820721,25.05307985467888,"{'itemNo': 1, 'cityName': '臺北市', 'distName': '大同區', 'address': '西寧北路29號'}",臺北市政府文化局,文化資產科,臺北市信義區市府路1號4樓東北區,(02)2720-8889,"<a href=""http://nchdb.boch.gov.tw/assets/advanceSearch/historicalBuilding/20160831000001"" target=""_blank"">http://nchdb.boch.gov.tw/assets/advanceSearch/historicalBuilding/20160831000001</a>","[{'classification': '指定/登錄', 'officialDocNo': '北市文化文資字第10530435200號', 'registerDate': '2016-08-31 00:00:00.0', 'note': '登錄'}]",宅第,臺北市
1147,20160831000001,西寧北路29、31號店屋,"{'code': 'A3', 'name': '宅第'}",符合歷史建築登錄廢止審查及輔助辦法第2條第1項第1、4款評定基準。,121.50876239820721,25.05307985467888,"{'itemNo': 2, 'cityName': '臺北市', 'distName': '大同區', 'address': '西寧北路31號'}",臺北市政府文化局,文化資產科,臺北市信義區市府路1號4樓東北區,(02)2720-8889,"<a href=""http://nchdb.boch.gov.tw/assets/advanceSearch/historicalBuilding/20160831000001"" target=""_blank"">http://nchdb.boch.gov.tw/assets/advanceSearch/historicalBuilding/20160831000001</a>","[{'classification': '指定/登錄', 'officialDocNo': '北市文化文資字第10530435200號', 'registerDate': '2016-08-31 00:00:00.0', 'note': '登錄'}]",宅第,臺北市
1148,20160808000001,張學良故居,"{'code': 'A3', 'name': '宅第'}",符合歷史建築登錄廢止審查及輔助辦法第2條第1項第1、4款評定基準。,121.50442096577851,25.145706082428838,"{'itemNo': 1, 'cityName': '臺北市', 'distName': '北投區', 'address': '復興三路70號'}",臺北市政府文化局,文化資產科,臺北市信義區市府路1號4樓東北區,(02)2720-8889,"<a href=""http://nchdb.boch.gov.tw/assets/advanceSearch/historicalBuilding/20160808000001"" target=""_blank"">http://nchdb.boch.gov.tw/assets/advanceSearch/historicalBuilding/20160808000001</a>","[{'classification': '指定/登錄', 'officialDocNo': '北市文化文資字第10530423200', 'registerDate': '2016-08-08 00:00:00.0', 'note': '登錄歷史建築'}]",宅第,臺北市
1149,20160421000001,北投陳江墓園,"{'code': 'A12', 'name': '墓葬'}",<<歷史建築登錄廢止審查及輔助辦法>>第2條第1項第1、4款,121.49650291855683,25.147021225986673,"{'itemNo': 1, 'cityName': '臺北市', 'distName': '北投區', 'address': '中和街458巷底（北投陳江墓園）'}",臺北市政府文化局,文化資產科,臺北市信義區市府路1號4樓東北區,(02)2720-8889,"<a href=""http://nchdb.boch.gov.tw/assets/advanceSearch/historicalBuilding/20160421000001"" target=""_blank"">http://nchdb.boch.gov.tw/assets/advanceSearch/historicalBuilding/20160421000001</a>","[{'classification': '指定/登錄', 'officialDocNo': '北市文化文資字第10530372500號', 'registerDate': '2016-04-21 00:00:00.0', 'note': '登錄歷史建築'}]",墓葬,臺北市
1150,20150817000003,李鎮源故居,"{'code': 'A3', 'name': '宅第'}","一、依據文化資產保存法、歷史建築登錄廢止審查及輔助辦法第4條、臺北市歷史建築登錄及廢止審查作業要點相關規定辦理。
二、符合歷史建築登錄廢止審查及輔助辦法第2條第1項第1、2、3款評定基準。",121.52299732924892,25.037741280324607,"{'itemNo': 1, 'cityName': '臺北市', 'distName': '中正區', 'address': '紹興南街32巷2號'}",臺北市政府文化局,文化資產科,臺北市信義區市府路1號4樓東北區,(02)2720-8889,"<a href=""http://nchdb.boch.gov.tw/assets/advanceSearch/historicalBuilding/20150817000003"" target=""_blank"">http://nchdb.boch.gov.tw/assets/advanceSearch/historicalBuilding/20150817000003</a>","[{'classification': '指定/登錄', 'officialDocNo': '北市文化文資字第10430427600號', 'registerDate': '2015-08-17 00:00:00.0', 'note': '登錄歷史建築'}]",宅第,臺北市
1151,20160606000001,前埔保障宮,"{'code': 'A2', 'name': '寺廟'}",<<歷史建築登錄廢止審查及輔助辦法>>第2條第1項第1、2、3款,118.23455,24.42823,"{'itemNo': 1, 'cityName': '金門縣', 'distName': '烈嶼鄉', 'address': '前埔測段1061、1064地號'}",金門縣文化局,文化資產科,金門縣金城鎮環島北路一段66號,082-325643#812,"<a href=""http://nchdb.boch.gov.tw/assets/advanceSearch/historicalBuilding/20160606000001"" target=""_blank"">http://nchdb.boch.gov.tw/assets/advanceSearch/historicalBuilding/20160606000001</a>","[{'classification': '指定/登錄', 'officialDocNo': '府文資字第1050042696號', 'registerDate': '2016-06-06 00:00:00.0'}]",寺廟,金門縣
1152,20160418000001,鹿港金銀廳,"{'code': 'A3', 'name': '宅第'}",<<歷史建築紀念建築登錄廢止審查及輔助辦法>>第2條第1項第1款、2款,120.432126,24.052062,"{'itemNo': 1, 'cityName': '彰化縣', 'distName': '鹿港鎮', 'address': '菜園里菜園路67巷17號'}",彰化縣文化局,文化資產科,彰化縣彰化市卦山路3號,04-7292201,"<a href=""http://nchdb.boch.gov.tw/assets/advanceSearch/historicalBuilding/20160418000001"" target=""_blank"">http://nchdb.boch.gov.tw/assets/advanceSearch/historicalBuilding/20160418000001</a>","[{'classification': '指定/登錄', 'officialDocNo': '府授文資字第1070276224A號', 'registerDate': '2018-08-14 00:00:00.0'}]",宅第,彰化縣
1153,20160906000001,林田神社殘蹟,"{'code': 'A99', 'name': '其他設施', 'other': '神社'}",文化資產保存法第18條、歷史建築登錄廢止審查及輔助辦法第2條第1項第1款、第3款。,121.465952,23.748773,"{'itemNo': 1, 'cityName': '花蓮縣', 'distName': '鳳林鎮', 'address': '花蓮縣鳳林鎮鳳信段845地號(花蓮縣鳳林鎮大榮里復興路39號旁)'}",花蓮縣文化局,文化資產科,花蓮縣花蓮市文復路6號,03-8227121-316,"<a href=""http://nchdb.boch.gov.tw/assets/advanceSearch/historicalBuilding/20160906000001"" target=""_blank"">http://nchdb.boch.gov.tw/assets/advanceSearch/historicalBuilding/20160906000001</a>","[{'classification': '指定/登錄', 'officialDocNo': '府文資字第1050167129A號', 'registerDate': '2016-09-06 00:00:00.0'}]",其他設施,花蓮縣
1154,20160906000002,吉安不盡跌水井,"{'code': 'A99', 'name': '其他設施', 'other': '跌水井'}",文化資產保存法第18條、歷史建築登錄廢止審查及輔助辦法第2條第1項第1款、第2款、第3款及第4款。,121.5237397,23.94957198,"{'itemNo': 1, 'cityName': '花蓮縣', 'distName': '吉安鄉', 'address': '花蓮縣吉安鄉山下路上，靠近台9丙公路。'}",花蓮縣文化局,文化資產科,花蓮縣花蓮市文復路6號,03-8227121-316,"<a href=""http://nchdb.boch.gov.tw/assets/advanceSearch/historicalBuilding/20160906000002"" target=""_blank"">http://nchdb.boch.gov.tw/assets/advanceSearch/historicalBuilding/20160906000002</a>","[{'classification': '指定/登錄', 'officialDocNo': '府文資字第1050167223A號', 'registerDate': '2016-09-06 00:00:00.0'}]",其他設施,花蓮縣
1155,20160906000003,支亞干橋（豐平橋）,"{'code': 'A15', 'name': '橋樑'}",文化資產保存法第18條、歷史建築登錄廢止審查及輔助辦法第2條第1項第1款、第2款、第3款。,121.45169673213198,23.811770225328964,"{'itemNo': 1, 'cityName': '花蓮縣', 'distName': '鳳林鎮', 'address': '舊台9線230K+837～231K+378'}",花蓮縣文化局,文化資產科,花蓮縣花蓮市文復路6號,03-8227121-316,"<a href=""http://nchdb.boch.gov.tw/assets/advanceSearch/historicalBuilding/20160906000003"" target=""_blank"">http://nchdb.boch.gov.tw/assets/advanceSearch/historicalBuilding/20160906000003</a>","[{'classification': '指定/登錄', 'officialDocNo': '府文資字第1050169723A號', 'registerDate': '2016-09-06 00:00:00.0'}]",橋樑,花蓮縣
1156,20160805000002,仁德二空防空碉堡,"{'code': 'A99', 'name': '其他設施', 'other': '碉堡'}",歷史建築登錄廢止審查及輔助辦法第2條第1項第1、2及第3款,120.222799,22.959981,"{'itemNo': 1, 'cityName': '臺南市', 'distName': '仁德區', 'address': '仁和國小東側'}",臺南市政府,臺南市文化資產管理處,臺南市中西區中正路5巷1號3樓,06-2213569,"<a href=""http://nchdb.boch.gov.tw/assets/advanceSearch/historicalBuilding/20160805000002"" target=""_blank"">http://nchdb.boch.gov.tw/assets/advanceSearch/historicalBuilding/20160805000002</a>","[{'classification': '指定/登錄', 'officialDocNo': '府文資處字第1050784540B號', 'registerDate': '2016-08-05 00:00:00.0'}]",其他設施,臺南市
1157,20161005000001,原保證責任歸仁信用購買販賣利用組合,"{'code': 'A99', 'name': '其他設施', 'other': '農會'}",歷史建築登錄廢止審查及輔助辦法第2條第1項第1款及第3款。,120.299898,22.970619,"{'itemNo': 1, 'cityName': '臺南市', 'distName': '歸仁區', 'address': '忠孝北路178號'}",臺南市政府,臺南市文化資產管理處,臺南市中西區中正路5巷1號,06-2213597,"<a href=""http://nchdb.boch.gov.tw/assets/advanceSearch/historicalBuilding/20161005000001"" target=""_blank"">http://nchdb.boch.gov.tw/assets/advanceSearch/historicalBuilding/20161005000001</a>","[{'classification': '指定/登錄', 'officialDocNo': '府文資處字第1050989729B號', 'registerDate': '2016-10-05 00:00:00.0'}]",其他設施,臺南市
1158,20161005000002,原竹園町臺南州職員宿舍,"{'code': 'A3', 'name': '宅第'}",歷史建築登錄廢止審查及輔助辦法第2條第1項第1款。,120.212994,22.993447,"{'itemNo': 1, 'cityName': '臺南市', 'distName': '東區', 'address': '臺南市東區前鋒路119巷12號'}",臺南市政府,臺南市文化資產管理處,臺南市中西區中正路5巷1號,06-2213597,"<a href=""http://nchdb.boch.gov.tw/assets/advanceSearch/historicalBuilding/20161005000002"" target=""_blank"">http://nchdb.boch.gov.tw/assets/advanceSearch/historicalBuilding/20161005000002</a>","[{'classification': '指定/登錄', 'officialDocNo': '府文資處字第1050989729B號', 'registerDate': '2016-10-05 00:00:00.0'}]",宅第,臺南市
1159,20151006000002,新社高中日式宿舍,"{'code': 'A99', 'name': '其他設施', 'other': '日式宿舍'}",文化資產保存法第15條、歷史建築登錄廢止審查及輔助辦法第3、4條規定,120.799184,24.26696,"{'itemNo': 1, 'cityName': '臺中市', 'distName': '新社區', 'address': '臺中市新社區國中巷10號'}",臺中市政府文化局,臺中市文化資產處,臺中市西區市府路41巷19號,04-22290280,"<a href=""http://nchdb.boch.gov.tw/assets/advanceSearch/historicalBuilding/20151006000002"" target=""_blank"">http://nchdb.boch.gov.tw/assets/advanceSearch/historicalBuilding/20151006000002</a>","[{'classification': '指定/登錄', 'officialDocNo': '府授文資古字第10402217771號', 'registerDate': '2015-10-15 00:00:00.0'}]",其他設施,臺中市
1160,20160201000002,臺灣港務公司築港路副首長日式宿舍,"{'code': 'A3', 'name': '宅第'}",文化資產保存法第15條互歷史建築登錄廢止審查及輔助辦法第3、4條,120.528742,24.25926,"{'itemNo': 1, 'cityName': '臺中市', 'distName': '梧棲區', 'address': '臺中市梧棲區築港路築港巷4號'}",臺中市政府文化局,臺中市文化資產處,臺中市西區市府路41巷19號,04-22290280,"<a href=""http://nchdb.boch.gov.tw/assets/advanceSearch/historicalBuilding/20160201000002"" target=""_blank"">http://nchdb.boch.gov.tw/assets/advanceSearch/historicalBuilding/20160201000002</a>","[{'classification': '指定/登錄', 'officialDocNo': '府授文資古字第10500185001號', 'registerDate': '2016-02-01 00:00:00.0'}]",宅第,臺中市
1161,20160105000001,原大墩街王宅,"{'code': 'A3', 'name': '宅第'}",<<歷史建築紀念建築登錄廢止審查及輔助辦法>>第2條第1項第1、2、3款,120.679682,24.143211,"{'itemNo': 1, 'cityName': '臺中市', 'distName': '中區', 'address': '臺中市中區大墩里三民路二段119巷2號'}",臺中市政府文化局,臺中市文化資產處,臺中市西區市府路41巷19號,0422290280,"<a href=""http://nchdb.boch.gov.tw/assets/advanceSearch/historicalBuilding/20160105000001"" target=""_blank"">http://nchdb.boch.gov.tw/assets/advanceSearch/historicalBuilding/20160105000001</a>","[{'classification': '指定/登錄', 'officialDocNo': '府授文資古字第1040282994號', 'registerDate': '2016-01-05 00:00:00.0'}, {'classification': '變更/修正', 'officialDocNo': '府授文資古字第1100291327號', 'registerDate': '2021-11-23 00:00:00.0'}]",宅第,臺中市
1162,20150416000003,翁子公學校校舍暨宿舍,"{'code': 'A99', 'name': '其他設施'}",文化資產保存法第15條及歷史建築登錄止審查及輔助辦法第2、3、4條規定。,120.742553,24.263406,"{'itemNo': 1, 'cityName': '臺中市', 'distName': '豐原區', 'address': '校舍：臺中市豐原區豐勢路二段290巷3號；日式宿舍：臺中市豐原區豐勢路二段290巷8弄1號（萬年段94建號）'}",臺中市政府文化局,臺中市文化資產處,臺中市西區市府路41巷19號,04-22290280,"<a href=""http://nchdb.boch.gov.tw/assets/advanceSearch/historicalBuilding/20150416000003"" target=""_blank"">http://nchdb.boch.gov.tw/assets/advanceSearch/historicalBuilding/20150416000003</a>","[{'classification': '指定/登錄', 'officialDocNo': '府授文資古字第10400740201號', 'registerDate': '2015-04-08 14:34:50.065'}, {'classification': '變更/修正', 'officialDocNo': '府授文資古字第10400858091號', 'registerDate': '2015-04-16 14:35:32.062'}, {'classification': '變更/修正', 'officialDocNo': '府授文資古字第10701059991號', 'registerDate': '2018-05-28 00:00:00.0'}]",其他設施,臺中市
1163,20140711000001,臺中車站周圍防空壕及碉堡群,"{'code': 'A99', 'name': '其他設施', 'other': '軍事設施'}",文化資產保存法第15條、歷史建築登錄廢止審查及輔助辦法」第2、3、4條規定,120.684832,24.136754,"{'itemNo': 1, 'cityName': '臺中市', 'distName': '東區', 'address': '5號機槍堡：臺中火車站後站工務段大樓後邊停車場旁；B機槍堡：臺中火車站後站台鐵工務段大樓出口前方左側；57號防空掩體：臺中火車站後站位於工務段大樓入口處；64號防空掩體：臺中火車站前站西南側鐵道旁'}",臺中市政府,臺中市文化資產處,403420 臺中市西區市府路41巷19號,04-22290280,"<a href=""http://nchdb.boch.gov.tw/assets/advanceSearch/historicalBuilding/20140711000001"" target=""_blank"">http://nchdb.boch.gov.tw/assets/advanceSearch/historicalBuilding/20140711000001</a>","[{'classification': '指定/登錄', 'officialDocNo': '府授文資古字第1030126837號', 'registerDate': '2014-07-11 00:00:00.0'}, {'classification': '變更/修正', 'officialDocNo': '府授文資古字第10801307361號', 'registerDate': '2019-06-19 00:00:00.0'}]",其他設施,臺中市
1164,20150804000001,水湳菸樓,"{'code': 'A16', 'name': '產業'}",<<歷史建築登錄廢止審查及輔助辦法>>第2條第1項第2、3款,120.676127,24.17968,"{'itemNo': 1, 'cityName': '臺中市', 'distName': '北屯區', 'address': '臺中市北屯區水連街68號'}",臺中市政府文化局,臺中市文化資產處,臺中市西區市府路41巷19號,04-22290280,"<a href=""http://nchdb.boch.gov.tw/assets/advanceSearch/historicalBuilding/20150804000001"" target=""_blank"">http://nchdb.boch.gov.tw/assets/advanceSearch/historicalBuilding/20150804000001</a>","[{'classification': '指定/登錄', 'officialDocNo': '府授文資古字第10302620931號', 'registerDate': '2014-12-18 00:00:00.0'}, {'classification': '變更/修正', 'officialDocNo': '府授文資古字第10401536291號', 'registerDate': '2015-08-04 00:00:00.0'}, {'classification': '變更/修正', 'officialDocNo': '府授文資古字第11001538821號', 'registerDate': '2021-07-06 15:08:12.726'}]",產業,臺中市
1165,20140217000001,臺中市第四市場,"{'code': 'A99', 'name': '其他設施', 'other': '歷史建築'}",<<歷史建築登錄廢止審查及輔助辦法>>第2條第1項第1、2、3、4款,120.693503,24.140632,"{'itemNo': 1, 'cityName': '臺中市', 'distName': '東區', 'address': '南京路34號'}",臺中市政府文化局,臺中市文化資產處,臺中市西區市府路41巷19號,0422290280,"<a href=""http://nchdb.boch.gov.tw/assets/advanceSearch/historicalBuilding/20140217000001"" target=""_blank"">http://nchdb.boch.gov.tw/assets/advanceSearch/historicalBuilding/20140217000001</a>","[{'classification': '指定/登錄', 'officialDocNo': '府授文資古字第10400369541號', 'registerDate': '2015-02-17 00:00:00.0'}]",其他設施,臺中市
1166,20150423000002,豐原林務局宿舍群,"{'code': 'A99', 'name': '其他設施', 'other': '宿舍'}",文化資產保存法第15條,120.721671,24.246639,"{'itemNo': 1, 'cityName': '臺中市', 'distName': '豐原區', 'address': '豐原區陽明街70、72、74、77、83號，76巷2、3號，66巷3號，66巷1弄1、2、3、5、7、9 、11號，66巷5弄3號，66巷7弄2、4號，南陽路逸仙莊62、63、64、67號'}",臺中市政府文化局,臺中市文化資產處,臺中市西區市府路41巷19號,04-22290280,"<a href=""http://nchdb.boch.gov.tw/assets/advanceSearch/historicalBuilding/20150423000002"" target=""_blank"">http://nchdb.boch.gov.tw/assets/advanceSearch/historicalBuilding/20150423000002</a>","[{'classification': '指定/登錄', 'officialDocNo': '府授文資古字第1040087770號', 'registerDate': '2015-04-23 15:23:07.299'}, {'classification': '變更/修正', 'officialDocNo': '府授文資古字第10701239161號', 'registerDate': '2018-06-15 00:00:00.0'}]",其他設施,臺中市
1167,20151207000001,軍功國小日式宿舍,"{'code': 'A99', 'name': '其他設施', 'other': '宿舍'}",文化資產保存法第15條、歷史建築登錄廢止審查及輔助辦法第2、3、4條規定,120.727737,24.177533,"{'itemNo': 1, 'cityName': '臺中市', 'distName': '北屯區', 'address': '臺中市北屯區軍和街517、519號'}",臺中市政府文化局,臺中市文化資產處,臺中市西區市府路41巷19號,04-22290280轉205,"<a href=""http://nchdb.boch.gov.tw/assets/advanceSearch/historicalBuilding/20151207000001"" target=""_blank"">http://nchdb.boch.gov.tw/assets/advanceSearch/historicalBuilding/20151207000001</a>","[{'classification': '指定/登錄', 'officialDocNo': '府授文資古字第1040272065號', 'registerDate': '2015-12-07 00:00:00.0'}]",其他設施,臺中市
1168,20160623000001,臺中驛第二貨物倉庫群（20號倉庫群）,"{'code': 'A99', 'name': '其他設施', 'other': '倉庫'}",文化資產保存法第18條、歷史建築紀念建築登錄廢止審查及輔助辦法第2條。,120.687875,24.136805,"{'itemNo': 1, 'cityName': '臺中市', 'distName': '東區', 'address': '20號倉庫群：東區復興路四段37巷6-1號'}",臺中市政府文化局,臺中市文化資產處,403420 臺中市西區市府路41巷19號,04-22290280,"<a href=""http://nchdb.boch.gov.tw/assets/advanceSearch/historicalBuilding/20160623000001"" target=""_blank"">http://nchdb.boch.gov.tw/assets/advanceSearch/historicalBuilding/20160623000001</a>","[{'classification': '指定/登錄', 'officialDocNo': '府授文資古字第10500013923號', 'registerDate': '2016-01-12 00:00:00.0'}, {'classification': '變更/修正', 'officialDocNo': '府授文資古字第10501279011號', 'registerDate': '2016-06-23 00:00:00.0'}, {'classification': '變更/修正', 'officialDocNo': '府授文資古字第10801327221號', 'registerDate': '2019-06-21 00:00:00.0'}]",其他設施,臺中市
1169,20160204000003,后里馬場場長宿舍,"{'code': 'A20', 'name': '辦公廳舍'}",文化資產保存法第15條、歷史建築登錄廢止審查及輔助辦法第3、4條規定,120.735537,24.298544,"{'itemNo': 1, 'cityName': '臺中市', 'distName': '后里區', 'address': '牛稠坑段179 - 2地號'}",臺中市政府文化局,臺中市文化資產處,臺中市西區市府路41巷19號,04-22290280,"<a href=""http://nchdb.boch.gov.tw/assets/advanceSearch/historicalBuilding/20160204000003"" target=""_blank"">http://nchdb.boch.gov.tw/assets/advanceSearch/historicalBuilding/20160204000003</a>","[{'classification': '指定/登錄', 'officialDocNo': '府授文資古字第10500268323號', 'registerDate': '2016-02-04 00:00:00.0'}, {'classification': '變更/修正', 'officialDocNo': '府授文資古字第10702625941號', 'registerDate': '2018-11-02 14:24:51.265'}]",辦公廳舍,臺中市
1170,20160523000001,臺中地方法院舊宿舍群,"{'code': 'A3', 'name': '宅第'}",<<歷史建築登錄廢止審查及輔助辦法>>第2條第1項第1、2、3款,120.674452,24.135174,"{'itemNo': 1, 'cityName': '臺中市', 'distName': '西區', 'address': '府後街2號、4號、6號、8號'}",臺中市政府文化局,臺中市文化資產處,403420 臺中市西區市府路41巷19號,04-22290280,"<a href=""http://nchdb.boch.gov.tw/assets/advanceSearch/historicalBuilding/20160523000001"" target=""_blank"">http://nchdb.boch.gov.tw/assets/advanceSearch/historicalBuilding/20160523000001</a>","[{'classification': '指定/登錄', 'officialDocNo': '府授文資古字第10500953971號', 'registerDate': '2016-05-23 00:00:00.0'}]",宅第,臺中市
1170,20160523000001,臺中地方法院舊宿舍群,"{'code': 'A3', 'name': '宅第'}",<<歷史建築登錄廢止審查及輔助辦法>>第2條第1項第1、2、3款,120.674452,24.135174,"{'itemNo': 2, 'cityName': '臺中市', 'distName': '西區', 'address': '府後街10號、12號'}",臺中市政府文化局,臺中市文化資產處,403420 臺中市西區市府路41巷19號,04-22290280,"<a href=""http://nchdb.boch.gov.tw/assets/advanceSearch/historicalBuilding/20160523000001"" target=""_blank"">http://nchdb.boch.gov.tw/assets/advanceSearch/historicalBuilding/20160523000001</a>","[{'classification': '指定/登錄', 'officialDocNo': '府授文資古字第10500953971號', 'registerDate': '2016-05-23 00:00:00.0'}]",宅第,臺中市
1170,20160523000001,臺中地方法院舊宿舍群,"{'code': 'A3', 'name': '宅第'}",<<歷史建築登錄廢止審查及輔助辦法>>第2條第1項第1、2、3款,120.674452,24.135174,"{'itemNo': 3, 'cityName': '臺中市', 'distName': '西區', 'address': '林森路24巷11號15號、17號、19號'}",臺中市政府文化局,臺中市文化資產處,403420 臺中市西區市府路41巷19號,04-22290280,"<a href=""http://nchdb.boch.gov.tw/assets/advanceSearch/historicalBuilding/20160523000001"" target=""_blank"">http://nchdb.boch.gov.tw/assets/advanceSearch/historicalBuilding/20160523000001</a>","[{'classification': '指定/登錄', 'officialDocNo': '府授文資古字第10500953971號', 'registerDate': '2016-05-23 00:00:00.0'}]",宅第,臺中市
1170,20160523000001,臺中地方法院舊宿舍群,"{'code': 'A3', 'name': '宅第'}",<<歷史建築登錄廢止審查及輔助辦法>>第2條第1項第1、2、3款,120.674452,24.135174,"{'itemNo': 4, 'cityName': '臺中市', 'distName': '西區', 'address': '林森路24巷1號、7號、9號'}",臺中市政府文化局,臺中市文化資產處,403420 臺中市西區市府路41巷19號,04-22290280,"<a href=""http://nchdb.boch.gov.tw/assets/advanceSearch/historicalBuilding/20160523000001"" target=""_blank"">http://nchdb.boch.gov.tw/assets/advanceSearch/historicalBuilding/20160523000001</a>","[{'classification': '指定/登錄', 'officialDocNo': '府授文資古字第10500953971號', 'registerDate': '2016-05-23 00:00:00.0'}]",宅第,臺中市
1171,20130925000002,戰後望高寮砲堡群（A01、A02、A03、A04）,"{'code': 'A99', 'name': '其他設施', 'other': '軍事設施'}",文化資產保存法第15條暨歷史建築登錄廢止審查及輔助辦法第3、4條,120.577654018201,24.145910403288,"{'itemNo': 1, 'cityName': '臺中市', 'distName': '南屯區', 'address': '大肚山望高寮地區'}",臺中市政府,臺中市文化資產處,臺中市西區市府路41巷19號,04-22290280,"<a href=""http://nchdb.boch.gov.tw/assets/advanceSearch/historicalBuilding/20130925000002"" target=""_blank"">http://nchdb.boch.gov.tw/assets/advanceSearch/historicalBuilding/20130925000002</a>","[{'classification': '指定/登錄', 'officialDocNo': '府授文資字第0950071514號', 'registerDate': '2006-04-24 14:24:39.352'}, {'classification': '變更/修正', 'officialDocNo': '府授文資一字第1020177884號', 'registerDate': '2013-09-25 00:00:00.0'}]",其他設施,臺中市
1172,20161007000001,臺中支局葉煙草再乾燥場建築群,"{'code': 'A16', 'name': '產業'}",<<歷史建築紀念建築登錄廢止審查及輔助辦法>>第2條第1項第1、2、3款,120.690571,24.117844,"{'itemNo': 1, 'cityName': '臺中市', 'distName': '大里區', 'address': '中興路二段704號'}",臺中市文化資產處,古蹟歷建課,臺中市西區市府路41巷19號,04-22290280,"<a href=""http://nchdb.boch.gov.tw/assets/advanceSearch/historicalBuilding/20161007000001"" target=""_blank"">http://nchdb.boch.gov.tw/assets/advanceSearch/historicalBuilding/20161007000001</a>","[{'classification': '指定/登錄', 'officialDocNo': '府授文資古字第10502015091號', 'registerDate': '2016-10-07 00:00:00.0'}, {'classification': '變更/修正', 'officialDocNo': '府授文資古字第10802702381號', 'registerDate': '2019-11-19 00:00:00.0'}]",產業,臺中市
1173,20161101000001,西區四維街日式招待所,"{'code': 'A3', 'name': '宅第'}",文化資產保存法第18條及歷史建築登錄廢止審查及輔助辦法第2條、第4條,120.676046,24.137244,"{'itemNo': 1, 'cityName': '臺中市', 'distName': '西區', 'address': '四維街1號'}",臺中市政府文化局,臺中市文化資產處,403420 臺中市西區市府路41巷19號,04-22290280,"<a href=""http://nchdb.boch.gov.tw/assets/advanceSearch/historicalBuilding/20161101000001"" target=""_blank"">http://nchdb.boch.gov.tw/assets/advanceSearch/historicalBuilding/20161101000001</a>","[{'classification': '指定/登錄', 'officialDocNo': '府授文資古字第10502293501號', 'registerDate': '2016-11-01 00:00:00.0'}]",宅第,臺中市
1174,20161104000001,西區民生路56巷日式宿舍,"{'code': 'A3', 'name': '宅第'}",文化資產保存法第18條、歷史建築登錄廢止審查及輔助辦法第3條、第4條,120.676281,24.138782,"{'itemNo': 1, 'cityName': '臺中市', 'distName': '西區', 'address': '民生路56巷1號'}",臺中市政府文化局,臺中市文化資產處,403420 臺中市西區市府路41巷19號,04-22290280,"<a href=""http://nchdb.boch.gov.tw/assets/advanceSearch/historicalBuilding/20161104000001"" target=""_blank"">http://nchdb.boch.gov.tw/assets/advanceSearch/historicalBuilding/20161104000001</a>","[{'classification': '指定/登錄', 'officialDocNo': '府授文資古字第10502293511號', 'registerDate': '2016-11-04 00:00:00.0'}]",宅第,臺中市
1175,20161003000001,堀江町日式街屋,"{'code': 'A3', 'name': '宅第'}",<<歷史建築登錄廢止審查及輔助辦法>>第2條第1項第1、2、3、4款,120.279654,22.6241856,"{'itemNo': 1, 'cityName': '高雄市', 'distName': '鹽埕區', 'address': '建國四路120號'}",高雄市政府,高雄市政府文化局,五福一路67號,07-2225136#8329,"<a href=""http://nchdb.boch.gov.tw/assets/advanceSearch/historicalBuilding/20161003000001"" target=""_blank"">http://nchdb.boch.gov.tw/assets/advanceSearch/historicalBuilding/20161003000001</a>","[{'classification': '指定/登錄', 'officialDocNo': '高市府文資字第10531317901號函', 'registerDate': '2016-10-03 00:00:00.0'}]",宅第,高雄市
1176,20161018000001,台灣基督長老教會楠梓禮拜堂,"{'code': 'A10', 'name': '教堂'}",<<歷史建築登錄廢止審查及輔助辦法>>第2條第1項第1、2、3、4款,120.328535,22.730377,"{'itemNo': 1, 'cityName': '高雄市', 'distName': '楠梓區', 'address': '楠梓路135號'}",高雄市政府,高雄市政府文化局,五福一路67號,07-2225136#8955,"<a href=""http://nchdb.boch.gov.tw/assets/advanceSearch/historicalBuilding/20161018000001"" target=""_blank"">http://nchdb.boch.gov.tw/assets/advanceSearch/historicalBuilding/20161018000001</a>","[{'classification': '指定/登錄', 'officialDocNo': '高市府文資字第10531482201號函', 'registerDate': '2016-10-18 00:00:00.0'}]",教堂,高雄市
1177,20161121000001,新濱町一丁目連棟紅磚街屋,"{'code': 'A3', 'name': '宅第'}",<<歷史建築登錄廢止審查及輔助辦法>>第2條第1項第1、2、3、4款,120.27406588742565,22.62011610162683,"{'itemNo': 1, 'cityName': '高雄市', 'distName': '鼓山區', 'address': '濱海一路2、4、6、6-1號及鼓山一路7號'}",高雄市政府,高雄市政府文化局,高雄市苓雅區五福一路67號,(07)222-5136分機8829,"<a href=""http://nchdb.boch.gov.tw/assets/advanceSearch/historicalBuilding/20161121000001"" target=""_blank"">http://nchdb.boch.gov.tw/assets/advanceSearch/historicalBuilding/20161121000001</a>","[{'classification': '指定/登錄', 'officialDocNo': '高市府文資字第10531653401號函', 'registerDate': '2016-11-21 00:00:00.0'}]",宅第,高雄市
1178,20161031000001,復興巴陵橋暨巴陵一、二號隧道,"{'code': 'A15', 'name': '橋樑'}",歷史建築登錄廢止審查及輔助辦法第2條第1、3、4款。,121.3779241,24.6809586,"{'itemNo': 1, 'cityName': '桃園市', 'distName': '復興區', 'address': '桃園市復興區巴陵橋及其兩端隧道（北端近台七線45k+900處，南端近台七線46k+200處）'}",桃園市政府文化局,文化資產科,桃園市桃園區縣府路21號,03-3322592#8617,"<a href=""http://nchdb.boch.gov.tw/assets/advanceSearch/historicalBuilding/20161031000001"" target=""_blank"">http://nchdb.boch.gov.tw/assets/advanceSearch/historicalBuilding/20161031000001</a>","[{'classification': '指定/登錄', 'officialDocNo': '府文資字第1050251375號', 'registerDate': '2016-10-31 00:00:00.0'}]",橋樑,桃園市
1179,20160629000001,桃園車站舊倉庫,"{'code': 'A16', 'name': '產業'}",符合歷史建築登錄廢止審查及輔助辦法第2條第1、3、4款規定,121.31576,24.989943,"{'itemNo': 1, 'cityName': '桃園市', 'distName': '桃園區', 'address': '萬壽路3段241號'}",桃園市政府文化局,文化資產科,桃園市桃園區縣府路21號,03-3322592分機8607,"<a href=""http://nchdb.boch.gov.tw/assets/advanceSearch/historicalBuilding/20160629000001"" target=""_blank"">http://nchdb.boch.gov.tw/assets/advanceSearch/historicalBuilding/20160629000001</a>","[{'classification': '指定/登錄', 'officialDocNo': '府文資字第1050153627號', 'registerDate': '2016-06-29 00:00:00.0'}, {'classification': '變更/修正', 'officialDocNo': '府文資字第11102488721號', 'registerDate': '2022-09-15 00:00:00.0', 'note': '地籍重測'}]",產業,桃園市
1179,20160629000001,桃園車站舊倉庫,"{'code': 'A16', 'name': '產業'}",符合歷史建築登錄廢止審查及輔助辦法第2條第1、3、4款規定,121.31576,24.989943,"{'itemNo': 2, 'cityName': '桃園市', 'distName': '桃園區', 'address': '萬壽路3段243號'}",桃園市政府文化局,文化資產科,桃園市桃園區縣府路21號,03-3322592分機8607,"<a href=""http://nchdb.boch.gov.tw/assets/advanceSearch/historicalBuilding/20160629000001"" target=""_blank"">http://nchdb.boch.gov.tw/assets/advanceSearch/historicalBuilding/20160629000001</a>","[{'classification': '指定/登錄', 'officialDocNo': '府文資字第1050153627號', 'registerDate': '2016-06-29 00:00:00.0'}, {'classification': '變更/修正', 'officialDocNo': '府文資字第11102488721號', 'registerDate': '2022-09-15 00:00:00.0', 'note': '地籍重測'}]",產業,桃園市
1179,20160629000001,桃園車站舊倉庫,"{'code': 'A16', 'name': '產業'}",符合歷史建築登錄廢止審查及輔助辦法第2條第1、3、4款規定,121.31576,24.989943,"{'itemNo': 3, 'cityName': '桃園市', 'distName': '桃園區', 'address': '萬壽路3段245號'}",桃園市政府文化局,文化資產科,桃園市桃園區縣府路21號,03-3322592分機8607,"<a href=""http://nchdb.boch.gov.tw/assets/advanceSearch/historicalBuilding/20160629000001"" target=""_blank"">http://nchdb.boch.gov.tw/assets/advanceSearch/historicalBuilding/20160629000001</a>","[{'classification': '指定/登錄', 'officialDocNo': '府文資字第1050153627號', 'registerDate': '2016-06-29 00:00:00.0'}, {'classification': '變更/修正', 'officialDocNo': '府文資字第11102488721號', 'registerDate': '2022-09-15 00:00:00.0', 'note': '地籍重測'}]",產業,桃園市
1180,20161110000001,舊嘉義市公所,"{'code': 'A6', 'name': '衙署'}",《文化資產保存法》第18條暨《歷史建築登錄廢止審查及輔助辦法》第2條第1項登錄基準第1–4款規定。,120.44632550217807,23.474074848376876,"{'itemNo': 1, 'cityName': '嘉義市', 'distName': '東區', 'address': '嘉義市民生北路1號'}",嘉義市政府文化局,文化資產科,嘉義市東區忠孝路275號,052788225＃508,"<a href=""http://nchdb.boch.gov.tw/assets/advanceSearch/historicalBuilding/20161110000001"" target=""_blank"">http://nchdb.boch.gov.tw/assets/advanceSearch/historicalBuilding/20161110000001</a>","[{'classification': '指定/登錄', 'officialDocNo': '府授文資字第1055103717號', 'registerDate': '2016-11-10 00:00:00.0'}]",衙署,嘉義市
1181,20161201000001,赤崁東街日式宿舍,"{'code': 'A3', 'name': '宅第'}",《歷史建築紀念建築登錄廢止審查及補助辦法》第2條第1項第2款。,120.204004,22.998349,"{'itemNo': 1, 'cityName': '臺南市', 'distName': '中西區', 'address': '臺南市中西區忠義路二段233巷2、4、6、8號'}",臺南市政府,臺南市文化資產管理處,臺南市中西區中正路5巷1號3樓,06-2213569,"<a href=""http://nchdb.boch.gov.tw/assets/advanceSearch/historicalBuilding/20161201000001"" target=""_blank"">http://nchdb.boch.gov.tw/assets/advanceSearch/historicalBuilding/20161201000001</a>","[{'classification': '指定/登錄', 'officialDocNo': '府文資處字第1051206516B號公告', 'registerDate': '2016-12-01 00:00:00.0'}, {'classification': '變更/修正', 'officialDocNo': '府文資處字第1081123719A號', 'registerDate': '2019-10-15 00:00:00.0'}]",宅第,臺南市
1182,20161201000002,原臺灣省立成功大學總圖書館,"{'code': 'A99', 'name': '其他設施', 'other': '圖書館'}",歷史建築登錄廢止審查及輔助辦法第2條第1項第1及第3款。,120.219483,22.995595,"{'itemNo': 1, 'cityName': '臺南市', 'distName': '東區', 'address': '臺南市東區大學路1號(勝利校區)'}",臺南市政府,臺南市文化資產管理處,臺南市安平區永華路二段6號,06-2213597,"<a href=""http://nchdb.boch.gov.tw/assets/advanceSearch/historicalBuilding/20161201000002"" target=""_blank"">http://nchdb.boch.gov.tw/assets/advanceSearch/historicalBuilding/20161201000002</a>","[{'classification': '指定/登錄', 'officialDocNo': '府文資處字第1051 206516B號公告', 'registerDate': '2016-12-01 00:00:00.0'}]",其他設施,臺南市
1183,20160728000001,阿根納造船廠遺構,"{'code': 'A16', 'name': '產業'}",《歷史建築登錄廢止審查及輔助辦法》第2條第1項第1、2、3款。,121.769493,25.153772,"{'itemNo': 1, 'cityName': '基隆市', 'distName': '中正區', 'address': '和平橋頭(原門牌號：基隆市中正區正濱路116巷1號)'}",基隆市文化觀光局,文化資產科,基隆市中正區信一路181號,(02)2422-4170,"<a href=""http://nchdb.boch.gov.tw/assets/advanceSearch/historicalBuilding/20160728000001"" target=""_blank"">http://nchdb.boch.gov.tw/assets/advanceSearch/historicalBuilding/20160728000001</a>","[{'classification': '指定/登錄', 'officialDocNo': '府授文資壹字第1050330106B號', 'registerDate': '2016-07-28 00:00:00.0'}]",產業,基隆市
1184,20161201000003,原佳里郵便局,"{'code': 'A99', 'name': '其他設施', 'other': '官署'}",歷史建築登錄廢止審查及輔助辦法第2條第1項第1及第3款,120.177515,23.16516,"{'itemNo': 1, 'cityName': '臺南市', 'distName': '佳里區', 'address': '中山路425號'}",臺南市政府,臺南市文化資產管理處,臺南市中西區中正路5巷1號,06-2213597,"<a href=""http://nchdb.boch.gov.tw/assets/advanceSearch/historicalBuilding/20161201000003"" target=""_blank"">http://nchdb.boch.gov.tw/assets/advanceSearch/historicalBuilding/20161201000003</a>","[{'classification': '指定/登錄', 'officialDocNo': '府文資處字第1051206516B號公告', 'registerDate': '2016-12-01 00:00:00.0'}]",其他設施,臺南市
1185,20161201000004,原龍崎庄長官舍,"{'code': 'A3', 'name': '宅第'}","歷史建築登錄廢止審查及輔助辦法第2條第1項第1及第3款。
",120.360128,22.965556,"{'itemNo': 1, 'cityName': '臺南市', 'distName': '龍崎區', 'address': '臺南市龍崎區崎頂里6鄰新市子216號'}",臺南市政府,臺南市文化資產管理處,臺南市中西區中正路5巷1號,06-2213597,"<a href=""http://nchdb.boch.gov.tw/assets/advanceSearch/historicalBuilding/20161201000004"" target=""_blank"">http://nchdb.boch.gov.tw/assets/advanceSearch/historicalBuilding/20161201000004</a>","[{'classification': '指定/登錄', 'officialDocNo': '府文資處字第1051 206516B號公告', 'registerDate': '2016-12-01 00:00:00.0'}]",宅第,臺南市
1186,20161121000002,烏崁洪辛任古宅,"{'code': 'A3', 'name': '宅第'}",<<歷史建築登錄廢止審查及輔助辦法>>第2條第1項第1、2款,119.620069,23.547431,"{'itemNo': 1, 'cityName': '澎湖縣', 'distName': '馬公市', 'address': '烏崁里96號'}",澎湖縣政府文化局,文化資產科,澎湖縣馬公市中華路230號,06-9261141#138,"<a href=""http://nchdb.boch.gov.tw/assets/advanceSearch/historicalBuilding/20161121000002"" target=""_blank"">http://nchdb.boch.gov.tw/assets/advanceSearch/historicalBuilding/20161121000002</a>","[{'classification': '指定/登錄', 'officialDocNo': '府授文資字第10537038582號', 'registerDate': '2016-11-21 00:00:00.0'}]",宅第,澎湖縣
1187,20160711000001,農糧署苗栗辦事處,"{'code': 'A6', 'name': '衙署'}",<<歷史建築登錄廢止審查及輔助辦法>>第2條第1項第2、4款,120.82373,24.565585,"{'itemNo': 1, 'cityName': '苗栗縣', 'distName': '苗栗市', 'address': '建功里6鄰中正路184號'}",苗栗縣政府文化觀光局,文化資產科,苗栗市北苗里自治路50號,037-352961#712,"<a href=""http://nchdb.boch.gov.tw/assets/advanceSearch/historicalBuilding/20160711000001"" target=""_blank"">http://nchdb.boch.gov.tw/assets/advanceSearch/historicalBuilding/20160711000001</a>","[{'classification': '指定/登錄', 'officialDocNo': '府文資字第1050006524C號', 'registerDate': '2016-07-11 00:00:00.0'}]",衙署,苗栗縣
1188,20161220000001,國立花蓮高級工業職業學校歷史建築群,"{'code': 'A24', 'name': '學校'}",文化資產保存法第18條、歷史建築登錄廢止審查及輔助辦法第2條第1項第1款、第3款、第4款。,121.6206,23.99861,"{'itemNo': 1, 'cityName': '花蓮縣', 'distName': '花蓮市', 'address': '花蓮縣花蓮市府前路27號'}",花蓮縣文化局,文化資產科,花蓮縣花蓮市文復路6號,03-8227121-316,"<a href=""http://nchdb.boch.gov.tw/assets/advanceSearch/historicalBuilding/20161220000001"" target=""_blank"">http://nchdb.boch.gov.tw/assets/advanceSearch/historicalBuilding/20161220000001</a>","[{'classification': '指定/登錄', 'officialDocNo': '府文資字第1050235944A號', 'registerDate': '2016-12-20 00:00:00.0'}]",學校,花蓮縣
1189,20161221000002,平林圳過水橋,"{'code': 'A99', 'name': '其他設施', 'other': '水利設施'}",文化資產保存法第18條、歷史建築登錄廢止審查及輔助辦法第2條第1項第2款、第3款。,121.44923,23.79301,"{'itemNo': 1, 'cityName': '花蓮縣', 'distName': '鳳林鎮', 'address': '花蓮縣鳳林鎮南平段1地號'}",花蓮縣文化局,文化資產科,花蓮縣花蓮市文復路6號,03-8227121-316,"<a href=""http://nchdb.boch.gov.tw/assets/advanceSearch/historicalBuilding/20161221000002"" target=""_blank"">http://nchdb.boch.gov.tw/assets/advanceSearch/historicalBuilding/20161221000002</a>","[{'classification': '指定/登錄', 'officialDocNo': '府文資字第1050239243A號', 'registerDate': '2016-12-21 00:00:00.0'}]",其他設施,花蓮縣
1190,20161221000003,林田圳虹吸式圳道,"{'code': 'A99', 'name': '其他設施', 'other': '水利設施'}",文化資產保存法第18條、歷史建築登錄廢止審查及輔助辦法第2條第1項第2款、第3款。,121.4667,23.76345,"{'itemNo': 1, 'cityName': '花蓮縣', 'distName': '鳳林鎮', 'address': '花蓮縣鳳林鎮北林段172、1247、1298-4地號'}",花蓮縣文化局,文化資產科,花蓮縣花蓮市文復路6號,03-8227121-316,"<a href=""http://nchdb.boch.gov.tw/assets/advanceSearch/historicalBuilding/20161221000003"" target=""_blank"">http://nchdb.boch.gov.tw/assets/advanceSearch/historicalBuilding/20161221000003</a>","[{'classification': '指定/登錄', 'officialDocNo': '府文資字第1050239244A號', 'registerDate': '2016-12-21 00:00:00.0'}, {'classification': '變更/修正', 'officialDocNo': '府文資字第1070068403A號', 'registerDate': '2018-04-18 00:00:00.0'}]",其他設施,花蓮縣
1191,20161108000001,復興巴壟橋紀念柱,"{'code': 'A9', 'name': '碑碣'}",歷史建築登錄廢止審查及輔助辦法第2條第1項第1款。,121.37795,24.68183,"{'itemNo': 1, 'cityName': '桃園市', 'distName': '復興區', 'address': '桃園市復興區巴陵一號隧道入口旁（復興端，近台7線45k+900處）'}",桃園市政府文化局,文化資產科,桃園市桃園區縣府路21號,03-3322592#8617,"<a href=""http://nchdb.boch.gov.tw/assets/advanceSearch/historicalBuilding/20161108000001"" target=""_blank"">http://nchdb.boch.gov.tw/assets/advanceSearch/historicalBuilding/20161108000001</a>","[{'classification': '指定/登錄', 'officialDocNo': '府文資字第1050264574號', 'registerDate': '2016-11-08 00:00:00.0'}]",碑碣,桃園市
1192,20170210000001,豐原火車站臺鐵3號倉庫,"{'code': 'A16', 'name': '產業'}",文化資產保存法第18條、歷史建築登錄廢止審查及輔助辦法第3條、第4條規定,120.722637,24.253635,"{'itemNo': 1, 'cityName': '臺中市', 'distName': '豐原區', 'address': '臺中市歷史建築「頂街派出所」南側建物'}",臺中市政府文化局,臺中市文化資產處,臺中市西區市府路41巷19號,04-22290280,"<a href=""http://nchdb.boch.gov.tw/assets/advanceSearch/historicalBuilding/20170210000001"" target=""_blank"">http://nchdb.boch.gov.tw/assets/advanceSearch/historicalBuilding/20170210000001</a>","[{'classification': '指定/登錄', 'officialDocNo': '府授文資古字第10600184671號', 'registerDate': '2017-02-10 00:00:00.0'}]",產業,臺中市
1193,20170220000001,清泉崗聖潔教會,"{'code': 'A10', 'name': '教堂'}",文化資產保存法第18條、歷史建築登錄廢止審查及輔助辦法第3條、第4條規定。,120.621614,24.235297,"{'itemNo': 1, 'cityName': '臺中市', 'distName': '大雅區', 'address': '忠義里仁愛路81號'}",臺中市政府文化局,臺中市文化資產處,臺中市西區市府路41巷19號,04-22290280,"<a href=""http://nchdb.boch.gov.tw/assets/advanceSearch/historicalBuilding/20170220000001"" target=""_blank"">http://nchdb.boch.gov.tw/assets/advanceSearch/historicalBuilding/20170220000001</a>","[{'classification': '指定/登錄', 'officialDocNo': '府授文資古字第10600289621號', 'registerDate': '2017-02-20 00:00:00.0'}]",教堂,臺中市
1194,20170220000002,七虎籃球場,"{'code': 'A99', 'name': '其他設施', 'other': '籃球場'}",文化資產保存法第18條及歷史建築登錄廢止審查及輔助辦法第4條規定,121.4976121,25.1285349,"{'itemNo': 1, 'cityName': '臺北市', 'distName': '北投區', 'address': '臺北市北投區大業段一小段243-3、244、244-1、244-2、340-1、340-2及245-1等7筆地號上'}",臺北市政府文化局,文化資產科,臺北市信義區市府路1號4樓東北區,(02)2720-8889,"<a href=""http://nchdb.boch.gov.tw/assets/advanceSearch/historicalBuilding/20170220000002"" target=""_blank"">http://nchdb.boch.gov.tw/assets/advanceSearch/historicalBuilding/20170220000002</a>","[{'classification': '指定/登錄', 'officialDocNo': '北市文化文資字第10630415800號', 'registerDate': '2017-02-20 00:00:00.0', 'note': '登錄歷史建築'}]",其他設施,臺北市
1195,20161230000001,宜蘭五穀廟,"{'code': 'A2', 'name': '寺廟'}",<<歷史建築登錄廢止審查及輔助辦法>>第2條第1項第1、2、3、4款,121.75185290000002,24.7535166,"{'itemNo': 1, 'cityName': '宜蘭縣', 'distName': '宜蘭市', 'address': '神農路2段162號'}",宜蘭縣政府文化局,文化資產科,宜蘭縣五結鄉中正路二段6之8號,03-9322440*652,"<a href=""http://nchdb.boch.gov.tw/assets/advanceSearch/historicalBuilding/20161230000001"" target=""_blank"">http://nchdb.boch.gov.tw/assets/advanceSearch/historicalBuilding/20161230000001</a>","[{'classification': '指定/登錄', 'officialDocNo': '府文資字第1050009576B號', 'registerDate': '2016-12-30 00:00:00.0'}]",寺廟,宜蘭縣
1196,20160914000001,宜蘭縣政府舊員工宿舍群,"{'code': 'A99', 'name': '其他設施', 'other': '員工宿舍'}",文化資產保存法第18條及歷史建築登錄廢止審查及輔助辦法第2條第1項第1、2、3、4款規定。,121.75369913020486,24.752135353482572,"{'itemNo': 1, 'cityName': '宜蘭縣', 'distName': '宜蘭市', 'address': '中山路2段430巷兩側'}",宜蘭縣政府文化局,文化資產科,宜蘭縣五結鄉中正路二段6之8號,03-9322440*652,"<a href=""http://nchdb.boch.gov.tw/assets/advanceSearch/historicalBuilding/20160914000001"" target=""_blank"">http://nchdb.boch.gov.tw/assets/advanceSearch/historicalBuilding/20160914000001</a>","[{'classification': '指定/登錄', 'officialDocNo': '府文資字第1050006706A號', 'registerDate': '2016-09-14 00:00:00.0'}]",其他設施,宜蘭縣
1197,20170405000001,原士林公會堂,"{'code': 'A99', 'name': '其他設施', 'other': '公共建築'}",符合歷史建築登錄廢止審查及輔助辦法第2條第1項第1、3、4款評定基準。 ,121.525072,25.0922377,"{'itemNo': 1, 'cityName': '臺北市', 'distName': '士林區', 'address': '大東路145號'}",臺北市政府文化局,文化資產科,臺北市信義區市府路1號4樓東北區,(02)2720-8889,"<a href=""http://nchdb.boch.gov.tw/assets/advanceSearch/historicalBuilding/20170405000001"" target=""_blank"">http://nchdb.boch.gov.tw/assets/advanceSearch/historicalBuilding/20170405000001</a>","[{'classification': '指定/登錄', 'officialDocNo': '北市文化文資字第10630422300號', 'registerDate': '2017-03-09 00:00:00.0', 'note': '登錄歷史建築'}]",其他設施,臺北市
1198,20170317000001,延平北路二段134號店屋,"{'code': 'A3', 'name': '宅第'}",符合歷史建築登錄廢止審查及輔助辦法第2條第1項第1、3款評定基準。,121.5114432,25.0574245,"{'itemNo': 1, 'cityName': '臺北市', 'distName': '大同區', 'address': '延平北路二段134號'}",臺北市政府文化局,文化資產科,臺北市信義區市府路1號4樓東北區,(02)2720-8889,"<a href=""http://nchdb.boch.gov.tw/assets/advanceSearch/historicalBuilding/20170317000001"" target=""_blank"">http://nchdb.boch.gov.tw/assets/advanceSearch/historicalBuilding/20170317000001</a>","[{'classification': '指定/登錄', 'officialDocNo': '北市文化文資字第10630423800號', 'registerDate': '2017-03-17 00:00:00.0', 'note': '登錄'}]",宅第,臺北市
1199,20170317000002,關渡日軍震洋特攻艇收納所,"{'code': 'A99', 'name': '其他設施', 'other': '軍事設施'}",<<歷史建築登錄廢止審查及輔助辦法>>第2條第1、2款,121.463494,25.117352,"{'itemNo': 1, 'cityName': '臺北市', 'distName': '北投區', 'address': '知行路360-1號'}",臺北市政府文化局,文化資產科,臺北市信義區市府路1號4樓東北區,(02)2720-8889,"<a href=""http://nchdb.boch.gov.tw/assets/advanceSearch/historicalBuilding/20170317000002"" target=""_blank"">http://nchdb.boch.gov.tw/assets/advanceSearch/historicalBuilding/20170317000002</a>","[{'classification': '指定/登錄', 'officialDocNo': '北市文化文資字第10630428900號', 'registerDate': '2017-03-17 00:00:00.0', 'note': '登錄歷史建築'}, {'classification': '變更/修正', 'officialDocNo': '北市文化文資字第11230410521號', 'registerDate': '2023-12-14 00:00:00.0', 'note': '變更定著土地範圍、名稱及登錄理由。'}]",其他設施,臺北市
1200,20170324000001,原鹽水港製糖株式會社岸內製糖所實驗室,"{'code': 'A16', 'name': '產業'}",歷史建築登錄廢止審查及輔助辦法第2條第1項第1及第3款。,120.261707,23.332221,"{'itemNo': 1, 'cityName': '臺南市', 'distName': '鹽水區', 'address': '岸內'}",臺南市政府,臺南市文化資產管理處,臺南市中西區中正路5巷1號,06-2213597,"<a href=""http://nchdb.boch.gov.tw/assets/advanceSearch/historicalBuilding/20170324000001"" target=""_blank"">http://nchdb.boch.gov.tw/assets/advanceSearch/historicalBuilding/20170324000001</a>","[{'classification': '指定/登錄', 'officialDocNo': '府文資處字第1060283224B號', 'registerDate': '2017-03-24 00:00:00.0'}]",產業,臺南市
1201,20170324000002,桃園農工宿舍群,"{'code': 'A3', 'name': '宅第'}",<<歷史建築登錄廢止審查及輔助辦法>>第2條第1項第1、2、4款,121.318243,24.993773,"{'itemNo': 1, 'cityName': '桃園市', 'distName': '桃園區', 'address': '成功路二段136巷3弄4號'}",桃園市政府文化局,文化資產科,桃園市桃園區縣府路21號,03-3322592分機8607,"<a href=""http://nchdb.boch.gov.tw/assets/advanceSearch/historicalBuilding/20170324000002"" target=""_blank"">http://nchdb.boch.gov.tw/assets/advanceSearch/historicalBuilding/20170324000002</a>","[{'classification': '指定/登錄', 'officialDocNo': '府文資字第1060057090號', 'registerDate': '2017-03-24 00:00:00.0'}]",宅第,桃園市
1201,20170324000002,桃園農工宿舍群,"{'code': 'A3', 'name': '宅第'}",<<歷史建築登錄廢止審查及輔助辦法>>第2條第1項第1、2、4款,121.318243,24.993773,"{'itemNo': 2, 'cityName': '桃園市', 'distName': '桃園區', 'address': '成功路二段136巷3弄6號'}",桃園市政府文化局,文化資產科,桃園市桃園區縣府路21號,03-3322592分機8607,"<a href=""http://nchdb.boch.gov.tw/assets/advanceSearch/historicalBuilding/20170324000002"" target=""_blank"">http://nchdb.boch.gov.tw/assets/advanceSearch/historicalBuilding/20170324000002</a>","[{'classification': '指定/登錄', 'officialDocNo': '府文資字第1060057090號', 'registerDate': '2017-03-24 00:00:00.0'}]",宅第,桃園市
1201,20170324000002,桃園農工宿舍群,"{'code': 'A3', 'name': '宅第'}",<<歷史建築登錄廢止審查及輔助辦法>>第2條第1項第1、2、4款,121.318243,24.993773,"{'itemNo': 3, 'cityName': '桃園市', 'distName': '桃園區', 'address': '成功路二段136巷3弄10號'}",桃園市政府文化局,文化資產科,桃園市桃園區縣府路21號,03-3322592分機8607,"<a href=""http://nchdb.boch.gov.tw/assets/advanceSearch/historicalBuilding/20170324000002"" target=""_blank"">http://nchdb.boch.gov.tw/assets/advanceSearch/historicalBuilding/20170324000002</a>","[{'classification': '指定/登錄', 'officialDocNo': '府文資字第1060057090號', 'registerDate': '2017-03-24 00:00:00.0'}]",宅第,桃園市
1201,20170324000002,桃園農工宿舍群,"{'code': 'A3', 'name': '宅第'}",<<歷史建築登錄廢止審查及輔助辦法>>第2條第1項第1、2、4款,121.318243,24.993773,"{'itemNo': 4, 'cityName': '桃園市', 'distName': '桃園區', 'address': '成功路二段136巷2弄2號'}",桃園市政府文化局,文化資產科,桃園市桃園區縣府路21號,03-3322592分機8607,"<a href=""http://nchdb.boch.gov.tw/assets/advanceSearch/historicalBuilding/20170324000002"" target=""_blank"">http://nchdb.boch.gov.tw/assets/advanceSearch/historicalBuilding/20170324000002</a>","[{'classification': '指定/登錄', 'officialDocNo': '府文資字第1060057090號', 'registerDate': '2017-03-24 00:00:00.0'}]",宅第,桃園市
1201,20170324000002,桃園農工宿舍群,"{'code': 'A3', 'name': '宅第'}",<<歷史建築登錄廢止審查及輔助辦法>>第2條第1項第1、2、4款,121.318243,24.993773,"{'itemNo': 5, 'cityName': '桃園市', 'distName': '桃園區', 'address': '成功路二段136巷2弄4號'}",桃園市政府文化局,文化資產科,桃園市桃園區縣府路21號,03-3322592分機8607,"<a href=""http://nchdb.boch.gov.tw/assets/advanceSearch/historicalBuilding/20170324000002"" target=""_blank"">http://nchdb.boch.gov.tw/assets/advanceSearch/historicalBuilding/20170324000002</a>","[{'classification': '指定/登錄', 'officialDocNo': '府文資字第1060057090號', 'registerDate': '2017-03-24 00:00:00.0'}]",宅第,桃園市
1201,20170324000002,桃園農工宿舍群,"{'code': 'A3', 'name': '宅第'}",<<歷史建築登錄廢止審查及輔助辦法>>第2條第1項第1、2、4款,121.318243,24.993773,"{'itemNo': 6, 'cityName': '桃園市', 'distName': '桃園區', 'address': '成功路二段136巷1弄1號'}",桃園市政府文化局,文化資產科,桃園市桃園區縣府路21號,03-3322592分機8607,"<a href=""http://nchdb.boch.gov.tw/assets/advanceSearch/historicalBuilding/20170324000002"" target=""_blank"">http://nchdb.boch.gov.tw/assets/advanceSearch/historicalBuilding/20170324000002</a>","[{'classification': '指定/登錄', 'officialDocNo': '府文資字第1060057090號', 'registerDate': '2017-03-24 00:00:00.0'}]",宅第,桃園市
1201,20170324000002,桃園農工宿舍群,"{'code': 'A3', 'name': '宅第'}",<<歷史建築登錄廢止審查及輔助辦法>>第2條第1項第1、2、4款,121.318243,24.993773,"{'itemNo': 7, 'cityName': '桃園市', 'distName': '桃園區', 'address': '成功路二段136巷1弄3號'}",桃園市政府文化局,文化資產科,桃園市桃園區縣府路21號,03-3322592分機8607,"<a href=""http://nchdb.boch.gov.tw/assets/advanceSearch/historicalBuilding/20170324000002"" target=""_blank"">http://nchdb.boch.gov.tw/assets/advanceSearch/historicalBuilding/20170324000002</a>","[{'classification': '指定/登錄', 'officialDocNo': '府文資字第1060057090號', 'registerDate': '2017-03-24 00:00:00.0'}]",宅第,桃園市
1201,20170324000002,桃園農工宿舍群,"{'code': 'A3', 'name': '宅第'}",<<歷史建築登錄廢止審查及輔助辦法>>第2條第1項第1、2、4款,121.318243,24.993773,"{'itemNo': 8, 'cityName': '桃園市', 'distName': '桃園區', 'address': '成功路二段126巷5弄11號'}",桃園市政府文化局,文化資產科,桃園市桃園區縣府路21號,03-3322592分機8607,"<a href=""http://nchdb.boch.gov.tw/assets/advanceSearch/historicalBuilding/20170324000002"" target=""_blank"">http://nchdb.boch.gov.tw/assets/advanceSearch/historicalBuilding/20170324000002</a>","[{'classification': '指定/登錄', 'officialDocNo': '府文資字第1060057090號', 'registerDate': '2017-03-24 00:00:00.0'}]",宅第,桃園市
1201,20170324000002,桃園農工宿舍群,"{'code': 'A3', 'name': '宅第'}",<<歷史建築登錄廢止審查及輔助辦法>>第2條第1項第1、2、4款,121.318243,24.993773,"{'itemNo': 9, 'cityName': '桃園市', 'distName': '桃園區', 'address': '成功路二段126巷5弄12號'}",桃園市政府文化局,文化資產科,桃園市桃園區縣府路21號,03-3322592分機8607,"<a href=""http://nchdb.boch.gov.tw/assets/advanceSearch/historicalBuilding/20170324000002"" target=""_blank"">http://nchdb.boch.gov.tw/assets/advanceSearch/historicalBuilding/20170324000002</a>","[{'classification': '指定/登錄', 'officialDocNo': '府文資字第1060057090號', 'registerDate': '2017-03-24 00:00:00.0'}]",宅第,桃園市
1201,20170324000002,桃園農工宿舍群,"{'code': 'A3', 'name': '宅第'}",<<歷史建築登錄廢止審查及輔助辦法>>第2條第1項第1、2、4款,121.318243,24.993773,"{'itemNo': 10, 'cityName': '桃園市', 'distName': '桃園區', 'address': '成功路二段126巷5弄13號'}",桃園市政府文化局,文化資產科,桃園市桃園區縣府路21號,03-3322592分機8607,"<a href=""http://nchdb.boch.gov.tw/assets/advanceSearch/historicalBuilding/20170324000002"" target=""_blank"">http://nchdb.boch.gov.tw/assets/advanceSearch/historicalBuilding/20170324000002</a>","[{'classification': '指定/登錄', 'officialDocNo': '府文資字第1060057090號', 'registerDate': '2017-03-24 00:00:00.0'}]",宅第,桃園市
1201,20170324000002,桃園農工宿舍群,"{'code': 'A3', 'name': '宅第'}",<<歷史建築登錄廢止審查及輔助辦法>>第2條第1項第1、2、4款,121.318243,24.993773,"{'itemNo': 11, 'cityName': '桃園市', 'distName': '桃園區', 'address': '成功路二段126巷5弄14號'}",桃園市政府文化局,文化資產科,桃園市桃園區縣府路21號,03-3322592分機8607,"<a href=""http://nchdb.boch.gov.tw/assets/advanceSearch/historicalBuilding/20170324000002"" target=""_blank"">http://nchdb.boch.gov.tw/assets/advanceSearch/historicalBuilding/20170324000002</a>","[{'classification': '指定/登錄', 'officialDocNo': '府文資字第1060057090號', 'registerDate': '2017-03-24 00:00:00.0'}]",宅第,桃園市
1201,20170324000002,桃園農工宿舍群,"{'code': 'A3', 'name': '宅第'}",<<歷史建築登錄廢止審查及輔助辦法>>第2條第1項第1、2、4款,121.318243,24.993773,"{'itemNo': 12, 'cityName': '桃園市', 'distName': '桃園區', 'address': '成功路二段126巷2弄7號'}",桃園市政府文化局,文化資產科,桃園市桃園區縣府路21號,03-3322592分機8607,"<a href=""http://nchdb.boch.gov.tw/assets/advanceSearch/historicalBuilding/20170324000002"" target=""_blank"">http://nchdb.boch.gov.tw/assets/advanceSearch/historicalBuilding/20170324000002</a>","[{'classification': '指定/登錄', 'officialDocNo': '府文資字第1060057090號', 'registerDate': '2017-03-24 00:00:00.0'}]",宅第,桃園市
1201,20170324000002,桃園農工宿舍群,"{'code': 'A3', 'name': '宅第'}",<<歷史建築登錄廢止審查及輔助辦法>>第2條第1項第1、2、4款,121.318243,24.993773,"{'itemNo': 13, 'cityName': '桃園市', 'distName': '桃園區', 'address': '成功路二段126巷2弄9號'}",桃園市政府文化局,文化資產科,桃園市桃園區縣府路21號,03-3322592分機8607,"<a href=""http://nchdb.boch.gov.tw/assets/advanceSearch/historicalBuilding/20170324000002"" target=""_blank"">http://nchdb.boch.gov.tw/assets/advanceSearch/historicalBuilding/20170324000002</a>","[{'classification': '指定/登錄', 'officialDocNo': '府文資字第1060057090號', 'registerDate': '2017-03-24 00:00:00.0'}]",宅第,桃園市
1201,20170324000002,桃園農工宿舍群,"{'code': 'A3', 'name': '宅第'}",<<歷史建築登錄廢止審查及輔助辦法>>第2條第1項第1、2、4款,121.318243,24.993773,"{'itemNo': 14, 'cityName': '桃園市', 'distName': '桃園區', 'address': '成功路二段126巷2弄11號'}",桃園市政府文化局,文化資產科,桃園市桃園區縣府路21號,03-3322592分機8607,"<a href=""http://nchdb.boch.gov.tw/assets/advanceSearch/historicalBuilding/20170324000002"" target=""_blank"">http://nchdb.boch.gov.tw/assets/advanceSearch/historicalBuilding/20170324000002</a>","[{'classification': '指定/登錄', 'officialDocNo': '府文資字第1060057090號', 'registerDate': '2017-03-24 00:00:00.0'}]",宅第,桃園市
1201,20170324000002,桃園農工宿舍群,"{'code': 'A3', 'name': '宅第'}",<<歷史建築登錄廢止審查及輔助辦法>>第2條第1項第1、2、4款,121.318243,24.993773,"{'itemNo': 15, 'cityName': '桃園市', 'distName': '桃園區', 'address': '成功路二段126巷1弄118號'}",桃園市政府文化局,文化資產科,桃園市桃園區縣府路21號,03-3322592分機8607,"<a href=""http://nchdb.boch.gov.tw/assets/advanceSearch/historicalBuilding/20170324000002"" target=""_blank"">http://nchdb.boch.gov.tw/assets/advanceSearch/historicalBuilding/20170324000002</a>","[{'classification': '指定/登錄', 'officialDocNo': '府文資字第1060057090號', 'registerDate': '2017-03-24 00:00:00.0'}]",宅第,桃園市
1202,20170216000001,桃園大廟口派出所,"{'code': 'A6', 'name': '衙署'}",歷史建築登錄廢止審查及輔助辦法第2條第1項第1、3、4款,121.311038,24.995149,"{'itemNo': 1, 'cityName': '桃園市', 'distName': '桃園區', 'address': '中正路198號'}",桃園市政府文化局,文化資產科,桃園市桃園區縣府路21號,03-3322592分機8607,"<a href=""http://nchdb.boch.gov.tw/assets/advanceSearch/historicalBuilding/20170216000001"" target=""_blank"">http://nchdb.boch.gov.tw/assets/advanceSearch/historicalBuilding/20170216000001</a>","[{'classification': '指定/登錄', 'officialDocNo': '府文資10600204601號', 'registerDate': '2017-02-16 00:00:00.0'}]",衙署,桃園市
1203,20170406000001,草漯石門水庫移民新村衛生室,"{'code': 'A6', 'name': '衙署'}",「歷史建築登錄廢止審查及輔助辦法」第2條第1項第1、3、4款規定,121.13202,25.066719,"{'itemNo': 1, 'cityName': '桃園市', 'distName': '觀音區', 'address': '草漯里15鄰草漯280號'}",桃園市政府文化局,文化資產科,桃園市桃園區縣府路21號,03-3322592分機8616,"<a href=""http://nchdb.boch.gov.tw/assets/advanceSearch/historicalBuilding/20170406000001"" target=""_blank"">http://nchdb.boch.gov.tw/assets/advanceSearch/historicalBuilding/20170406000001</a>","[{'classification': '指定/登錄', 'officialDocNo': '府文資字第10600710111號', 'registerDate': '2017-04-06 00:00:00.0'}]",衙署,桃園市
1204,20170406000002,楊梅分局警察宿舍群,"{'code': 'A3', 'name': '宅第'}",符合歷史建築登錄廢止審查及輔助辦法第2條第1項第1、3、4款規定。,121.145617,24.90678,"{'itemNo': 1, 'cityName': '桃園市', 'distName': '楊梅區', 'address': '中山路127號'}",桃園市政府文化局,文化資產科,桃園市桃園區縣府路21號,03-3322592分機8627,"<a href=""http://nchdb.boch.gov.tw/assets/advanceSearch/historicalBuilding/20170406000002"" target=""_blank"">http://nchdb.boch.gov.tw/assets/advanceSearch/historicalBuilding/20170406000002</a>","[{'classification': '指定/登錄', 'officialDocNo': '府文資字第10600064491號', 'registerDate': '2017-04-06 00:00:00.0'}, {'classification': '', 'officialDocNo': '府文資字第10601055011號', 'registerDate': '2017-05-11 00:00:00.0', 'note': '更新援引法令依據'}, {'classification': '變更/修正', 'officialDocNo': '府文資字第1060311946號', 'registerDate': '2017-12-29 00:00:00.0', 'note': '更正地址'}]",宅第,桃園市
1204,20170406000002,楊梅分局警察宿舍群,"{'code': 'A3', 'name': '宅第'}",符合歷史建築登錄廢止審查及輔助辦法第2條第1項第1、3、4款規定。,121.145617,24.90678,"{'itemNo': 2, 'cityName': '桃園市', 'distName': '楊梅區', 'address': '中山路129號'}",桃園市政府文化局,文化資產科,桃園市桃園區縣府路21號,03-3322592分機8627,"<a href=""http://nchdb.boch.gov.tw/assets/advanceSearch/historicalBuilding/20170406000002"" target=""_blank"">http://nchdb.boch.gov.tw/assets/advanceSearch/historicalBuilding/20170406000002</a>","[{'classification': '指定/登錄', 'officialDocNo': '府文資字第10600064491號', 'registerDate': '2017-04-06 00:00:00.0'}, {'classification': '', 'officialDocNo': '府文資字第10601055011號', 'registerDate': '2017-05-11 00:00:00.0', 'note': '更新援引法令依據'}, {'classification': '變更/修正', 'officialDocNo': '府文資字第1060311946號', 'registerDate': '2017-12-29 00:00:00.0', 'note': '更正地址'}]",宅第,桃園市
1204,20170406000002,楊梅分局警察宿舍群,"{'code': 'A3', 'name': '宅第'}",符合歷史建築登錄廢止審查及輔助辦法第2條第1項第1、3、4款規定。,121.145617,24.90678,"{'itemNo': 3, 'cityName': '桃園市', 'distName': '楊梅區', 'address': '中山路131號'}",桃園市政府文化局,文化資產科,桃園市桃園區縣府路21號,03-3322592分機8627,"<a href=""http://nchdb.boch.gov.tw/assets/advanceSearch/historicalBuilding/20170406000002"" target=""_blank"">http://nchdb.boch.gov.tw/assets/advanceSearch/historicalBuilding/20170406000002</a>","[{'classification': '指定/登錄', 'officialDocNo': '府文資字第10600064491號', 'registerDate': '2017-04-06 00:00:00.0'}, {'classification': '', 'officialDocNo': '府文資字第10601055011號', 'registerDate': '2017-05-11 00:00:00.0', 'note': '更新援引法令依據'}, {'classification': '變更/修正', 'officialDocNo': '府文資字第1060311946號', 'registerDate': '2017-12-29 00:00:00.0', 'note': '更正地址'}]",宅第,桃園市
1204,20170406000002,楊梅分局警察宿舍群,"{'code': 'A3', 'name': '宅第'}",符合歷史建築登錄廢止審查及輔助辦法第2條第1項第1、3、4款規定。,121.145617,24.90678,"{'itemNo': 4, 'cityName': '桃園市', 'distName': '楊梅區', 'address': '中山路133號'}",桃園市政府文化局,文化資產科,桃園市桃園區縣府路21號,03-3322592分機8627,"<a href=""http://nchdb.boch.gov.tw/assets/advanceSearch/historicalBuilding/20170406000002"" target=""_blank"">http://nchdb.boch.gov.tw/assets/advanceSearch/historicalBuilding/20170406000002</a>","[{'classification': '指定/登錄', 'officialDocNo': '府文資字第10600064491號', 'registerDate': '2017-04-06 00:00:00.0'}, {'classification': '', 'officialDocNo': '府文資字第10601055011號', 'registerDate': '2017-05-11 00:00:00.0', 'note': '更新援引法令依據'}, {'classification': '變更/修正', 'officialDocNo': '府文資字第1060311946號', 'registerDate': '2017-12-29 00:00:00.0', 'note': '更正地址'}]",宅第,桃園市
1204,20170406000002,楊梅分局警察宿舍群,"{'code': 'A3', 'name': '宅第'}",符合歷史建築登錄廢止審查及輔助辦法第2條第1項第1、3、4款規定。,121.145617,24.90678,"{'itemNo': 5, 'cityName': '桃園市', 'distName': '楊梅區', 'address': '中山路125巷1號'}",桃園市政府文化局,文化資產科,桃園市桃園區縣府路21號,03-3322592分機8627,"<a href=""http://nchdb.boch.gov.tw/assets/advanceSearch/historicalBuilding/20170406000002"" target=""_blank"">http://nchdb.boch.gov.tw/assets/advanceSearch/historicalBuilding/20170406000002</a>","[{'classification': '指定/登錄', 'officialDocNo': '府文資字第10600064491號', 'registerDate': '2017-04-06 00:00:00.0'}, {'classification': '', 'officialDocNo': '府文資字第10601055011號', 'registerDate': '2017-05-11 00:00:00.0', 'note': '更新援引法令依據'}, {'classification': '變更/修正', 'officialDocNo': '府文資字第1060311946號', 'registerDate': '2017-12-29 00:00:00.0', 'note': '更正地址'}]",宅第,桃園市
1204,20170406000002,楊梅分局警察宿舍群,"{'code': 'A3', 'name': '宅第'}",符合歷史建築登錄廢止審查及輔助辦法第2條第1項第1、3、4款規定。,121.145617,24.90678,"{'itemNo': 6, 'cityName': '桃園市', 'distName': '楊梅區', 'address': '中山路125巷2號'}",桃園市政府文化局,文化資產科,桃園市桃園區縣府路21號,03-3322592分機8627,"<a href=""http://nchdb.boch.gov.tw/assets/advanceSearch/historicalBuilding/20170406000002"" target=""_blank"">http://nchdb.boch.gov.tw/assets/advanceSearch/historicalBuilding/20170406000002</a>","[{'classification': '指定/登錄', 'officialDocNo': '府文資字第10600064491號', 'registerDate': '2017-04-06 00:00:00.0'}, {'classification': '', 'officialDocNo': '府文資字第10601055011號', 'registerDate': '2017-05-11 00:00:00.0', 'note': '更新援引法令依據'}, {'classification': '變更/修正', 'officialDocNo': '府文資字第1060311946號', 'registerDate': '2017-12-29 00:00:00.0', 'note': '更正地址'}]",宅第,桃園市
1204,20170406000002,楊梅分局警察宿舍群,"{'code': 'A3', 'name': '宅第'}",符合歷史建築登錄廢止審查及輔助辦法第2條第1項第1、3、4款規定。,121.145617,24.90678,"{'itemNo': 7, 'cityName': '桃園市', 'distName': '楊梅區', 'address': '中山路125巷3號'}",桃園市政府文化局,文化資產科,桃園市桃園區縣府路21號,03-3322592分機8627,"<a href=""http://nchdb.boch.gov.tw/assets/advanceSearch/historicalBuilding/20170406000002"" target=""_blank"">http://nchdb.boch.gov.tw/assets/advanceSearch/historicalBuilding/20170406000002</a>","[{'classification': '指定/登錄', 'officialDocNo': '府文資字第10600064491號', 'registerDate': '2017-04-06 00:00:00.0'}, {'classification': '', 'officialDocNo': '府文資字第10601055011號', 'registerDate': '2017-05-11 00:00:00.0', 'note': '更新援引法令依據'}, {'classification': '變更/修正', 'officialDocNo': '府文資字第1060311946號', 'registerDate': '2017-12-29 00:00:00.0', 'note': '更正地址'}]",宅第,桃園市
1204,20170406000002,楊梅分局警察宿舍群,"{'code': 'A3', 'name': '宅第'}",符合歷史建築登錄廢止審查及輔助辦法第2條第1項第1、3、4款規定。,121.145617,24.90678,"{'itemNo': 8, 'cityName': '桃園市', 'distName': '楊梅區', 'address': '中山路125巷5號'}",桃園市政府文化局,文化資產科,桃園市桃園區縣府路21號,03-3322592分機8627,"<a href=""http://nchdb.boch.gov.tw/assets/advanceSearch/historicalBuilding/20170406000002"" target=""_blank"">http://nchdb.boch.gov.tw/assets/advanceSearch/historicalBuilding/20170406000002</a>","[{'classification': '指定/登錄', 'officialDocNo': '府文資字第10600064491號', 'registerDate': '2017-04-06 00:00:00.0'}, {'classification': '', 'officialDocNo': '府文資字第10601055011號', 'registerDate': '2017-05-11 00:00:00.0', 'note': '更新援引法令依據'}, {'classification': '變更/修正', 'officialDocNo': '府文資字第1060311946號', 'registerDate': '2017-12-29 00:00:00.0', 'note': '更正地址'}]",宅第,桃園市
1204,20170406000002,楊梅分局警察宿舍群,"{'code': 'A3', 'name': '宅第'}",符合歷史建築登錄廢止審查及輔助辦法第2條第1項第1、3、4款規定。,121.145617,24.90678,"{'itemNo': 9, 'cityName': '桃園市', 'distName': '楊梅區', 'address': '中山路125巷6號'}",桃園市政府文化局,文化資產科,桃園市桃園區縣府路21號,03-3322592分機8627,"<a href=""http://nchdb.boch.gov.tw/assets/advanceSearch/historicalBuilding/20170406000002"" target=""_blank"">http://nchdb.boch.gov.tw/assets/advanceSearch/historicalBuilding/20170406000002</a>","[{'classification': '指定/登錄', 'officialDocNo': '府文資字第10600064491號', 'registerDate': '2017-04-06 00:00:00.0'}, {'classification': '', 'officialDocNo': '府文資字第10601055011號', 'registerDate': '2017-05-11 00:00:00.0', 'note': '更新援引法令依據'}, {'classification': '變更/修正', 'officialDocNo': '府文資字第1060311946號', 'registerDate': '2017-12-29 00:00:00.0', 'note': '更正地址'}]",宅第,桃園市
1205,20170406000003,臺灣電力公司楊梅倉庫（I棟通風倉庫）,"{'code': 'A16', 'name': '產業'}",符合歷史建築登錄廢止審查及輔助辦法第2條第1項1、3款規定。,121.160563,24.908906,"{'itemNo': 1, 'cityName': '桃園市', 'distName': '楊梅區', 'address': '中山北路1段423號'}",桃園市政府文化局,文化資產科,桃園市桃園區縣府路21號,03-3322592分機8627,"<a href=""http://nchdb.boch.gov.tw/assets/advanceSearch/historicalBuilding/20170406000003"" target=""_blank"">http://nchdb.boch.gov.tw/assets/advanceSearch/historicalBuilding/20170406000003</a>","[{'classification': '指定/登錄', 'officialDocNo': '府文資字第1060064632號', 'registerDate': '2017-04-06 00:00:00.0'}, {'classification': '變更/修正', 'officialDocNo': '府文資字第1060099434號', 'registerDate': '2017-05-02 00:00:00.0', 'note': '變更地號'}, {'classification': '', 'officialDocNo': '府文資字第10601054791號', 'registerDate': '2017-05-11 00:00:00.0', 'note': '更新援引法令依據'}]",產業,桃園市
1206,20170126000004,古區陳氏家廟,"{'code': 'A1', 'name': '祠堂'}",<<歷史建築登錄廢止審查及輔助辦法>>第2條第1項第1、2款,118.31295,24.41005,"{'itemNo': 1, 'cityName': '金門縣', 'distName': '金城鎮', 'address': '古區21號'}",文化局,文化資產科,金城鎮環島北路一段66號,082-323169#812,"<a href=""http://nchdb.boch.gov.tw/assets/advanceSearch/historicalBuilding/20170126000004"" target=""_blank"">http://nchdb.boch.gov.tw/assets/advanceSearch/historicalBuilding/20170126000004</a>","[{'classification': '指定/登錄', 'officialDocNo': '府文資字第1050098991號', 'registerDate': '2016-12-26 00:00:00.0'}]",祠堂,金門縣
1207,20161226000004,東坑孫嘉通洋樓,"{'code': 'A3', 'name': '宅第'}",<<歷史建築登錄廢止審查及輔助辦法>>第2條第1項第1、2、3款,118.23155,24.44279,"{'itemNo': 1, 'cityName': '金門縣', 'distName': '烈嶼鄉', 'address': '東坑51號'}",金門縣文化局,文化資產科,金門縣金城鎮環島北路一段66號,082-325643#812,"<a href=""http://nchdb.boch.gov.tw/assets/advanceSearch/historicalBuilding/20161226000004"" target=""_blank"">http://nchdb.boch.gov.tw/assets/advanceSearch/historicalBuilding/20161226000004</a>","[{'classification': '指定/登錄', 'officialDocNo': '府文資字第1050098982號', 'registerDate': '2016-12-26 00:00:00.0'}]",宅第,金門縣
1208,20170727000001,北投陳氏祠堂,"{'code': 'A1', 'name': '祠堂'}",歷史建築登錄廢止審查及輔助辦法第2條第1項第1、4款評定基準,121.49932903873265,25.132872708568332,"{'itemNo': 1, 'cityName': '臺北市', 'distName': '北投區', 'address': '大同街12號'}",臺北市政府文化局,文化資產科,臺北市信義區市府路1號4樓東北區,(02)2720-8889,"<a href=""http://nchdb.boch.gov.tw/assets/advanceSearch/historicalBuilding/20170727000001"" target=""_blank"">http://nchdb.boch.gov.tw/assets/advanceSearch/historicalBuilding/20170727000001</a>","[{'classification': '指定/登錄', 'officialDocNo': '北市文化文資字第10630486800號', 'registerDate': '2017-07-27 00:00:00.0', 'note': '登錄歷史建築'}]",祠堂,臺北市
1209,20170603000001,中國電影製片廠-A攝影棚、錄音室,"{'code': 'A16', 'name': '產業'}",歷史建築登錄廢止審查及輔助辦法第2條第1項1、4款評定基準,121.4875016,25.1385067,"{'itemNo': 1, 'cityName': '臺北市', 'distName': '北投區', 'address': '中央北路二段400號'}",臺北市政府文化局,文化資產科,臺北市信義區市府路1號4樓東北區,(02)2720-8889,"<a href=""http://nchdb.boch.gov.tw/assets/advanceSearch/historicalBuilding/20170603000001"" target=""_blank"">http://nchdb.boch.gov.tw/assets/advanceSearch/historicalBuilding/20170603000001</a>","[{'classification': '指定/登錄', 'officialDocNo': '北市文化文資字第10630446900號', 'registerDate': '2017-06-03 00:00:00.0', 'note': '登錄歷史建築'}, {'classification': '指定/登錄', 'officialDocNo': '北市文化文資字10760178931號', 'registerDate': '2017-08-13 00:00:00.0', 'note': '修正保存範圍'}]",產業,臺北市
1210,20170314000001,尖山顯濟殿,"{'code': 'A2', 'name': '寺廟'}",<<歷史建築登錄廢止審查及輔助辦法>>第2條第1項第1、2、3款,119.662167,23.569939,"{'itemNo': 1, 'cityName': '澎湖縣', 'distName': '湖西鄉', 'address': '尖山村8鄰尖山81號'}",澎湖縣政府文化局,文化資產科,澎湖縣馬公市中華路230號,06-9261141#138,"<a href=""http://nchdb.boch.gov.tw/assets/advanceSearch/historicalBuilding/20170314000001"" target=""_blank"">http://nchdb.boch.gov.tw/assets/advanceSearch/historicalBuilding/20170314000001</a>","[{'classification': '指定/登錄', 'officialDocNo': '府授文資字第10637006602號', 'registerDate': '2017-03-14 00:00:00.0'}]",寺廟,澎湖縣
1211,20170803000001,新城鄉原研海庄役場,"{'code': 'A6', 'name': '衙署'}",文化資產保存法第18條、歷史建築紀念建築登錄廢止審查及輔助辦法第2條第1項第1款、第2款、第3款。,121.65338004,24.12636855,"{'itemNo': 1, 'cityName': '花蓮縣', 'distName': '新城鄉', 'address': '花蓮縣新城鄉信義路6號旁'}",花蓮縣文化局,文化資產科,花蓮縣花蓮市文復路6號,03-8227121-316,"<a href=""http://nchdb.boch.gov.tw/assets/advanceSearch/historicalBuilding/20170803000001"" target=""_blank"">http://nchdb.boch.gov.tw/assets/advanceSearch/historicalBuilding/20170803000001</a>","[{'classification': '指定/登錄', 'officialDocNo': '文資字第1060145592A號', 'registerDate': '2017-08-03 00:00:00.0'}]",衙署,花蓮縣
1212,20170803000002,新城鄉新城村信義路6號日式舊宿舍,"{'code': 'A20', 'name': '辦公廳舍'}",文化資產保存法第18條、歷史建築紀念建築登錄廢止審查及輔助辦法第2條第1項第1款、第2款、第3款。,121.6537292,24.12606648,"{'itemNo': 1, 'cityName': '花蓮縣', 'distName': '新城鄉', 'address': '新城村信義路6號'}",花蓮縣文化局,文化資產科,花蓮縣花蓮市文復路6號,03-8227121,"<a href=""http://nchdb.boch.gov.tw/assets/advanceSearch/historicalBuilding/20170803000002"" target=""_blank"">http://nchdb.boch.gov.tw/assets/advanceSearch/historicalBuilding/20170803000002</a>","[{'classification': '指定/登錄', 'officialDocNo': '府文資字第1060145591A號', 'registerDate': '2017-08-03 00:00:00.0'}]",辦公廳舍,花蓮縣
1213,20170315000001,原新竹州農業傳習所廳舍,"{'code': 'A16', 'name': '產業'}",<<歷史建築登錄廢止審查及輔助辦法>>第2條第1項第2、3款,120.8729021,24.713043,"{'itemNo': 1, 'cityName': '苗栗縣', 'distName': '竹南鎮', 'address': '崎頂里牧場21號'}",苗栗縣政府文化觀光局,文化資產科,苗栗縣苗栗市自治路50號,037-352961#712,"<a href=""http://nchdb.boch.gov.tw/assets/advanceSearch/historicalBuilding/20170315000001"" target=""_blank"">http://nchdb.boch.gov.tw/assets/advanceSearch/historicalBuilding/20170315000001</a>","[{'classification': '指定/登錄', 'officialDocNo': '府文資字第1060002427C號', 'registerDate': '2017-03-15 00:00:00.0'}, {'classification': '變更/修正', 'officialDocNo': '府文資字第1130010021B號', 'registerDate': '2024-07-30 10:33:17.968'}]",產業,苗栗縣
1214,20151007000002,月涵堂,"{'code': 'A8', 'name': '書院'}",<<歷史建築登錄廢止審查及輔助辦法>>第2條第1項第1、3款,121.5261713,25.0300244,"{'itemNo': 1, 'cityName': '臺北市', 'distName': '大安區', 'address': '金華街110號'}",臺北市政府文化局,文化資產科,臺北市信義區市府路1號4樓東北區,(02)2720-8889,"<a href=""http://nchdb.boch.gov.tw/assets/advanceSearch/historicalBuilding/20151007000002"" target=""_blank"">http://nchdb.boch.gov.tw/assets/advanceSearch/historicalBuilding/20151007000002</a>","[{'classification': '指定/登錄', 'officialDocNo': '北市文化文資字第10430447700號', 'registerDate': '2015-10-07 00:00:00.0', 'note': '登錄歷史建築'}]",書院,臺北市
1215,20170705000001,福德爺長慶廟,"{'code': 'A2', 'name': '寺廟'}","符合歷史建築登錄廢止審查及輔助辦法第2條第1項第1、4款評定基準。
",121.521855,25.0250569,"{'itemNo': 1, 'cityName': '臺北市', 'distName': '中正區', 'address': '晉江街34號'}",臺北市政府文化局,文化資產科,臺北市信義區市府路1號4樓東北區,(02)2720-8889,"<a href=""http://nchdb.boch.gov.tw/assets/advanceSearch/historicalBuilding/20170705000001"" target=""_blank"">http://nchdb.boch.gov.tw/assets/advanceSearch/historicalBuilding/20170705000001</a>","[{'classification': '指定/登錄', 'officialDocNo': '北市文化文資字第10630477300號', 'registerDate': '2017-07-05 00:00:00.0', 'note': '登錄歷史建築'}]",寺廟,臺北市
1216,20170810000001,盧致德院長宿舍、國防醫學院附設學人新村暨愛德幼兒園,"{'code': 'A3', 'name': '宅第'}",文化資產保存法第18條、歷史建築紀念建築登錄廢止審查及輔助辦法第5條、本府古蹟歷史建築紀念建築聚落建築群考古遺址史蹟及文化景觀審議會第150次會議決議。,121.52781739975788,25.01685897607421,"{'itemNo': 1, 'cityName': '臺北市', 'distName': '中正區', 'address': '汀州路3段24巷1號'}",臺北市政府文化局,文化資產科,臺北市信義區市府路1號4樓東北區,(02)2720-8889,"<a href=""http://nchdb.boch.gov.tw/assets/advanceSearch/historicalBuilding/20170810000001"" target=""_blank"">http://nchdb.boch.gov.tw/assets/advanceSearch/historicalBuilding/20170810000001</a>","[{'classification': '指定/登錄', 'officialDocNo': '北市文化文資字第10630492700號', 'registerDate': '2017-08-10 00:00:00.0', 'note': '登錄歷史建築'}, {'classification': '變更/修正', 'officialDocNo': '北市文化文資字第11130300201號', 'registerDate': '2022-08-19 00:00:00.0', 'note': '新增歷史建築'}]",宅第,臺北市
1216,20170810000001,盧致德院長宿舍、國防醫學院附設學人新村暨愛德幼兒園,"{'code': 'A3', 'name': '宅第'}",文化資產保存法第18條、歷史建築紀念建築登錄廢止審查及輔助辦法第5條、本府古蹟歷史建築紀念建築聚落建築群考古遺址史蹟及文化景觀審議會第150次會議決議。,121.52781739975788,25.01685897607421,"{'itemNo': 2, 'cityName': '臺北市', 'distName': '中正區', 'address': '汀州路3段24巷3號'}",臺北市政府文化局,文化資產科,臺北市信義區市府路1號4樓東北區,(02)2720-8889,"<a href=""http://nchdb.boch.gov.tw/assets/advanceSearch/historicalBuilding/20170810000001"" target=""_blank"">http://nchdb.boch.gov.tw/assets/advanceSearch/historicalBuilding/20170810000001</a>","[{'classification': '指定/登錄', 'officialDocNo': '北市文化文資字第10630492700號', 'registerDate': '2017-08-10 00:00:00.0', 'note': '登錄歷史建築'}, {'classification': '變更/修正', 'officialDocNo': '北市文化文資字第11130300201號', 'registerDate': '2022-08-19 00:00:00.0', 'note': '新增歷史建築'}]",宅第,臺北市
1216,20170810000001,盧致德院長宿舍、國防醫學院附設學人新村暨愛德幼兒園,"{'code': 'A3', 'name': '宅第'}",文化資產保存法第18條、歷史建築紀念建築登錄廢止審查及輔助辦法第5條、本府古蹟歷史建築紀念建築聚落建築群考古遺址史蹟及文化景觀審議會第150次會議決議。,121.52781739975788,25.01685897607421,"{'itemNo': 3, 'cityName': '臺北市', 'distName': '中正區', 'address': '汀州路3段24巷5弄1號'}",臺北市政府文化局,文化資產科,臺北市信義區市府路1號4樓東北區,(02)2720-8889,"<a href=""http://nchdb.boch.gov.tw/assets/advanceSearch/historicalBuilding/20170810000001"" target=""_blank"">http://nchdb.boch.gov.tw/assets/advanceSearch/historicalBuilding/20170810000001</a>","[{'classification': '指定/登錄', 'officialDocNo': '北市文化文資字第10630492700號', 'registerDate': '2017-08-10 00:00:00.0', 'note': '登錄歷史建築'}, {'classification': '變更/修正', 'officialDocNo': '北市文化文資字第11130300201號', 'registerDate': '2022-08-19 00:00:00.0', 'note': '新增歷史建築'}]",宅第,臺北市
1216,20170810000001,盧致德院長宿舍、國防醫學院附設學人新村暨愛德幼兒園,"{'code': 'A3', 'name': '宅第'}",文化資產保存法第18條、歷史建築紀念建築登錄廢止審查及輔助辦法第5條、本府古蹟歷史建築紀念建築聚落建築群考古遺址史蹟及文化景觀審議會第150次會議決議。,121.52781739975788,25.01685897607421,"{'itemNo': 4, 'cityName': '臺北市', 'distName': '中正區', 'address': '汀州路3段24巷5弄3號'}",臺北市政府文化局,文化資產科,臺北市信義區市府路1號4樓東北區,(02)2720-8889,"<a href=""http://nchdb.boch.gov.tw/assets/advanceSearch/historicalBuilding/20170810000001"" target=""_blank"">http://nchdb.boch.gov.tw/assets/advanceSearch/historicalBuilding/20170810000001</a>","[{'classification': '指定/登錄', 'officialDocNo': '北市文化文資字第10630492700號', 'registerDate': '2017-08-10 00:00:00.0', 'note': '登錄歷史建築'}, {'classification': '變更/修正', 'officialDocNo': '北市文化文資字第11130300201號', 'registerDate': '2022-08-19 00:00:00.0', 'note': '新增歷史建築'}]",宅第,臺北市
1216,20170810000001,盧致德院長宿舍、國防醫學院附設學人新村暨愛德幼兒園,"{'code': 'A3', 'name': '宅第'}",文化資產保存法第18條、歷史建築紀念建築登錄廢止審查及輔助辦法第5條、本府古蹟歷史建築紀念建築聚落建築群考古遺址史蹟及文化景觀審議會第150次會議決議。,121.52781739975788,25.01685897607421,"{'itemNo': 5, 'cityName': '臺北市', 'distName': '中正區', 'address': '汀州路3段24巷5弄13號'}",臺北市政府文化局,文化資產科,臺北市信義區市府路1號4樓東北區,(02)2720-8889,"<a href=""http://nchdb.boch.gov.tw/assets/advanceSearch/historicalBuilding/20170810000001"" target=""_blank"">http://nchdb.boch.gov.tw/assets/advanceSearch/historicalBuilding/20170810000001</a>","[{'classification': '指定/登錄', 'officialDocNo': '北市文化文資字第10630492700號', 'registerDate': '2017-08-10 00:00:00.0', 'note': '登錄歷史建築'}, {'classification': '變更/修正', 'officialDocNo': '北市文化文資字第11130300201號', 'registerDate': '2022-08-19 00:00:00.0', 'note': '新增歷史建築'}]",宅第,臺北市
1216,20170810000001,盧致德院長宿舍、國防醫學院附設學人新村暨愛德幼兒園,"{'code': 'A3', 'name': '宅第'}",文化資產保存法第18條、歷史建築紀念建築登錄廢止審查及輔助辦法第5條、本府古蹟歷史建築紀念建築聚落建築群考古遺址史蹟及文化景觀審議會第150次會議決議。,121.52781739975788,25.01685897607421,"{'itemNo': 6, 'cityName': '臺北市', 'distName': '中正區', 'address': '汀州路3段24巷5弄15號'}",臺北市政府文化局,文化資產科,臺北市信義區市府路1號4樓東北區,(02)2720-8889,"<a href=""http://nchdb.boch.gov.tw/assets/advanceSearch/historicalBuilding/20170810000001"" target=""_blank"">http://nchdb.boch.gov.tw/assets/advanceSearch/historicalBuilding/20170810000001</a>","[{'classification': '指定/登錄', 'officialDocNo': '北市文化文資字第10630492700號', 'registerDate': '2017-08-10 00:00:00.0', 'note': '登錄歷史建築'}, {'classification': '變更/修正', 'officialDocNo': '北市文化文資字第11130300201號', 'registerDate': '2022-08-19 00:00:00.0', 'note': '新增歷史建築'}]",宅第,臺北市
1216,20170810000001,盧致德院長宿舍、國防醫學院附設學人新村暨愛德幼兒園,"{'code': 'A3', 'name': '宅第'}",文化資產保存法第18條、歷史建築紀念建築登錄廢止審查及輔助辦法第5條、本府古蹟歷史建築紀念建築聚落建築群考古遺址史蹟及文化景觀審議會第150次會議決議。,121.52781739975788,25.01685897607421,"{'itemNo': 7, 'cityName': '臺北市', 'distName': '中正區', 'address': '汀州路3段24巷5弄5號'}",臺北市政府文化局,文化資產科,臺北市信義區市府路1號4樓東北區,(02)2720-8889,"<a href=""http://nchdb.boch.gov.tw/assets/advanceSearch/historicalBuilding/20170810000001"" target=""_blank"">http://nchdb.boch.gov.tw/assets/advanceSearch/historicalBuilding/20170810000001</a>","[{'classification': '指定/登錄', 'officialDocNo': '北市文化文資字第10630492700號', 'registerDate': '2017-08-10 00:00:00.0', 'note': '登錄歷史建築'}, {'classification': '變更/修正', 'officialDocNo': '北市文化文資字第11130300201號', 'registerDate': '2022-08-19 00:00:00.0', 'note': '新增歷史建築'}]",宅第,臺北市
1216,20170810000001,盧致德院長宿舍、國防醫學院附設學人新村暨愛德幼兒園,"{'code': 'A3', 'name': '宅第'}",文化資產保存法第18條、歷史建築紀念建築登錄廢止審查及輔助辦法第5條、本府古蹟歷史建築紀念建築聚落建築群考古遺址史蹟及文化景觀審議會第150次會議決議。,121.52781739975788,25.01685897607421,"{'itemNo': 8, 'cityName': '臺北市', 'distName': '中正區', 'address': '汀州路3段24巷5弄7號'}",臺北市政府文化局,文化資產科,臺北市信義區市府路1號4樓東北區,(02)2720-8889,"<a href=""http://nchdb.boch.gov.tw/assets/advanceSearch/historicalBuilding/20170810000001"" target=""_blank"">http://nchdb.boch.gov.tw/assets/advanceSearch/historicalBuilding/20170810000001</a>","[{'classification': '指定/登錄', 'officialDocNo': '北市文化文資字第10630492700號', 'registerDate': '2017-08-10 00:00:00.0', 'note': '登錄歷史建築'}, {'classification': '變更/修正', 'officialDocNo': '北市文化文資字第11130300201號', 'registerDate': '2022-08-19 00:00:00.0', 'note': '新增歷史建築'}]",宅第,臺北市
1216,20170810000001,盧致德院長宿舍、國防醫學院附設學人新村暨愛德幼兒園,"{'code': 'A3', 'name': '宅第'}",文化資產保存法第18條、歷史建築紀念建築登錄廢止審查及輔助辦法第5條、本府古蹟歷史建築紀念建築聚落建築群考古遺址史蹟及文化景觀審議會第150次會議決議。,121.52781739975788,25.01685897607421,"{'itemNo': 9, 'cityName': '臺北市', 'distName': '中正區', 'address': '汀州路3段24巷5弄11號'}",臺北市政府文化局,文化資產科,臺北市信義區市府路1號4樓東北區,(02)2720-8889,"<a href=""http://nchdb.boch.gov.tw/assets/advanceSearch/historicalBuilding/20170810000001"" target=""_blank"">http://nchdb.boch.gov.tw/assets/advanceSearch/historicalBuilding/20170810000001</a>","[{'classification': '指定/登錄', 'officialDocNo': '北市文化文資字第10630492700號', 'registerDate': '2017-08-10 00:00:00.0', 'note': '登錄歷史建築'}, {'classification': '變更/修正', 'officialDocNo': '北市文化文資字第11130300201號', 'registerDate': '2022-08-19 00:00:00.0', 'note': '新增歷史建築'}]",宅第,臺北市
1216,20170810000001,盧致德院長宿舍、國防醫學院附設學人新村暨愛德幼兒園,"{'code': 'A3', 'name': '宅第'}",文化資產保存法第18條、歷史建築紀念建築登錄廢止審查及輔助辦法第5條、本府古蹟歷史建築紀念建築聚落建築群考古遺址史蹟及文化景觀審議會第150次會議決議。,121.52781739975788,25.01685897607421,"{'itemNo': 10, 'cityName': '臺北市', 'distName': '中正區', 'address': '汀州路3段24巷5弄2號'}",臺北市政府文化局,文化資產科,臺北市信義區市府路1號4樓東北區,(02)2720-8889,"<a href=""http://nchdb.boch.gov.tw/assets/advanceSearch/historicalBuilding/20170810000001"" target=""_blank"">http://nchdb.boch.gov.tw/assets/advanceSearch/historicalBuilding/20170810000001</a>","[{'classification': '指定/登錄', 'officialDocNo': '北市文化文資字第10630492700號', 'registerDate': '2017-08-10 00:00:00.0', 'note': '登錄歷史建築'}, {'classification': '變更/修正', 'officialDocNo': '北市文化文資字第11130300201號', 'registerDate': '2022-08-19 00:00:00.0', 'note': '新增歷史建築'}]",宅第,臺北市
1216,20170810000001,盧致德院長宿舍、國防醫學院附設學人新村暨愛德幼兒園,"{'code': 'A3', 'name': '宅第'}",文化資產保存法第18條、歷史建築紀念建築登錄廢止審查及輔助辦法第5條、本府古蹟歷史建築紀念建築聚落建築群考古遺址史蹟及文化景觀審議會第150次會議決議。,121.52781739975788,25.01685897607421,"{'itemNo': 11, 'cityName': '臺北市', 'distName': '中正區', 'address': '汀州路3段24巷5弄4號'}",臺北市政府文化局,文化資產科,臺北市信義區市府路1號4樓東北區,(02)2720-8889,"<a href=""http://nchdb.boch.gov.tw/assets/advanceSearch/historicalBuilding/20170810000001"" target=""_blank"">http://nchdb.boch.gov.tw/assets/advanceSearch/historicalBuilding/20170810000001</a>","[{'classification': '指定/登錄', 'officialDocNo': '北市文化文資字第10630492700號', 'registerDate': '2017-08-10 00:00:00.0', 'note': '登錄歷史建築'}, {'classification': '變更/修正', 'officialDocNo': '北市文化文資字第11130300201號', 'registerDate': '2022-08-19 00:00:00.0', 'note': '新增歷史建築'}]",宅第,臺北市
1216,20170810000001,盧致德院長宿舍、國防醫學院附設學人新村暨愛德幼兒園,"{'code': 'A3', 'name': '宅第'}",文化資產保存法第18條、歷史建築紀念建築登錄廢止審查及輔助辦法第5條、本府古蹟歷史建築紀念建築聚落建築群考古遺址史蹟及文化景觀審議會第150次會議決議。,121.52781739975788,25.01685897607421,"{'itemNo': 12, 'cityName': '臺北市', 'distName': '中正區', 'address': '汀州路3段24巷5弄6號'}",臺北市政府文化局,文化資產科,臺北市信義區市府路1號4樓東北區,(02)2720-8889,"<a href=""http://nchdb.boch.gov.tw/assets/advanceSearch/historicalBuilding/20170810000001"" target=""_blank"">http://nchdb.boch.gov.tw/assets/advanceSearch/historicalBuilding/20170810000001</a>","[{'classification': '指定/登錄', 'officialDocNo': '北市文化文資字第10630492700號', 'registerDate': '2017-08-10 00:00:00.0', 'note': '登錄歷史建築'}, {'classification': '變更/修正', 'officialDocNo': '北市文化文資字第11130300201號', 'registerDate': '2022-08-19 00:00:00.0', 'note': '新增歷史建築'}]",宅第,臺北市
1216,20170810000001,盧致德院長宿舍、國防醫學院附設學人新村暨愛德幼兒園,"{'code': 'A3', 'name': '宅第'}",文化資產保存法第18條、歷史建築紀念建築登錄廢止審查及輔助辦法第5條、本府古蹟歷史建築紀念建築聚落建築群考古遺址史蹟及文化景觀審議會第150次會議決議。,121.52781739975788,25.01685897607421,"{'itemNo': 13, 'cityName': '臺北市', 'distName': '中正區', 'address': '汀州路3段24巷5弄8號'}",臺北市政府文化局,文化資產科,臺北市信義區市府路1號4樓東北區,(02)2720-8889,"<a href=""http://nchdb.boch.gov.tw/assets/advanceSearch/historicalBuilding/20170810000001"" target=""_blank"">http://nchdb.boch.gov.tw/assets/advanceSearch/historicalBuilding/20170810000001</a>","[{'classification': '指定/登錄', 'officialDocNo': '北市文化文資字第10630492700號', 'registerDate': '2017-08-10 00:00:00.0', 'note': '登錄歷史建築'}, {'classification': '變更/修正', 'officialDocNo': '北市文化文資字第11130300201號', 'registerDate': '2022-08-19 00:00:00.0', 'note': '新增歷史建築'}]",宅第,臺北市
1216,20170810000001,盧致德院長宿舍、國防醫學院附設學人新村暨愛德幼兒園,"{'code': 'A3', 'name': '宅第'}",文化資產保存法第18條、歷史建築紀念建築登錄廢止審查及輔助辦法第5條、本府古蹟歷史建築紀念建築聚落建築群考古遺址史蹟及文化景觀審議會第150次會議決議。,121.52781739975788,25.01685897607421,"{'itemNo': 14, 'cityName': '臺北市', 'distName': '中正區', 'address': '汀州路3段24巷5弄17號'}",臺北市政府文化局,文化資產科,臺北市信義區市府路1號4樓東北區,(02)2720-8889,"<a href=""http://nchdb.boch.gov.tw/assets/advanceSearch/historicalBuilding/20170810000001"" target=""_blank"">http://nchdb.boch.gov.tw/assets/advanceSearch/historicalBuilding/20170810000001</a>","[{'classification': '指定/登錄', 'officialDocNo': '北市文化文資字第10630492700號', 'registerDate': '2017-08-10 00:00:00.0', 'note': '登錄歷史建築'}, {'classification': '變更/修正', 'officialDocNo': '北市文化文資字第11130300201號', 'registerDate': '2022-08-19 00:00:00.0', 'note': '新增歷史建築'}]",宅第,臺北市
1216,20170810000001,盧致德院長宿舍、國防醫學院附設學人新村暨愛德幼兒園,"{'code': 'A3', 'name': '宅第'}",文化資產保存法第18條、歷史建築紀念建築登錄廢止審查及輔助辦法第5條、本府古蹟歷史建築紀念建築聚落建築群考古遺址史蹟及文化景觀審議會第150次會議決議。,121.52781739975788,25.01685897607421,"{'itemNo': 15, 'cityName': '臺北市', 'distName': '中正區', 'address': '汀州路3段24巷5弄19號'}",臺北市政府文化局,文化資產科,臺北市信義區市府路1號4樓東北區,(02)2720-8889,"<a href=""http://nchdb.boch.gov.tw/assets/advanceSearch/historicalBuilding/20170810000001"" target=""_blank"">http://nchdb.boch.gov.tw/assets/advanceSearch/historicalBuilding/20170810000001</a>","[{'classification': '指定/登錄', 'officialDocNo': '北市文化文資字第10630492700號', 'registerDate': '2017-08-10 00:00:00.0', 'note': '登錄歷史建築'}, {'classification': '變更/修正', 'officialDocNo': '北市文化文資字第11130300201號', 'registerDate': '2022-08-19 00:00:00.0', 'note': '新增歷史建築'}]",宅第,臺北市
1216,20170810000001,盧致德院長宿舍、國防醫學院附設學人新村暨愛德幼兒園,"{'code': 'A3', 'name': '宅第'}",文化資產保存法第18條、歷史建築紀念建築登錄廢止審查及輔助辦法第5條、本府古蹟歷史建築紀念建築聚落建築群考古遺址史蹟及文化景觀審議會第150次會議決議。,121.52781739975788,25.01685897607421,"{'itemNo': 16, 'cityName': '臺北市', 'distName': '中正區', 'address': '汀州路3段24巷5弄29號'}",臺北市政府文化局,文化資產科,臺北市信義區市府路1號4樓東北區,(02)2720-8889,"<a href=""http://nchdb.boch.gov.tw/assets/advanceSearch/historicalBuilding/20170810000001"" target=""_blank"">http://nchdb.boch.gov.tw/assets/advanceSearch/historicalBuilding/20170810000001</a>","[{'classification': '指定/登錄', 'officialDocNo': '北市文化文資字第10630492700號', 'registerDate': '2017-08-10 00:00:00.0', 'note': '登錄歷史建築'}, {'classification': '變更/修正', 'officialDocNo': '北市文化文資字第11130300201號', 'registerDate': '2022-08-19 00:00:00.0', 'note': '新增歷史建築'}]",宅第,臺北市
1216,20170810000001,盧致德院長宿舍、國防醫學院附設學人新村暨愛德幼兒園,"{'code': 'A3', 'name': '宅第'}",文化資產保存法第18條、歷史建築紀念建築登錄廢止審查及輔助辦法第5條、本府古蹟歷史建築紀念建築聚落建築群考古遺址史蹟及文化景觀審議會第150次會議決議。,121.52781739975788,25.01685897607421,"{'itemNo': 17, 'cityName': '臺北市', 'distName': '中正區', 'address': '汀州路3段24巷5弄31號'}",臺北市政府文化局,文化資產科,臺北市信義區市府路1號4樓東北區,(02)2720-8889,"<a href=""http://nchdb.boch.gov.tw/assets/advanceSearch/historicalBuilding/20170810000001"" target=""_blank"">http://nchdb.boch.gov.tw/assets/advanceSearch/historicalBuilding/20170810000001</a>","[{'classification': '指定/登錄', 'officialDocNo': '北市文化文資字第10630492700號', 'registerDate': '2017-08-10 00:00:00.0', 'note': '登錄歷史建築'}, {'classification': '變更/修正', 'officialDocNo': '北市文化文資字第11130300201號', 'registerDate': '2022-08-19 00:00:00.0', 'note': '新增歷史建築'}]",宅第,臺北市
1216,20170810000001,盧致德院長宿舍、國防醫學院附設學人新村暨愛德幼兒園,"{'code': 'A3', 'name': '宅第'}",文化資產保存法第18條、歷史建築紀念建築登錄廢止審查及輔助辦法第5條、本府古蹟歷史建築紀念建築聚落建築群考古遺址史蹟及文化景觀審議會第150次會議決議。,121.52781739975788,25.01685897607421,"{'itemNo': 18, 'cityName': '臺北市', 'distName': '中正區', 'address': '汀州路3段24巷5弄21號'}",臺北市政府文化局,文化資產科,臺北市信義區市府路1號4樓東北區,(02)2720-8889,"<a href=""http://nchdb.boch.gov.tw/assets/advanceSearch/historicalBuilding/20170810000001"" target=""_blank"">http://nchdb.boch.gov.tw/assets/advanceSearch/historicalBuilding/20170810000001</a>","[{'classification': '指定/登錄', 'officialDocNo': '北市文化文資字第10630492700號', 'registerDate': '2017-08-10 00:00:00.0', 'note': '登錄歷史建築'}, {'classification': '變更/修正', 'officialDocNo': '北市文化文資字第11130300201號', 'registerDate': '2022-08-19 00:00:00.0', 'note': '新增歷史建築'}]",宅第,臺北市
1216,20170810000001,盧致德院長宿舍、國防醫學院附設學人新村暨愛德幼兒園,"{'code': 'A3', 'name': '宅第'}",文化資產保存法第18條、歷史建築紀念建築登錄廢止審查及輔助辦法第5條、本府古蹟歷史建築紀念建築聚落建築群考古遺址史蹟及文化景觀審議會第150次會議決議。,121.52781739975788,25.01685897607421,"{'itemNo': 19, 'cityName': '臺北市', 'distName': '中正區', 'address': '汀州路3段24巷5弄23號'}",臺北市政府文化局,文化資產科,臺北市信義區市府路1號4樓東北區,(02)2720-8889,"<a href=""http://nchdb.boch.gov.tw/assets/advanceSearch/historicalBuilding/20170810000001"" target=""_blank"">http://nchdb.boch.gov.tw/assets/advanceSearch/historicalBuilding/20170810000001</a>","[{'classification': '指定/登錄', 'officialDocNo': '北市文化文資字第10630492700號', 'registerDate': '2017-08-10 00:00:00.0', 'note': '登錄歷史建築'}, {'classification': '變更/修正', 'officialDocNo': '北市文化文資字第11130300201號', 'registerDate': '2022-08-19 00:00:00.0', 'note': '新增歷史建築'}]",宅第,臺北市
1216,20170810000001,盧致德院長宿舍、國防醫學院附設學人新村暨愛德幼兒園,"{'code': 'A3', 'name': '宅第'}",文化資產保存法第18條、歷史建築紀念建築登錄廢止審查及輔助辦法第5條、本府古蹟歷史建築紀念建築聚落建築群考古遺址史蹟及文化景觀審議會第150次會議決議。,121.52781739975788,25.01685897607421,"{'itemNo': 20, 'cityName': '臺北市', 'distName': '中正區', 'address': '汀州路3段24巷5弄25號'}",臺北市政府文化局,文化資產科,臺北市信義區市府路1號4樓東北區,(02)2720-8889,"<a href=""http://nchdb.boch.gov.tw/assets/advanceSearch/historicalBuilding/20170810000001"" target=""_blank"">http://nchdb.boch.gov.tw/assets/advanceSearch/historicalBuilding/20170810000001</a>","[{'classification': '指定/登錄', 'officialDocNo': '北市文化文資字第10630492700號', 'registerDate': '2017-08-10 00:00:00.0', 'note': '登錄歷史建築'}, {'classification': '變更/修正', 'officialDocNo': '北市文化文資字第11130300201號', 'registerDate': '2022-08-19 00:00:00.0', 'note': '新增歷史建築'}]",宅第,臺北市
1216,20170810000001,盧致德院長宿舍、國防醫學院附設學人新村暨愛德幼兒園,"{'code': 'A3', 'name': '宅第'}",文化資產保存法第18條、歷史建築紀念建築登錄廢止審查及輔助辦法第5條、本府古蹟歷史建築紀念建築聚落建築群考古遺址史蹟及文化景觀審議會第150次會議決議。,121.52781739975788,25.01685897607421,"{'itemNo': 21, 'cityName': '臺北市', 'distName': '中正區', 'address': '汀州路3段24巷5弄27號'}",臺北市政府文化局,文化資產科,臺北市信義區市府路1號4樓東北區,(02)2720-8889,"<a href=""http://nchdb.boch.gov.tw/assets/advanceSearch/historicalBuilding/20170810000001"" target=""_blank"">http://nchdb.boch.gov.tw/assets/advanceSearch/historicalBuilding/20170810000001</a>","[{'classification': '指定/登錄', 'officialDocNo': '北市文化文資字第10630492700號', 'registerDate': '2017-08-10 00:00:00.0', 'note': '登錄歷史建築'}, {'classification': '變更/修正', 'officialDocNo': '北市文化文資字第11130300201號', 'registerDate': '2022-08-19 00:00:00.0', 'note': '新增歷史建築'}]",宅第,臺北市
1216,20170810000001,盧致德院長宿舍、國防醫學院附設學人新村暨愛德幼兒園,"{'code': 'A3', 'name': '宅第'}",文化資產保存法第18條、歷史建築紀念建築登錄廢止審查及輔助辦法第5條、本府古蹟歷史建築紀念建築聚落建築群考古遺址史蹟及文化景觀審議會第150次會議決議。,121.52781739975788,25.01685897607421,"{'itemNo': 22, 'cityName': '臺北市', 'distName': '中正區', 'address': '汀州路3段24巷5弄33號'}",臺北市政府文化局,文化資產科,臺北市信義區市府路1號4樓東北區,(02)2720-8889,"<a href=""http://nchdb.boch.gov.tw/assets/advanceSearch/historicalBuilding/20170810000001"" target=""_blank"">http://nchdb.boch.gov.tw/assets/advanceSearch/historicalBuilding/20170810000001</a>","[{'classification': '指定/登錄', 'officialDocNo': '北市文化文資字第10630492700號', 'registerDate': '2017-08-10 00:00:00.0', 'note': '登錄歷史建築'}, {'classification': '變更/修正', 'officialDocNo': '北市文化文資字第11130300201號', 'registerDate': '2022-08-19 00:00:00.0', 'note': '新增歷史建築'}]",宅第,臺北市
1216,20170810000001,盧致德院長宿舍、國防醫學院附設學人新村暨愛德幼兒園,"{'code': 'A3', 'name': '宅第'}",文化資產保存法第18條、歷史建築紀念建築登錄廢止審查及輔助辦法第5條、本府古蹟歷史建築紀念建築聚落建築群考古遺址史蹟及文化景觀審議會第150次會議決議。,121.52781739975788,25.01685897607421,"{'itemNo': 23, 'cityName': '臺北市', 'distName': '中正區', 'address': '汀州路3段24巷5弄35號'}",臺北市政府文化局,文化資產科,臺北市信義區市府路1號4樓東北區,(02)2720-8889,"<a href=""http://nchdb.boch.gov.tw/assets/advanceSearch/historicalBuilding/20170810000001"" target=""_blank"">http://nchdb.boch.gov.tw/assets/advanceSearch/historicalBuilding/20170810000001</a>","[{'classification': '指定/登錄', 'officialDocNo': '北市文化文資字第10630492700號', 'registerDate': '2017-08-10 00:00:00.0', 'note': '登錄歷史建築'}, {'classification': '變更/修正', 'officialDocNo': '北市文化文資字第11130300201號', 'registerDate': '2022-08-19 00:00:00.0', 'note': '新增歷史建築'}]",宅第,臺北市
1216,20170810000001,盧致德院長宿舍、國防醫學院附設學人新村暨愛德幼兒園,"{'code': 'A3', 'name': '宅第'}",文化資產保存法第18條、歷史建築紀念建築登錄廢止審查及輔助辦法第5條、本府古蹟歷史建築紀念建築聚落建築群考古遺址史蹟及文化景觀審議會第150次會議決議。,121.52781739975788,25.01685897607421,"{'itemNo': 24, 'cityName': '臺北市', 'distName': '中正區', 'address': '汀州路3段24巷5弄45號'}",臺北市政府文化局,文化資產科,臺北市信義區市府路1號4樓東北區,(02)2720-8889,"<a href=""http://nchdb.boch.gov.tw/assets/advanceSearch/historicalBuilding/20170810000001"" target=""_blank"">http://nchdb.boch.gov.tw/assets/advanceSearch/historicalBuilding/20170810000001</a>","[{'classification': '指定/登錄', 'officialDocNo': '北市文化文資字第10630492700號', 'registerDate': '2017-08-10 00:00:00.0', 'note': '登錄歷史建築'}, {'classification': '變更/修正', 'officialDocNo': '北市文化文資字第11130300201號', 'registerDate': '2022-08-19 00:00:00.0', 'note': '新增歷史建築'}]",宅第,臺北市
1216,20170810000001,盧致德院長宿舍、國防醫學院附設學人新村暨愛德幼兒園,"{'code': 'A3', 'name': '宅第'}",文化資產保存法第18條、歷史建築紀念建築登錄廢止審查及輔助辦法第5條、本府古蹟歷史建築紀念建築聚落建築群考古遺址史蹟及文化景觀審議會第150次會議決議。,121.52781739975788,25.01685897607421,"{'itemNo': 25, 'cityName': '臺北市', 'distName': '中正區', 'address': '汀州路3段24巷5弄47號'}",臺北市政府文化局,文化資產科,臺北市信義區市府路1號4樓東北區,(02)2720-8889,"<a href=""http://nchdb.boch.gov.tw/assets/advanceSearch/historicalBuilding/20170810000001"" target=""_blank"">http://nchdb.boch.gov.tw/assets/advanceSearch/historicalBuilding/20170810000001</a>","[{'classification': '指定/登錄', 'officialDocNo': '北市文化文資字第10630492700號', 'registerDate': '2017-08-10 00:00:00.0', 'note': '登錄歷史建築'}, {'classification': '變更/修正', 'officialDocNo': '北市文化文資字第11130300201號', 'registerDate': '2022-08-19 00:00:00.0', 'note': '新增歷史建築'}]",宅第,臺北市
1216,20170810000001,盧致德院長宿舍、國防醫學院附設學人新村暨愛德幼兒園,"{'code': 'A3', 'name': '宅第'}",文化資產保存法第18條、歷史建築紀念建築登錄廢止審查及輔助辦法第5條、本府古蹟歷史建築紀念建築聚落建築群考古遺址史蹟及文化景觀審議會第150次會議決議。,121.52781739975788,25.01685897607421,"{'itemNo': 26, 'cityName': '臺北市', 'distName': '中正區', 'address': '汀州路3段24巷5弄37號'}",臺北市政府文化局,文化資產科,臺北市信義區市府路1號4樓東北區,(02)2720-8889,"<a href=""http://nchdb.boch.gov.tw/assets/advanceSearch/historicalBuilding/20170810000001"" target=""_blank"">http://nchdb.boch.gov.tw/assets/advanceSearch/historicalBuilding/20170810000001</a>","[{'classification': '指定/登錄', 'officialDocNo': '北市文化文資字第10630492700號', 'registerDate': '2017-08-10 00:00:00.0', 'note': '登錄歷史建築'}, {'classification': '變更/修正', 'officialDocNo': '北市文化文資字第11130300201號', 'registerDate': '2022-08-19 00:00:00.0', 'note': '新增歷史建築'}]",宅第,臺北市
1216,20170810000001,盧致德院長宿舍、國防醫學院附設學人新村暨愛德幼兒園,"{'code': 'A3', 'name': '宅第'}",文化資產保存法第18條、歷史建築紀念建築登錄廢止審查及輔助辦法第5條、本府古蹟歷史建築紀念建築聚落建築群考古遺址史蹟及文化景觀審議會第150次會議決議。,121.52781739975788,25.01685897607421,"{'itemNo': 27, 'cityName': '臺北市', 'distName': '中正區', 'address': '汀州路3段24巷5弄39號'}",臺北市政府文化局,文化資產科,臺北市信義區市府路1號4樓東北區,(02)2720-8889,"<a href=""http://nchdb.boch.gov.tw/assets/advanceSearch/historicalBuilding/20170810000001"" target=""_blank"">http://nchdb.boch.gov.tw/assets/advanceSearch/historicalBuilding/20170810000001</a>","[{'classification': '指定/登錄', 'officialDocNo': '北市文化文資字第10630492700號', 'registerDate': '2017-08-10 00:00:00.0', 'note': '登錄歷史建築'}, {'classification': '變更/修正', 'officialDocNo': '北市文化文資字第11130300201號', 'registerDate': '2022-08-19 00:00:00.0', 'note': '新增歷史建築'}]",宅第,臺北市
1216,20170810000001,盧致德院長宿舍、國防醫學院附設學人新村暨愛德幼兒園,"{'code': 'A3', 'name': '宅第'}",文化資產保存法第18條、歷史建築紀念建築登錄廢止審查及輔助辦法第5條、本府古蹟歷史建築紀念建築聚落建築群考古遺址史蹟及文化景觀審議會第150次會議決議。,121.52781739975788,25.01685897607421,"{'itemNo': 28, 'cityName': '臺北市', 'distName': '中正區', 'address': '汀州路3段24巷5弄41號'}",臺北市政府文化局,文化資產科,臺北市信義區市府路1號4樓東北區,(02)2720-8889,"<a href=""http://nchdb.boch.gov.tw/assets/advanceSearch/historicalBuilding/20170810000001"" target=""_blank"">http://nchdb.boch.gov.tw/assets/advanceSearch/historicalBuilding/20170810000001</a>","[{'classification': '指定/登錄', 'officialDocNo': '北市文化文資字第10630492700號', 'registerDate': '2017-08-10 00:00:00.0', 'note': '登錄歷史建築'}, {'classification': '變更/修正', 'officialDocNo': '北市文化文資字第11130300201號', 'registerDate': '2022-08-19 00:00:00.0', 'note': '新增歷史建築'}]",宅第,臺北市
1216,20170810000001,盧致德院長宿舍、國防醫學院附設學人新村暨愛德幼兒園,"{'code': 'A3', 'name': '宅第'}",文化資產保存法第18條、歷史建築紀念建築登錄廢止審查及輔助辦法第5條、本府古蹟歷史建築紀念建築聚落建築群考古遺址史蹟及文化景觀審議會第150次會議決議。,121.52781739975788,25.01685897607421,"{'itemNo': 29, 'cityName': '臺北市', 'distName': '中正區', 'address': '汀州路3段24巷5弄43號'}",臺北市政府文化局,文化資產科,臺北市信義區市府路1號4樓東北區,(02)2720-8889,"<a href=""http://nchdb.boch.gov.tw/assets/advanceSearch/historicalBuilding/20170810000001"" target=""_blank"">http://nchdb.boch.gov.tw/assets/advanceSearch/historicalBuilding/20170810000001</a>","[{'classification': '指定/登錄', 'officialDocNo': '北市文化文資字第10630492700號', 'registerDate': '2017-08-10 00:00:00.0', 'note': '登錄歷史建築'}, {'classification': '變更/修正', 'officialDocNo': '北市文化文資字第11130300201號', 'registerDate': '2022-08-19 00:00:00.0', 'note': '新增歷史建築'}]",宅第,臺北市
1216,20170810000001,盧致德院長宿舍、國防醫學院附設學人新村暨愛德幼兒園,"{'code': 'A3', 'name': '宅第'}",文化資產保存法第18條、歷史建築紀念建築登錄廢止審查及輔助辦法第5條、本府古蹟歷史建築紀念建築聚落建築群考古遺址史蹟及文化景觀審議會第150次會議決議。,121.52781739975788,25.01685897607421,"{'itemNo': 30, 'cityName': '臺北市', 'distName': '中正區', 'address': '汀州路3段24巷5弄14號'}",臺北市政府文化局,文化資產科,臺北市信義區市府路1號4樓東北區,(02)2720-8889,"<a href=""http://nchdb.boch.gov.tw/assets/advanceSearch/historicalBuilding/20170810000001"" target=""_blank"">http://nchdb.boch.gov.tw/assets/advanceSearch/historicalBuilding/20170810000001</a>","[{'classification': '指定/登錄', 'officialDocNo': '北市文化文資字第10630492700號', 'registerDate': '2017-08-10 00:00:00.0', 'note': '登錄歷史建築'}, {'classification': '變更/修正', 'officialDocNo': '北市文化文資字第11130300201號', 'registerDate': '2022-08-19 00:00:00.0', 'note': '新增歷史建築'}]",宅第,臺北市
1216,20170810000001,盧致德院長宿舍、國防醫學院附設學人新村暨愛德幼兒園,"{'code': 'A3', 'name': '宅第'}",文化資產保存法第18條、歷史建築紀念建築登錄廢止審查及輔助辦法第5條、本府古蹟歷史建築紀念建築聚落建築群考古遺址史蹟及文化景觀審議會第150次會議決議。,121.52781739975788,25.01685897607421,"{'itemNo': 31, 'cityName': '臺北市', 'distName': '中正區', 'address': '汀州路3段24巷5弄16號'}",臺北市政府文化局,文化資產科,臺北市信義區市府路1號4樓東北區,(02)2720-8889,"<a href=""http://nchdb.boch.gov.tw/assets/advanceSearch/historicalBuilding/20170810000001"" target=""_blank"">http://nchdb.boch.gov.tw/assets/advanceSearch/historicalBuilding/20170810000001</a>","[{'classification': '指定/登錄', 'officialDocNo': '北市文化文資字第10630492700號', 'registerDate': '2017-08-10 00:00:00.0', 'note': '登錄歷史建築'}, {'classification': '變更/修正', 'officialDocNo': '北市文化文資字第11130300201號', 'registerDate': '2022-08-19 00:00:00.0', 'note': '新增歷史建築'}]",宅第,臺北市
1216,20170810000001,盧致德院長宿舍、國防醫學院附設學人新村暨愛德幼兒園,"{'code': 'A3', 'name': '宅第'}",文化資產保存法第18條、歷史建築紀念建築登錄廢止審查及輔助辦法第5條、本府古蹟歷史建築紀念建築聚落建築群考古遺址史蹟及文化景觀審議會第150次會議決議。,121.52781739975788,25.01685897607421,"{'itemNo': 32, 'cityName': '臺北市', 'distName': '中正區', 'address': '汀州路3段24巷5弄12號'}",臺北市政府文化局,文化資產科,臺北市信義區市府路1號4樓東北區,(02)2720-8889,"<a href=""http://nchdb.boch.gov.tw/assets/advanceSearch/historicalBuilding/20170810000001"" target=""_blank"">http://nchdb.boch.gov.tw/assets/advanceSearch/historicalBuilding/20170810000001</a>","[{'classification': '指定/登錄', 'officialDocNo': '北市文化文資字第10630492700號', 'registerDate': '2017-08-10 00:00:00.0', 'note': '登錄歷史建築'}, {'classification': '變更/修正', 'officialDocNo': '北市文化文資字第11130300201號', 'registerDate': '2022-08-19 00:00:00.0', 'note': '新增歷史建築'}]",宅第,臺北市
1216,20170810000001,盧致德院長宿舍、國防醫學院附設學人新村暨愛德幼兒園,"{'code': 'A3', 'name': '宅第'}",文化資產保存法第18條、歷史建築紀念建築登錄廢止審查及輔助辦法第5條、本府古蹟歷史建築紀念建築聚落建築群考古遺址史蹟及文化景觀審議會第150次會議決議。,121.52781739975788,25.01685897607421,"{'itemNo': 33, 'cityName': '臺北市', 'distName': '中正區', 'address': '汀州路3段24巷5弄10號'}",臺北市政府文化局,文化資產科,臺北市信義區市府路1號4樓東北區,(02)2720-8889,"<a href=""http://nchdb.boch.gov.tw/assets/advanceSearch/historicalBuilding/20170810000001"" target=""_blank"">http://nchdb.boch.gov.tw/assets/advanceSearch/historicalBuilding/20170810000001</a>","[{'classification': '指定/登錄', 'officialDocNo': '北市文化文資字第10630492700號', 'registerDate': '2017-08-10 00:00:00.0', 'note': '登錄歷史建築'}, {'classification': '變更/修正', 'officialDocNo': '北市文化文資字第11130300201號', 'registerDate': '2022-08-19 00:00:00.0', 'note': '新增歷史建築'}]",宅第,臺北市
1216,20170810000001,盧致德院長宿舍、國防醫學院附設學人新村暨愛德幼兒園,"{'code': 'A24', 'name': '學校'}",文化資產保存法第18條、歷史建築紀念建築登錄廢止審查及輔助辦法第5條、本府古蹟歷史建築紀念建築聚落建築群考古遺址史蹟及文化景觀審議會第150次會議決議。,121.52781739975788,25.01685897607421,"{'itemNo': 1, 'cityName': '臺北市', 'distName': '中正區', 'address': '汀州路3段24巷1號'}",臺北市政府文化局,文化資產科,臺北市信義區市府路1號4樓東北區,(02)2720-8889,"<a href=""http://nchdb.boch.gov.tw/assets/advanceSearch/historicalBuilding/20170810000001"" target=""_blank"">http://nchdb.boch.gov.tw/assets/advanceSearch/historicalBuilding/20170810000001</a>","[{'classification': '指定/登錄', 'officialDocNo': '北市文化文資字第10630492700號', 'registerDate': '2017-08-10 00:00:00.0', 'note': '登錄歷史建築'}, {'classification': '變更/修正', 'officialDocNo': '北市文化文資字第11130300201號', 'registerDate': '2022-08-19 00:00:00.0', 'note': '新增歷史建築'}]",學校,臺北市
1216,20170810000001,盧致德院長宿舍、國防醫學院附設學人新村暨愛德幼兒園,"{'code': 'A24', 'name': '學校'}",文化資產保存法第18條、歷史建築紀念建築登錄廢止審查及輔助辦法第5條、本府古蹟歷史建築紀念建築聚落建築群考古遺址史蹟及文化景觀審議會第150次會議決議。,121.52781739975788,25.01685897607421,"{'itemNo': 2, 'cityName': '臺北市', 'distName': '中正區', 'address': '汀州路3段24巷3號'}",臺北市政府文化局,文化資產科,臺北市信義區市府路1號4樓東北區,(02)2720-8889,"<a href=""http://nchdb.boch.gov.tw/assets/advanceSearch/historicalBuilding/20170810000001"" target=""_blank"">http://nchdb.boch.gov.tw/assets/advanceSearch/historicalBuilding/20170810000001</a>","[{'classification': '指定/登錄', 'officialDocNo': '北市文化文資字第10630492700號', 'registerDate': '2017-08-10 00:00:00.0', 'note': '登錄歷史建築'}, {'classification': '變更/修正', 'officialDocNo': '北市文化文資字第11130300201號', 'registerDate': '2022-08-19 00:00:00.0', 'note': '新增歷史建築'}]",學校,臺北市
1216,20170810000001,盧致德院長宿舍、國防醫學院附設學人新村暨愛德幼兒園,"{'code': 'A24', 'name': '學校'}",文化資產保存法第18條、歷史建築紀念建築登錄廢止審查及輔助辦法第5條、本府古蹟歷史建築紀念建築聚落建築群考古遺址史蹟及文化景觀審議會第150次會議決議。,121.52781739975788,25.01685897607421,"{'itemNo': 3, 'cityName': '臺北市', 'distName': '中正區', 'address': '汀州路3段24巷5弄1號'}",臺北市政府文化局,文化資產科,臺北市信義區市府路1號4樓東北區,(02)2720-8889,"<a href=""http://nchdb.boch.gov.tw/assets/advanceSearch/historicalBuilding/20170810000001"" target=""_blank"">http://nchdb.boch.gov.tw/assets/advanceSearch/historicalBuilding/20170810000001</a>","[{'classification': '指定/登錄', 'officialDocNo': '北市文化文資字第10630492700號', 'registerDate': '2017-08-10 00:00:00.0', 'note': '登錄歷史建築'}, {'classification': '變更/修正', 'officialDocNo': '北市文化文資字第11130300201號', 'registerDate': '2022-08-19 00:00:00.0', 'note': '新增歷史建築'}]",學校,臺北市
1216,20170810000001,盧致德院長宿舍、國防醫學院附設學人新村暨愛德幼兒園,"{'code': 'A24', 'name': '學校'}",文化資產保存法第18條、歷史建築紀念建築登錄廢止審查及輔助辦法第5條、本府古蹟歷史建築紀念建築聚落建築群考古遺址史蹟及文化景觀審議會第150次會議決議。,121.52781739975788,25.01685897607421,"{'itemNo': 4, 'cityName': '臺北市', 'distName': '中正區', 'address': '汀州路3段24巷5弄3號'}",臺北市政府文化局,文化資產科,臺北市信義區市府路1號4樓東北區,(02)2720-8889,"<a href=""http://nchdb.boch.gov.tw/assets/advanceSearch/historicalBuilding/20170810000001"" target=""_blank"">http://nchdb.boch.gov.tw/assets/advanceSearch/historicalBuilding/20170810000001</a>","[{'classification': '指定/登錄', 'officialDocNo': '北市文化文資字第10630492700號', 'registerDate': '2017-08-10 00:00:00.0', 'note': '登錄歷史建築'}, {'classification': '變更/修正', 'officialDocNo': '北市文化文資字第11130300201號', 'registerDate': '2022-08-19 00:00:00.0', 'note': '新增歷史建築'}]",學校,臺北市
1216,20170810000001,盧致德院長宿舍、國防醫學院附設學人新村暨愛德幼兒園,"{'code': 'A24', 'name': '學校'}",文化資產保存法第18條、歷史建築紀念建築登錄廢止審查及輔助辦法第5條、本府古蹟歷史建築紀念建築聚落建築群考古遺址史蹟及文化景觀審議會第150次會議決議。,121.52781739975788,25.01685897607421,"{'itemNo': 5, 'cityName': '臺北市', 'distName': '中正區', 'address': '汀州路3段24巷5弄13號'}",臺北市政府文化局,文化資產科,臺北市信義區市府路1號4樓東北區,(02)2720-8889,"<a href=""http://nchdb.boch.gov.tw/assets/advanceSearch/historicalBuilding/20170810000001"" target=""_blank"">http://nchdb.boch.gov.tw/assets/advanceSearch/historicalBuilding/20170810000001</a>","[{'classification': '指定/登錄', 'officialDocNo': '北市文化文資字第10630492700號', 'registerDate': '2017-08-10 00:00:00.0', 'note': '登錄歷史建築'}, {'classification': '變更/修正', 'officialDocNo': '北市文化文資字第11130300201號', 'registerDate': '2022-08-19 00:00:00.0', 'note': '新增歷史建築'}]",學校,臺北市
1216,20170810000001,盧致德院長宿舍、國防醫學院附設學人新村暨愛德幼兒園,"{'code': 'A24', 'name': '學校'}",文化資產保存法第18條、歷史建築紀念建築登錄廢止審查及輔助辦法第5條、本府古蹟歷史建築紀念建築聚落建築群考古遺址史蹟及文化景觀審議會第150次會議決議。,121.52781739975788,25.01685897607421,"{'itemNo': 6, 'cityName': '臺北市', 'distName': '中正區', 'address': '汀州路3段24巷5弄15號'}",臺北市政府文化局,文化資產科,臺北市信義區市府路1號4樓東北區,(02)2720-8889,"<a href=""http://nchdb.boch.gov.tw/assets/advanceSearch/historicalBuilding/20170810000001"" target=""_blank"">http://nchdb.boch.gov.tw/assets/advanceSearch/historicalBuilding/20170810000001</a>","[{'classification': '指定/登錄', 'officialDocNo': '北市文化文資字第10630492700號', 'registerDate': '2017-08-10 00:00:00.0', 'note': '登錄歷史建築'}, {'classification': '變更/修正', 'officialDocNo': '北市文化文資字第11130300201號', 'registerDate': '2022-08-19 00:00:00.0', 'note': '新增歷史建築'}]",學校,臺北市
1216,20170810000001,盧致德院長宿舍、國防醫學院附設學人新村暨愛德幼兒園,"{'code': 'A24', 'name': '學校'}",文化資產保存法第18條、歷史建築紀念建築登錄廢止審查及輔助辦法第5條、本府古蹟歷史建築紀念建築聚落建築群考古遺址史蹟及文化景觀審議會第150次會議決議。,121.52781739975788,25.01685897607421,"{'itemNo': 7, 'cityName': '臺北市', 'distName': '中正區', 'address': '汀州路3段24巷5弄5號'}",臺北市政府文化局,文化資產科,臺北市信義區市府路1號4樓東北區,(02)2720-8889,"<a href=""http://nchdb.boch.gov.tw/assets/advanceSearch/historicalBuilding/20170810000001"" target=""_blank"">http://nchdb.boch.gov.tw/assets/advanceSearch/historicalBuilding/20170810000001</a>","[{'classification': '指定/登錄', 'officialDocNo': '北市文化文資字第10630492700號', 'registerDate': '2017-08-10 00:00:00.0', 'note': '登錄歷史建築'}, {'classification': '變更/修正', 'officialDocNo': '北市文化文資字第11130300201號', 'registerDate': '2022-08-19 00:00:00.0', 'note': '新增歷史建築'}]",學校,臺北市
1216,20170810000001,盧致德院長宿舍、國防醫學院附設學人新村暨愛德幼兒園,"{'code': 'A24', 'name': '學校'}",文化資產保存法第18條、歷史建築紀念建築登錄廢止審查及輔助辦法第5條、本府古蹟歷史建築紀念建築聚落建築群考古遺址史蹟及文化景觀審議會第150次會議決議。,121.52781739975788,25.01685897607421,"{'itemNo': 8, 'cityName': '臺北市', 'distName': '中正區', 'address': '汀州路3段24巷5弄7號'}",臺北市政府文化局,文化資產科,臺北市信義區市府路1號4樓東北區,(02)2720-8889,"<a href=""http://nchdb.boch.gov.tw/assets/advanceSearch/historicalBuilding/20170810000001"" target=""_blank"">http://nchdb.boch.gov.tw/assets/advanceSearch/historicalBuilding/20170810000001</a>","[{'classification': '指定/登錄', 'officialDocNo': '北市文化文資字第10630492700號', 'registerDate': '2017-08-10 00:00:00.0', 'note': '登錄歷史建築'}, {'classification': '變更/修正', 'officialDocNo': '北市文化文資字第11130300201號', 'registerDate': '2022-08-19 00:00:00.0', 'note': '新增歷史建築'}]",學校,臺北市
1216,20170810000001,盧致德院長宿舍、國防醫學院附設學人新村暨愛德幼兒園,"{'code': 'A24', 'name': '學校'}",文化資產保存法第18條、歷史建築紀念建築登錄廢止審查及輔助辦法第5條、本府古蹟歷史建築紀念建築聚落建築群考古遺址史蹟及文化景觀審議會第150次會議決議。,121.52781739975788,25.01685897607421,"{'itemNo': 9, 'cityName': '臺北市', 'distName': '中正區', 'address': '汀州路3段24巷5弄11號'}",臺北市政府文化局,文化資產科,臺北市信義區市府路1號4樓東北區,(02)2720-8889,"<a href=""http://nchdb.boch.gov.tw/assets/advanceSearch/historicalBuilding/20170810000001"" target=""_blank"">http://nchdb.boch.gov.tw/assets/advanceSearch/historicalBuilding/20170810000001</a>","[{'classification': '指定/登錄', 'officialDocNo': '北市文化文資字第10630492700號', 'registerDate': '2017-08-10 00:00:00.0', 'note': '登錄歷史建築'}, {'classification': '變更/修正', 'officialDocNo': '北市文化文資字第11130300201號', 'registerDate': '2022-08-19 00:00:00.0', 'note': '新增歷史建築'}]",學校,臺北市
1216,20170810000001,盧致德院長宿舍、國防醫學院附設學人新村暨愛德幼兒園,"{'code': 'A24', 'name': '學校'}",文化資產保存法第18條、歷史建築紀念建築登錄廢止審查及輔助辦法第5條、本府古蹟歷史建築紀念建築聚落建築群考古遺址史蹟及文化景觀審議會第150次會議決議。,121.52781739975788,25.01685897607421,"{'itemNo': 10, 'cityName': '臺北市', 'distName': '中正區', 'address': '汀州路3段24巷5弄2號'}",臺北市政府文化局,文化資產科,臺北市信義區市府路1號4樓東北區,(02)2720-8889,"<a href=""http://nchdb.boch.gov.tw/assets/advanceSearch/historicalBuilding/20170810000001"" target=""_blank"">http://nchdb.boch.gov.tw/assets/advanceSearch/historicalBuilding/20170810000001</a>","[{'classification': '指定/登錄', 'officialDocNo': '北市文化文資字第10630492700號', 'registerDate': '2017-08-10 00:00:00.0', 'note': '登錄歷史建築'}, {'classification': '變更/修正', 'officialDocNo': '北市文化文資字第11130300201號', 'registerDate': '2022-08-19 00:00:00.0', 'note': '新增歷史建築'}]",學校,臺北市
1216,20170810000001,盧致德院長宿舍、國防醫學院附設學人新村暨愛德幼兒園,"{'code': 'A24', 'name': '學校'}",文化資產保存法第18條、歷史建築紀念建築登錄廢止審查及輔助辦法第5條、本府古蹟歷史建築紀念建築聚落建築群考古遺址史蹟及文化景觀審議會第150次會議決議。,121.52781739975788,25.01685897607421,"{'itemNo': 11, 'cityName': '臺北市', 'distName': '中正區', 'address': '汀州路3段24巷5弄4號'}",臺北市政府文化局,文化資產科,臺北市信義區市府路1號4樓東北區,(02)2720-8889,"<a href=""http://nchdb.boch.gov.tw/assets/advanceSearch/historicalBuilding/20170810000001"" target=""_blank"">http://nchdb.boch.gov.tw/assets/advanceSearch/historicalBuilding/20170810000001</a>","[{'classification': '指定/登錄', 'officialDocNo': '北市文化文資字第10630492700號', 'registerDate': '2017-08-10 00:00:00.0', 'note': '登錄歷史建築'}, {'classification': '變更/修正', 'officialDocNo': '北市文化文資字第11130300201號', 'registerDate': '2022-08-19 00:00:00.0', 'note': '新增歷史建築'}]",學校,臺北市
1216,20170810000001,盧致德院長宿舍、國防醫學院附設學人新村暨愛德幼兒園,"{'code': 'A24', 'name': '學校'}",文化資產保存法第18條、歷史建築紀念建築登錄廢止審查及輔助辦法第5條、本府古蹟歷史建築紀念建築聚落建築群考古遺址史蹟及文化景觀審議會第150次會議決議。,121.52781739975788,25.01685897607421,"{'itemNo': 12, 'cityName': '臺北市', 'distName': '中正區', 'address': '汀州路3段24巷5弄6號'}",臺北市政府文化局,文化資產科,臺北市信義區市府路1號4樓東北區,(02)2720-8889,"<a href=""http://nchdb.boch.gov.tw/assets/advanceSearch/historicalBuilding/20170810000001"" target=""_blank"">http://nchdb.boch.gov.tw/assets/advanceSearch/historicalBuilding/20170810000001</a>","[{'classification': '指定/登錄', 'officialDocNo': '北市文化文資字第10630492700號', 'registerDate': '2017-08-10 00:00:00.0', 'note': '登錄歷史建築'}, {'classification': '變更/修正', 'officialDocNo': '北市文化文資字第11130300201號', 'registerDate': '2022-08-19 00:00:00.0', 'note': '新增歷史建築'}]",學校,臺北市
1216,20170810000001,盧致德院長宿舍、國防醫學院附設學人新村暨愛德幼兒園,"{'code': 'A24', 'name': '學校'}",文化資產保存法第18條、歷史建築紀念建築登錄廢止審查及輔助辦法第5條、本府古蹟歷史建築紀念建築聚落建築群考古遺址史蹟及文化景觀審議會第150次會議決議。,121.52781739975788,25.01685897607421,"{'itemNo': 13, 'cityName': '臺北市', 'distName': '中正區', 'address': '汀州路3段24巷5弄8號'}",臺北市政府文化局,文化資產科,臺北市信義區市府路1號4樓東北區,(02)2720-8889,"<a href=""http://nchdb.boch.gov.tw/assets/advanceSearch/historicalBuilding/20170810000001"" target=""_blank"">http://nchdb.boch.gov.tw/assets/advanceSearch/historicalBuilding/20170810000001</a>","[{'classification': '指定/登錄', 'officialDocNo': '北市文化文資字第10630492700號', 'registerDate': '2017-08-10 00:00:00.0', 'note': '登錄歷史建築'}, {'classification': '變更/修正', 'officialDocNo': '北市文化文資字第11130300201號', 'registerDate': '2022-08-19 00:00:00.0', 'note': '新增歷史建築'}]",學校,臺北市
1216,20170810000001,盧致德院長宿舍、國防醫學院附設學人新村暨愛德幼兒園,"{'code': 'A24', 'name': '學校'}",文化資產保存法第18條、歷史建築紀念建築登錄廢止審查及輔助辦法第5條、本府古蹟歷史建築紀念建築聚落建築群考古遺址史蹟及文化景觀審議會第150次會議決議。,121.52781739975788,25.01685897607421,"{'itemNo': 14, 'cityName': '臺北市', 'distName': '中正區', 'address': '汀州路3段24巷5弄17號'}",臺北市政府文化局,文化資產科,臺北市信義區市府路1號4樓東北區,(02)2720-8889,"<a href=""http://nchdb.boch.gov.tw/assets/advanceSearch/historicalBuilding/20170810000001"" target=""_blank"">http://nchdb.boch.gov.tw/assets/advanceSearch/historicalBuilding/20170810000001</a>","[{'classification': '指定/登錄', 'officialDocNo': '北市文化文資字第10630492700號', 'registerDate': '2017-08-10 00:00:00.0', 'note': '登錄歷史建築'}, {'classification': '變更/修正', 'officialDocNo': '北市文化文資字第11130300201號', 'registerDate': '2022-08-19 00:00:00.0', 'note': '新增歷史建築'}]",學校,臺北市
1216,20170810000001,盧致德院長宿舍、國防醫學院附設學人新村暨愛德幼兒園,"{'code': 'A24', 'name': '學校'}",文化資產保存法第18條、歷史建築紀念建築登錄廢止審查及輔助辦法第5條、本府古蹟歷史建築紀念建築聚落建築群考古遺址史蹟及文化景觀審議會第150次會議決議。,121.52781739975788,25.01685897607421,"{'itemNo': 15, 'cityName': '臺北市', 'distName': '中正區', 'address': '汀州路3段24巷5弄19號'}",臺北市政府文化局,文化資產科,臺北市信義區市府路1號4樓東北區,(02)2720-8889,"<a href=""http://nchdb.boch.gov.tw/assets/advanceSearch/historicalBuilding/20170810000001"" target=""_blank"">http://nchdb.boch.gov.tw/assets/advanceSearch/historicalBuilding/20170810000001</a>","[{'classification': '指定/登錄', 'officialDocNo': '北市文化文資字第10630492700號', 'registerDate': '2017-08-10 00:00:00.0', 'note': '登錄歷史建築'}, {'classification': '變更/修正', 'officialDocNo': '北市文化文資字第11130300201號', 'registerDate': '2022-08-19 00:00:00.0', 'note': '新增歷史建築'}]",學校,臺北市
1216,20170810000001,盧致德院長宿舍、國防醫學院附設學人新村暨愛德幼兒園,"{'code': 'A24', 'name': '學校'}",文化資產保存法第18條、歷史建築紀念建築登錄廢止審查及輔助辦法第5條、本府古蹟歷史建築紀念建築聚落建築群考古遺址史蹟及文化景觀審議會第150次會議決議。,121.52781739975788,25.01685897607421,"{'itemNo': 16, 'cityName': '臺北市', 'distName': '中正區', 'address': '汀州路3段24巷5弄29號'}",臺北市政府文化局,文化資產科,臺北市信義區市府路1號4樓東北區,(02)2720-8889,"<a href=""http://nchdb.boch.gov.tw/assets/advanceSearch/historicalBuilding/20170810000001"" target=""_blank"">http://nchdb.boch.gov.tw/assets/advanceSearch/historicalBuilding/20170810000001</a>","[{'classification': '指定/登錄', 'officialDocNo': '北市文化文資字第10630492700號', 'registerDate': '2017-08-10 00:00:00.0', 'note': '登錄歷史建築'}, {'classification': '變更/修正', 'officialDocNo': '北市文化文資字第11130300201號', 'registerDate': '2022-08-19 00:00:00.0', 'note': '新增歷史建築'}]",學校,臺北市
1216,20170810000001,盧致德院長宿舍、國防醫學院附設學人新村暨愛德幼兒園,"{'code': 'A24', 'name': '學校'}",文化資產保存法第18條、歷史建築紀念建築登錄廢止審查及輔助辦法第5條、本府古蹟歷史建築紀念建築聚落建築群考古遺址史蹟及文化景觀審議會第150次會議決議。,121.52781739975788,25.01685897607421,"{'itemNo': 17, 'cityName': '臺北市', 'distName': '中正區', 'address': '汀州路3段24巷5弄31號'}",臺北市政府文化局,文化資產科,臺北市信義區市府路1號4樓東北區,(02)2720-8889,"<a href=""http://nchdb.boch.gov.tw/assets/advanceSearch/historicalBuilding/20170810000001"" target=""_blank"">http://nchdb.boch.gov.tw/assets/advanceSearch/historicalBuilding/20170810000001</a>","[{'classification': '指定/登錄', 'officialDocNo': '北市文化文資字第10630492700號', 'registerDate': '2017-08-10 00:00:00.0', 'note': '登錄歷史建築'}, {'classification': '變更/修正', 'officialDocNo': '北市文化文資字第11130300201號', 'registerDate': '2022-08-19 00:00:00.0', 'note': '新增歷史建築'}]",學校,臺北市
1216,20170810000001,盧致德院長宿舍、國防醫學院附設學人新村暨愛德幼兒園,"{'code': 'A24', 'name': '學校'}",文化資產保存法第18條、歷史建築紀念建築登錄廢止審查及輔助辦法第5條、本府古蹟歷史建築紀念建築聚落建築群考古遺址史蹟及文化景觀審議會第150次會議決議。,121.52781739975788,25.01685897607421,"{'itemNo': 18, 'cityName': '臺北市', 'distName': '中正區', 'address': '汀州路3段24巷5弄21號'}",臺北市政府文化局,文化資產科,臺北市信義區市府路1號4樓東北區,(02)2720-8889,"<a href=""http://nchdb.boch.gov.tw/assets/advanceSearch/historicalBuilding/20170810000001"" target=""_blank"">http://nchdb.boch.gov.tw/assets/advanceSearch/historicalBuilding/20170810000001</a>","[{'classification': '指定/登錄', 'officialDocNo': '北市文化文資字第10630492700號', 'registerDate': '2017-08-10 00:00:00.0', 'note': '登錄歷史建築'}, {'classification': '變更/修正', 'officialDocNo': '北市文化文資字第11130300201號', 'registerDate': '2022-08-19 00:00:00.0', 'note': '新增歷史建築'}]",學校,臺北市
1216,20170810000001,盧致德院長宿舍、國防醫學院附設學人新村暨愛德幼兒園,"{'code': 'A24', 'name': '學校'}",文化資產保存法第18條、歷史建築紀念建築登錄廢止審查及輔助辦法第5條、本府古蹟歷史建築紀念建築聚落建築群考古遺址史蹟及文化景觀審議會第150次會議決議。,121.52781739975788,25.01685897607421,"{'itemNo': 19, 'cityName': '臺北市', 'distName': '中正區', 'address': '汀州路3段24巷5弄23號'}",臺北市政府文化局,文化資產科,臺北市信義區市府路1號4樓東北區,(02)2720-8889,"<a href=""http://nchdb.boch.gov.tw/assets/advanceSearch/historicalBuilding/20170810000001"" target=""_blank"">http://nchdb.boch.gov.tw/assets/advanceSearch/historicalBuilding/20170810000001</a>","[{'classification': '指定/登錄', 'officialDocNo': '北市文化文資字第10630492700號', 'registerDate': '2017-08-10 00:00:00.0', 'note': '登錄歷史建築'}, {'classification': '變更/修正', 'officialDocNo': '北市文化文資字第11130300201號', 'registerDate': '2022-08-19 00:00:00.0', 'note': '新增歷史建築'}]",學校,臺北市
1216,20170810000001,盧致德院長宿舍、國防醫學院附設學人新村暨愛德幼兒園,"{'code': 'A24', 'name': '學校'}",文化資產保存法第18條、歷史建築紀念建築登錄廢止審查及輔助辦法第5條、本府古蹟歷史建築紀念建築聚落建築群考古遺址史蹟及文化景觀審議會第150次會議決議。,121.52781739975788,25.01685897607421,"{'itemNo': 20, 'cityName': '臺北市', 'distName': '中正區', 'address': '汀州路3段24巷5弄25號'}",臺北市政府文化局,文化資產科,臺北市信義區市府路1號4樓東北區,(02)2720-8889,"<a href=""http://nchdb.boch.gov.tw/assets/advanceSearch/historicalBuilding/20170810000001"" target=""_blank"">http://nchdb.boch.gov.tw/assets/advanceSearch/historicalBuilding/20170810000001</a>","[{'classification': '指定/登錄', 'officialDocNo': '北市文化文資字第10630492700號', 'registerDate': '2017-08-10 00:00:00.0', 'note': '登錄歷史建築'}, {'classification': '變更/修正', 'officialDocNo': '北市文化文資字第11130300201號', 'registerDate': '2022-08-19 00:00:00.0', 'note': '新增歷史建築'}]",學校,臺北市
1216,20170810000001,盧致德院長宿舍、國防醫學院附設學人新村暨愛德幼兒園,"{'code': 'A24', 'name': '學校'}",文化資產保存法第18條、歷史建築紀念建築登錄廢止審查及輔助辦法第5條、本府古蹟歷史建築紀念建築聚落建築群考古遺址史蹟及文化景觀審議會第150次會議決議。,121.52781739975788,25.01685897607421,"{'itemNo': 21, 'cityName': '臺北市', 'distName': '中正區', 'address': '汀州路3段24巷5弄27號'}",臺北市政府文化局,文化資產科,臺北市信義區市府路1號4樓東北區,(02)2720-8889,"<a href=""http://nchdb.boch.gov.tw/assets/advanceSearch/historicalBuilding/20170810000001"" target=""_blank"">http://nchdb.boch.gov.tw/assets/advanceSearch/historicalBuilding/20170810000001</a>","[{'classification': '指定/登錄', 'officialDocNo': '北市文化文資字第10630492700號', 'registerDate': '2017-08-10 00:00:00.0', 'note': '登錄歷史建築'}, {'classification': '變更/修正', 'officialDocNo': '北市文化文資字第11130300201號', 'registerDate': '2022-08-19 00:00:00.0', 'note': '新增歷史建築'}]",學校,臺北市
1216,20170810000001,盧致德院長宿舍、國防醫學院附設學人新村暨愛德幼兒園,"{'code': 'A24', 'name': '學校'}",文化資產保存法第18條、歷史建築紀念建築登錄廢止審查及輔助辦法第5條、本府古蹟歷史建築紀念建築聚落建築群考古遺址史蹟及文化景觀審議會第150次會議決議。,121.52781739975788,25.01685897607421,"{'itemNo': 22, 'cityName': '臺北市', 'distName': '中正區', 'address': '汀州路3段24巷5弄33號'}",臺北市政府文化局,文化資產科,臺北市信義區市府路1號4樓東北區,(02)2720-8889,"<a href=""http://nchdb.boch.gov.tw/assets/advanceSearch/historicalBuilding/20170810000001"" target=""_blank"">http://nchdb.boch.gov.tw/assets/advanceSearch/historicalBuilding/20170810000001</a>","[{'classification': '指定/登錄', 'officialDocNo': '北市文化文資字第10630492700號', 'registerDate': '2017-08-10 00:00:00.0', 'note': '登錄歷史建築'}, {'classification': '變更/修正', 'officialDocNo': '北市文化文資字第11130300201號', 'registerDate': '2022-08-19 00:00:00.0', 'note': '新增歷史建築'}]",學校,臺北市
1216,20170810000001,盧致德院長宿舍、國防醫學院附設學人新村暨愛德幼兒園,"{'code': 'A24', 'name': '學校'}",文化資產保存法第18條、歷史建築紀念建築登錄廢止審查及輔助辦法第5條、本府古蹟歷史建築紀念建築聚落建築群考古遺址史蹟及文化景觀審議會第150次會議決議。,121.52781739975788,25.01685897607421,"{'itemNo': 23, 'cityName': '臺北市', 'distName': '中正區', 'address': '汀州路3段24巷5弄35號'}",臺北市政府文化局,文化資產科,臺北市信義區市府路1號4樓東北區,(02)2720-8889,"<a href=""http://nchdb.boch.gov.tw/assets/advanceSearch/historicalBuilding/20170810000001"" target=""_blank"">http://nchdb.boch.gov.tw/assets/advanceSearch/historicalBuilding/20170810000001</a>","[{'classification': '指定/登錄', 'officialDocNo': '北市文化文資字第10630492700號', 'registerDate': '2017-08-10 00:00:00.0', 'note': '登錄歷史建築'}, {'classification': '變更/修正', 'officialDocNo': '北市文化文資字第11130300201號', 'registerDate': '2022-08-19 00:00:00.0', 'note': '新增歷史建築'}]",學校,臺北市
1216,20170810000001,盧致德院長宿舍、國防醫學院附設學人新村暨愛德幼兒園,"{'code': 'A24', 'name': '學校'}",文化資產保存法第18條、歷史建築紀念建築登錄廢止審查及輔助辦法第5條、本府古蹟歷史建築紀念建築聚落建築群考古遺址史蹟及文化景觀審議會第150次會議決議。,121.52781739975788,25.01685897607421,"{'itemNo': 24, 'cityName': '臺北市', 'distName': '中正區', 'address': '汀州路3段24巷5弄45號'}",臺北市政府文化局,文化資產科,臺北市信義區市府路1號4樓東北區,(02)2720-8889,"<a href=""http://nchdb.boch.gov.tw/assets/advanceSearch/historicalBuilding/20170810000001"" target=""_blank"">http://nchdb.boch.gov.tw/assets/advanceSearch/historicalBuilding/20170810000001</a>","[{'classification': '指定/登錄', 'officialDocNo': '北市文化文資字第10630492700號', 'registerDate': '2017-08-10 00:00:00.0', 'note': '登錄歷史建築'}, {'classification': '變更/修正', 'officialDocNo': '北市文化文資字第11130300201號', 'registerDate': '2022-08-19 00:00:00.0', 'note': '新增歷史建築'}]",學校,臺北市
1216,20170810000001,盧致德院長宿舍、國防醫學院附設學人新村暨愛德幼兒園,"{'code': 'A24', 'name': '學校'}",文化資產保存法第18條、歷史建築紀念建築登錄廢止審查及輔助辦法第5條、本府古蹟歷史建築紀念建築聚落建築群考古遺址史蹟及文化景觀審議會第150次會議決議。,121.52781739975788,25.01685897607421,"{'itemNo': 25, 'cityName': '臺北市', 'distName': '中正區', 'address': '汀州路3段24巷5弄47號'}",臺北市政府文化局,文化資產科,臺北市信義區市府路1號4樓東北區,(02)2720-8889,"<a href=""http://nchdb.boch.gov.tw/assets/advanceSearch/historicalBuilding/20170810000001"" target=""_blank"">http://nchdb.boch.gov.tw/assets/advanceSearch/historicalBuilding/20170810000001</a>","[{'classification': '指定/登錄', 'officialDocNo': '北市文化文資字第10630492700號', 'registerDate': '2017-08-10 00:00:00.0', 'note': '登錄歷史建築'}, {'classification': '變更/修正', 'officialDocNo': '北市文化文資字第11130300201號', 'registerDate': '2022-08-19 00:00:00.0', 'note': '新增歷史建築'}]",學校,臺北市
1216,20170810000001,盧致德院長宿舍、國防醫學院附設學人新村暨愛德幼兒園,"{'code': 'A24', 'name': '學校'}",文化資產保存法第18條、歷史建築紀念建築登錄廢止審查及輔助辦法第5條、本府古蹟歷史建築紀念建築聚落建築群考古遺址史蹟及文化景觀審議會第150次會議決議。,121.52781739975788,25.01685897607421,"{'itemNo': 26, 'cityName': '臺北市', 'distName': '中正區', 'address': '汀州路3段24巷5弄37號'}",臺北市政府文化局,文化資產科,臺北市信義區市府路1號4樓東北區,(02)2720-8889,"<a href=""http://nchdb.boch.gov.tw/assets/advanceSearch/historicalBuilding/20170810000001"" target=""_blank"">http://nchdb.boch.gov.tw/assets/advanceSearch/historicalBuilding/20170810000001</a>","[{'classification': '指定/登錄', 'officialDocNo': '北市文化文資字第10630492700號', 'registerDate': '2017-08-10 00:00:00.0', 'note': '登錄歷史建築'}, {'classification': '變更/修正', 'officialDocNo': '北市文化文資字第11130300201號', 'registerDate': '2022-08-19 00:00:00.0', 'note': '新增歷史建築'}]",學校,臺北市
1216,20170810000001,盧致德院長宿舍、國防醫學院附設學人新村暨愛德幼兒園,"{'code': 'A24', 'name': '學校'}",文化資產保存法第18條、歷史建築紀念建築登錄廢止審查及輔助辦法第5條、本府古蹟歷史建築紀念建築聚落建築群考古遺址史蹟及文化景觀審議會第150次會議決議。,121.52781739975788,25.01685897607421,"{'itemNo': 27, 'cityName': '臺北市', 'distName': '中正區', 'address': '汀州路3段24巷5弄39號'}",臺北市政府文化局,文化資產科,臺北市信義區市府路1號4樓東北區,(02)2720-8889,"<a href=""http://nchdb.boch.gov.tw/assets/advanceSearch/historicalBuilding/20170810000001"" target=""_blank"">http://nchdb.boch.gov.tw/assets/advanceSearch/historicalBuilding/20170810000001</a>","[{'classification': '指定/登錄', 'officialDocNo': '北市文化文資字第10630492700號', 'registerDate': '2017-08-10 00:00:00.0', 'note': '登錄歷史建築'}, {'classification': '變更/修正', 'officialDocNo': '北市文化文資字第11130300201號', 'registerDate': '2022-08-19 00:00:00.0', 'note': '新增歷史建築'}]",學校,臺北市
1216,20170810000001,盧致德院長宿舍、國防醫學院附設學人新村暨愛德幼兒園,"{'code': 'A24', 'name': '學校'}",文化資產保存法第18條、歷史建築紀念建築登錄廢止審查及輔助辦法第5條、本府古蹟歷史建築紀念建築聚落建築群考古遺址史蹟及文化景觀審議會第150次會議決議。,121.52781739975788,25.01685897607421,"{'itemNo': 28, 'cityName': '臺北市', 'distName': '中正區', 'address': '汀州路3段24巷5弄41號'}",臺北市政府文化局,文化資產科,臺北市信義區市府路1號4樓東北區,(02)2720-8889,"<a href=""http://nchdb.boch.gov.tw/assets/advanceSearch/historicalBuilding/20170810000001"" target=""_blank"">http://nchdb.boch.gov.tw/assets/advanceSearch/historicalBuilding/20170810000001</a>","[{'classification': '指定/登錄', 'officialDocNo': '北市文化文資字第10630492700號', 'registerDate': '2017-08-10 00:00:00.0', 'note': '登錄歷史建築'}, {'classification': '變更/修正', 'officialDocNo': '北市文化文資字第11130300201號', 'registerDate': '2022-08-19 00:00:00.0', 'note': '新增歷史建築'}]",學校,臺北市
1216,20170810000001,盧致德院長宿舍、國防醫學院附設學人新村暨愛德幼兒園,"{'code': 'A24', 'name': '學校'}",文化資產保存法第18條、歷史建築紀念建築登錄廢止審查及輔助辦法第5條、本府古蹟歷史建築紀念建築聚落建築群考古遺址史蹟及文化景觀審議會第150次會議決議。,121.52781739975788,25.01685897607421,"{'itemNo': 29, 'cityName': '臺北市', 'distName': '中正區', 'address': '汀州路3段24巷5弄43號'}",臺北市政府文化局,文化資產科,臺北市信義區市府路1號4樓東北區,(02)2720-8889,"<a href=""http://nchdb.boch.gov.tw/assets/advanceSearch/historicalBuilding/20170810000001"" target=""_blank"">http://nchdb.boch.gov.tw/assets/advanceSearch/historicalBuilding/20170810000001</a>","[{'classification': '指定/登錄', 'officialDocNo': '北市文化文資字第10630492700號', 'registerDate': '2017-08-10 00:00:00.0', 'note': '登錄歷史建築'}, {'classification': '變更/修正', 'officialDocNo': '北市文化文資字第11130300201號', 'registerDate': '2022-08-19 00:00:00.0', 'note': '新增歷史建築'}]",學校,臺北市
1216,20170810000001,盧致德院長宿舍、國防醫學院附設學人新村暨愛德幼兒園,"{'code': 'A24', 'name': '學校'}",文化資產保存法第18條、歷史建築紀念建築登錄廢止審查及輔助辦法第5條、本府古蹟歷史建築紀念建築聚落建築群考古遺址史蹟及文化景觀審議會第150次會議決議。,121.52781739975788,25.01685897607421,"{'itemNo': 30, 'cityName': '臺北市', 'distName': '中正區', 'address': '汀州路3段24巷5弄14號'}",臺北市政府文化局,文化資產科,臺北市信義區市府路1號4樓東北區,(02)2720-8889,"<a href=""http://nchdb.boch.gov.tw/assets/advanceSearch/historicalBuilding/20170810000001"" target=""_blank"">http://nchdb.boch.gov.tw/assets/advanceSearch/historicalBuilding/20170810000001</a>","[{'classification': '指定/登錄', 'officialDocNo': '北市文化文資字第10630492700號', 'registerDate': '2017-08-10 00:00:00.0', 'note': '登錄歷史建築'}, {'classification': '變更/修正', 'officialDocNo': '北市文化文資字第11130300201號', 'registerDate': '2022-08-19 00:00:00.0', 'note': '新增歷史建築'}]",學校,臺北市
1216,20170810000001,盧致德院長宿舍、國防醫學院附設學人新村暨愛德幼兒園,"{'code': 'A24', 'name': '學校'}",文化資產保存法第18條、歷史建築紀念建築登錄廢止審查及輔助辦法第5條、本府古蹟歷史建築紀念建築聚落建築群考古遺址史蹟及文化景觀審議會第150次會議決議。,121.52781739975788,25.01685897607421,"{'itemNo': 31, 'cityName': '臺北市', 'distName': '中正區', 'address': '汀州路3段24巷5弄16號'}",臺北市政府文化局,文化資產科,臺北市信義區市府路1號4樓東北區,(02)2720-8889,"<a href=""http://nchdb.boch.gov.tw/assets/advanceSearch/historicalBuilding/20170810000001"" target=""_blank"">http://nchdb.boch.gov.tw/assets/advanceSearch/historicalBuilding/20170810000001</a>","[{'classification': '指定/登錄', 'officialDocNo': '北市文化文資字第10630492700號', 'registerDate': '2017-08-10 00:00:00.0', 'note': '登錄歷史建築'}, {'classification': '變更/修正', 'officialDocNo': '北市文化文資字第11130300201號', 'registerDate': '2022-08-19 00:00:00.0', 'note': '新增歷史建築'}]",學校,臺北市
1216,20170810000001,盧致德院長宿舍、國防醫學院附設學人新村暨愛德幼兒園,"{'code': 'A24', 'name': '學校'}",文化資產保存法第18條、歷史建築紀念建築登錄廢止審查及輔助辦法第5條、本府古蹟歷史建築紀念建築聚落建築群考古遺址史蹟及文化景觀審議會第150次會議決議。,121.52781739975788,25.01685897607421,"{'itemNo': 32, 'cityName': '臺北市', 'distName': '中正區', 'address': '汀州路3段24巷5弄12號'}",臺北市政府文化局,文化資產科,臺北市信義區市府路1號4樓東北區,(02)2720-8889,"<a href=""http://nchdb.boch.gov.tw/assets/advanceSearch/historicalBuilding/20170810000001"" target=""_blank"">http://nchdb.boch.gov.tw/assets/advanceSearch/historicalBuilding/20170810000001</a>","[{'classification': '指定/登錄', 'officialDocNo': '北市文化文資字第10630492700號', 'registerDate': '2017-08-10 00:00:00.0', 'note': '登錄歷史建築'}, {'classification': '變更/修正', 'officialDocNo': '北市文化文資字第11130300201號', 'registerDate': '2022-08-19 00:00:00.0', 'note': '新增歷史建築'}]",學校,臺北市
1216,20170810000001,盧致德院長宿舍、國防醫學院附設學人新村暨愛德幼兒園,"{'code': 'A24', 'name': '學校'}",文化資產保存法第18條、歷史建築紀念建築登錄廢止審查及輔助辦法第5條、本府古蹟歷史建築紀念建築聚落建築群考古遺址史蹟及文化景觀審議會第150次會議決議。,121.52781739975788,25.01685897607421,"{'itemNo': 33, 'cityName': '臺北市', 'distName': '中正區', 'address': '汀州路3段24巷5弄10號'}",臺北市政府文化局,文化資產科,臺北市信義區市府路1號4樓東北區,(02)2720-8889,"<a href=""http://nchdb.boch.gov.tw/assets/advanceSearch/historicalBuilding/20170810000001"" target=""_blank"">http://nchdb.boch.gov.tw/assets/advanceSearch/historicalBuilding/20170810000001</a>","[{'classification': '指定/登錄', 'officialDocNo': '北市文化文資字第10630492700號', 'registerDate': '2017-08-10 00:00:00.0', 'note': '登錄歷史建築'}, {'classification': '變更/修正', 'officialDocNo': '北市文化文資字第11130300201號', 'registerDate': '2022-08-19 00:00:00.0', 'note': '新增歷史建築'}]",學校,臺北市
1217,20170913000003,立法院議場,"{'code': 'A6', 'name': '衙署'}",<<歷史建築紀念建築登錄廢止審查及輔助辦法>>第2條第1項第2款,121.52085943696449,25.043652633842505,"{'itemNo': 1, 'cityName': '臺北市', 'distName': '中正區', 'address': '中山南路1號'}",臺北市政府文化局,文化資產科,臺北市信義區市府路1號4樓東北區,(02)2720-8889,"<a href=""http://nchdb.boch.gov.tw/assets/advanceSearch/historicalBuilding/20170913000003"" target=""_blank"">http://nchdb.boch.gov.tw/assets/advanceSearch/historicalBuilding/20170913000003</a>","[{'classification': '指定/登錄', 'officialDocNo': '北市文化文資字第10630449400號', 'registerDate': '2017-06-06 00:00:00.0', 'note': '登錄歷史建築'}]",衙署,臺北市
1218,20170913000002,菊元百貨店,"{'code': 'A99', 'name': '其他設施', 'other': '公共建築'}",<<歷史建築紀念建築登錄廢止審查及輔助辦法>>第2條第1項第1、3、4款,121.511387,25.042552,"{'itemNo': 1, 'cityName': '臺北市', 'distName': '中正區', 'address': '臺北市中正區博愛路150號'}",臺北市政府文化局,文化資產科,臺北市信義區市府路1號4樓東北區,(02)2720-8889,"<a href=""http://nchdb.boch.gov.tw/assets/advanceSearch/historicalBuilding/20170913000002"" target=""_blank"">http://nchdb.boch.gov.tw/assets/advanceSearch/historicalBuilding/20170913000002</a>","[{'classification': '指定/登錄', 'officialDocNo': '北市文化文資字第10630455200號', 'registerDate': '2017-05-15 00:00:00.0', 'note': '登錄歷史建築'}]",其他設施,臺北市
1219,20170913000001,臺大醫院舊館西址鍋爐室〈含洗衣房及煙囪〉,"{'code': 'A99', 'name': '其他設施'}",<<歷史建築紀念建築登錄廢止審查及輔助辦法>>第2條第1項第1、3款,121.5171944,25.0416163,"{'itemNo': 1, 'cityName': '臺北市', 'distName': '中正區', 'address': '公園段三小段33地號'}",臺北市政府文化局,文化資產科,臺北市信義區市府路1號4樓東北區,(02)2720-8889,"<a href=""http://nchdb.boch.gov.tw/assets/advanceSearch/historicalBuilding/20170913000001"" target=""_blank"">http://nchdb.boch.gov.tw/assets/advanceSearch/historicalBuilding/20170913000001</a>","[{'classification': '指定/登錄', 'officialDocNo': '北市文化文資字第10630437300號', 'registerDate': '2017-04-24 00:00:00.0', 'note': '登錄歷史建築'}]",其他設施,臺北市
1220,20170915000002,鶯歌烘爐窯,"{'code': 'A16', 'name': '產業'}",<<歷史建築登錄廢止審查及輔助辦法>>第2條第1項第1、2、4款,121.35547937619629,24.95342608366379,"{'itemNo': 1, 'cityName': '新北市', 'distName': '鶯歌區', 'address': '文化路213巷40號'}",新北市政府,文化局,新北市板橋區中山路一段161號28樓,(02)29603456,"<a href=""http://nchdb.boch.gov.tw/assets/advanceSearch/historicalBuilding/20170915000002"" target=""_blank"">http://nchdb.boch.gov.tw/assets/advanceSearch/historicalBuilding/20170915000002</a>","[{'classification': '指定/登錄', 'officialDocNo': '新北府文資字第1052159895號', 'registerDate': '2016-11-16 16:28:25.493'}]",產業,新北市
1221,20170915000003,鶯歌合興窯煙囪,"{'code': 'A16', 'name': '產業'}",<<歷史建築登錄廢止審查及輔助辦法>>第2條第1項第1、3、4款,121.3592000021057,24.956060036512913,"{'itemNo': 1, 'cityName': '新北市', 'distName': '鶯歌區', 'address': '中正一路與文化路平交道附近'}",新北市政府,文化局,新北市板橋區中山路一段161號28樓,(02)29603456,"<a href=""http://nchdb.boch.gov.tw/assets/advanceSearch/historicalBuilding/20170915000003"" target=""_blank"">http://nchdb.boch.gov.tw/assets/advanceSearch/historicalBuilding/20170915000003</a>","[{'classification': '指定/登錄', 'officialDocNo': '新北府文資字第1052445338號', 'registerDate': '2016-12-21 17:13:15.946'}]",產業,新北市
1222,20170922000004,舊達達港糶糴村敬字亭,"{'code': 'A99', 'name': '其他設施', 'other': ''}",文化資產保存法第18條、歷史建築登錄廢止審查及輔助辦法第2條第1項第1、4款,120.53260231608579,22.577820383781706,"{'itemNo': 1, 'cityName': '屏東縣', 'distName': '竹田鄉', 'address': '糶糴村達達港(龍頸溪水岸旁)'}",屏東縣政府,屏東縣文化資產保護所,屏東縣屏東市菸廠路1號	,08-7210234,"<a href=""http://nchdb.boch.gov.tw/assets/advanceSearch/historicalBuilding/20170922000004"" target=""_blank"">http://nchdb.boch.gov.tw/assets/advanceSearch/historicalBuilding/20170922000004</a>","[{'classification': '指定/登錄', 'officialDocNo': '屏府文保字第10630285900號', 'registerDate': '2017-07-17 00:00:00.0'}]",其他設施,屏東縣
1223,20170922000003,林邊阮氏宅第及花園,"{'code': 'A3', 'name': '宅第'}","文化資產保存法第15條暨歷史建築登錄廢止審查及輔助辦法第2條第1、2、3、4款登錄評定基準
",120.530335,22.46276,"{'itemNo': 1, 'cityName': '屏東縣', 'distName': '林邊鄉', 'address': '竹林村文化路17號'}",屏東縣政府,屏東縣文化資產保護所,屏東縣屏東市菸廠路1號	,08-7210234,"<a href=""http://nchdb.boch.gov.tw/assets/advanceSearch/historicalBuilding/20170922000003"" target=""_blank"">http://nchdb.boch.gov.tw/assets/advanceSearch/historicalBuilding/20170922000003</a>","[{'classification': '指定/登錄', 'officialDocNo': '屏府文資字第10330325400號', 'registerDate': '2014-09-29 00:00:00.0'}, {'classification': '變更/修正', 'officialDocNo': '屏府文資字第10530399800號', 'registerDate': '2016-09-22 00:00:00.0'}, {'classification': '變更/修正', 'officialDocNo': '屏府文保字第10630384700號', 'registerDate': '2017-09-12 00:00:00.0', 'note': ''}]",宅第,屏東縣
1224,20170922000005,恆春張家北門祖厝,"{'code': 'A3', 'name': '宅第'}",文化資產保存法第15條、歷史建築紀念建築登錄廢止審查及輔助辦法第2條第1項第1、2、3款,120.74653799999999,22.01148,"{'itemNo': 1, 'cityName': '屏東縣', 'distName': '恆春鎮', 'address': '網紗里14鄰恒福二街80號'}",屏東縣政府,屏東縣文化資產保護所,屏東縣屏東市菸廠路1號	,08-7210234,"<a href=""http://nchdb.boch.gov.tw/assets/advanceSearch/historicalBuilding/20170922000005"" target=""_blank"">http://nchdb.boch.gov.tw/assets/advanceSearch/historicalBuilding/20170922000005</a>","[{'classification': '指定/登錄', 'officialDocNo': '屏府文保字第10530255500號', 'registerDate': '2017-06-20 16:51:37.224'}]",宅第,屏東縣
1225,20170929000001,銅鑼饒恒佩墓,"{'code': 'A12', 'name': '墓葬'}",<<歷史建築登錄廢止審查及輔助辦法>>第2條第1項第1、2、3款,120.768795,24.476531,"{'itemNo': 1, 'cityName': '苗栗縣', 'distName': '銅鑼鄉', 'address': '九湖北段894地號旁（自行車道往通霄右側）'}",苗栗縣政府文化觀光局,文化資產科,苗栗縣苗栗市自治路50號,037-352961#712,"<a href=""http://nchdb.boch.gov.tw/assets/advanceSearch/historicalBuilding/20170929000001"" target=""_blank"">http://nchdb.boch.gov.tw/assets/advanceSearch/historicalBuilding/20170929000001</a>","[{'classification': '指定/登錄', 'officialDocNo': '府文資字第1060005363C號', 'registerDate': '2017-06-05 00:00:00.0'}, {'classification': '變更/修正', 'officialDocNo': '府文資字第1060008003C號', 'registerDate': '2017-08-09 00:00:00.0'}]",墓葬,苗栗縣
1226,20170929000002,獅潭日式庄長宿舍,"{'code': 'A99', 'name': '其他設施', 'other': '其他具有歷史、文化、藝術價值之建築物'}",<<歷史建築登錄廢止審查及輔助辦法>>第2條第1項第1、3款,120.921225,24.540581,"{'itemNo': 1, 'cityName': '苗栗縣', 'distName': '獅潭鄉', 'address': '新店村129號'}",苗栗縣政府文化觀光局,文化資產科,苗栗縣苗栗市自治路50號,037-352961#712,"<a href=""http://nchdb.boch.gov.tw/assets/advanceSearch/historicalBuilding/20170929000002"" target=""_blank"">http://nchdb.boch.gov.tw/assets/advanceSearch/historicalBuilding/20170929000002</a>","[{'classification': '指定/登錄', 'officialDocNo': '府文資字第1060007861C號 ', 'registerDate': '2017-08-07 16:47:22.632'}]",其他設施,苗栗縣
1227,20170929000003,原大湖蠶業改良場建築群,"{'code': 'A16', 'name': '產業'}",<<歷史建築登錄廢止審查及輔助辦法>>第2條第1項第1、3款,120.86985099999993,24.423653,"{'itemNo': 1, 'cityName': '苗栗縣', 'distName': '大湖鄉', 'address': '民族路42號'}",苗栗縣政府文化觀光局,文化資產科,苗栗縣苗栗市自治路50號,037-352961#712,"<a href=""http://nchdb.boch.gov.tw/assets/advanceSearch/historicalBuilding/20170929000003"" target=""_blank"">http://nchdb.boch.gov.tw/assets/advanceSearch/historicalBuilding/20170929000003</a>","[{'classification': '指定/登錄', 'officialDocNo': '府文資字第1060007881C號', 'registerDate': '2017-08-07 17:05:30.233'}, {'classification': '變更/修正', 'officialDocNo': '府文資字第1060008502C號', 'registerDate': '2017-08-22 00:00:00.0'}]",產業,苗栗縣
1228,20170929000004,水源地沉澱井暨濾過井,"{'code': 'A16', 'name': '產業'}",《文化資產保存法》第15條暨《歷史建築登錄廢止審查及輔助辦法》第2條第1項第1、3款規定。,120.47708,23.48384,"{'itemNo': 1, 'cityName': '嘉義市', 'distName': '東區', 'address': '嘉義市民權東路46號'}",嘉義市政府,文化資產科,嘉義市忠孝路275號,2788225#502,"<a href=""http://nchdb.boch.gov.tw/assets/advanceSearch/historicalBuilding/20170929000004"" target=""_blank"">http://nchdb.boch.gov.tw/assets/advanceSearch/historicalBuilding/20170929000004</a>","[{'classification': '指定/登錄', 'officialDocNo': '府授文資字第1045100580號', 'registerDate': '2015-03-09 00:00:00.0'}]",產業,嘉義市
1229,20170929000005,紅毛井,"{'code': 'A99', 'name': '其他設施', 'other': '其他歷史遺跡'}",《歷史建築登錄廢止審查及輔助辦法》第2條第1項第1、4款。,120.45445309271207,23.47784753770696,"{'itemNo': 1, 'cityName': '嘉義市', 'distName': '西區', 'address': '嘉義市西區蘭井街83號前'}",嘉義市政府,文化資產科,嘉義市忠孝路275號,2788225#503,"<a href=""http://nchdb.boch.gov.tw/assets/advanceSearch/historicalBuilding/20170929000005"" target=""_blank"">http://nchdb.boch.gov.tw/assets/advanceSearch/historicalBuilding/20170929000005</a>","[{'classification': '指定/登錄', 'officialDocNo': '府授文資字0970203160號', 'registerDate': '2008-12-23 00:00:00.0'}]",其他設施,嘉義市
1230,20171002000001,西湖敬聖亭及福德祠,"{'code': 'A2', 'name': '寺廟'}",<<歷史建築登錄廢止審查及輔助辦法>>第4條,120.745217,24.531345,"{'itemNo': 1, 'cityName': '苗栗縣', 'distName': '西湖鄉', 'address': '四湖村4鄰10號'}",苗栗縣政府文化觀光局,文化資產科,苗栗縣苗栗市自治路50號,037-352961#712,"<a href=""http://nchdb.boch.gov.tw/assets/advanceSearch/historicalBuilding/20171002000001"" target=""_blank"">http://nchdb.boch.gov.tw/assets/advanceSearch/historicalBuilding/20171002000001</a>","[{'classification': '指定/登錄', 'officialDocNo': '府文資字第0997510210號', 'registerDate': '2010-10-21 00:00:00.0'}]",寺廟,苗栗縣
1231,20171003000001,舊達達港糶糴村糧埤伯公,"{'code': 'A9', 'name': '碑碣'}",文化資產保存法第18條暨歷史建築紀念建築登錄廢止審查及輔助辦法第2條第1項歷史建築之登錄基準第1、2款登錄基準,120.532611,22.577833,"{'itemNo': 1, 'cityName': '屏東縣', 'distName': '竹田鄉', 'address': '屏東縣竹田鄉糶糴村達達港(龍頸溪水岸旁)'}",屏東縣政府,屏東縣文化資產保護所,屏東縣屏東市菸廠路1號,08-7210234,"<a href=""http://nchdb.boch.gov.tw/assets/advanceSearch/historicalBuilding/20171003000001"" target=""_blank"">http://nchdb.boch.gov.tw/assets/advanceSearch/historicalBuilding/20171003000001</a>","[{'classification': '指定/登錄', 'officialDocNo': '屏府文保字第10630286000號', 'registerDate': '2017-07-17 10:58:24.162'}]",碑碣,屏東縣
1232,20171005000001,臺東地政事務所舊址,"{'code': 'A19', 'name': '機關'}","1.文化資產保存法第15、18條規定。
2.歷史建築登錄廢止審查及輔助辦法第2條第1項第1款、第4款規定。
3.106年2月20日臺東縣文資審議委員會決議辦理。
",121.14538458319568,22.754010548276323,"{'itemNo': 1, 'cityName': '臺東縣', 'distName': '臺東市', 'address': '臺東縣臺東市博愛路478號'}",臺東縣政府,文化處文化資產科,臺東市南京路25號,089-350129,"<a href=""http://nchdb.boch.gov.tw/assets/advanceSearch/historicalBuilding/20171005000001"" target=""_blank"">http://nchdb.boch.gov.tw/assets/advanceSearch/historicalBuilding/20171005000001</a>","[{'classification': '指定/登錄', 'officialDocNo': '府文資字第1060041373號', 'registerDate': '2017-03-02 00:00:00.0', 'note': '登錄'}, {'classification': '變更/修正', 'officialDocNo': '府文資字第1060168627號', 'registerDate': '2017-08-15 00:00:00.0', 'note': '補正'}]",機關,臺東縣
1233,20171109000001,新社原蔗苗養成所及陳列館,"{'code': 'A16', 'name': '產業'}",<<歷史建築登錄廢止審查及輔助辦法>>第3、4條規定,120.80352110000001,24.2230993,"{'itemNo': 1, 'cityName': '臺中市', 'distName': '新社區', 'address': '大南里興中街46號'}",台中市政府文化局,臺中市文化資產處,臺中市西區市府路41巷19號,04-22290280,"<a href=""http://nchdb.boch.gov.tw/assets/advanceSearch/historicalBuilding/20171109000001"" target=""_blank"">http://nchdb.boch.gov.tw/assets/advanceSearch/historicalBuilding/20171109000001</a>","[{'classification': '指定/登錄', 'officialDocNo': '府受文資古字第10601332341號', 'registerDate': '2017-06-29 16:24:36.643'}]",產業,臺中市
1234,20171114000002,公設質舖倉庫,"{'code': 'A99', 'name': '其他設施', 'other': '倉庫'}",<<歷史建築登錄廢止審查及輔助辦法>>第2條第1項第1、2、3、4款,120.67890899999998,24.138187,"{'itemNo': 1, 'cityName': '臺中市', 'distName': '西區', 'address': '市府路8-1號'}",臺中市政府文化局,臺中市文化資產處,403420 臺中市西區市府路41巷19號,04-22290280,"<a href=""http://nchdb.boch.gov.tw/assets/advanceSearch/historicalBuilding/20171114000002"" target=""_blank"">http://nchdb.boch.gov.tw/assets/advanceSearch/historicalBuilding/20171114000002</a>","[{'classification': '指定/登錄', 'officialDocNo': '府授文資古字第10600291521號', 'registerDate': '2017-02-23 00:00:00.0'}]",其他設施,臺中市
1235,20171116000003,東海大學衛理會館,"{'code': 'A99', 'name': '其他設施', 'other': '大學校園建築'}",依據文化資產保存法第18條、歷史建築紀念建築登錄廢止審查及輔助辦法第4條、第5條規定辦理。,120.60312199999998,24.1815869,"{'itemNo': 1, 'cityName': '臺中市', 'distName': '西屯區', 'address': '臺中市西屯區臺灣大道四段1727號'}",臺中市政府文化局,臺中市文化資產處,臺中市西區市府路41巷19號,04-22290280,"<a href=""http://nchdb.boch.gov.tw/assets/advanceSearch/historicalBuilding/20171116000003"" target=""_blank"">http://nchdb.boch.gov.tw/assets/advanceSearch/historicalBuilding/20171116000003</a>","[{'classification': '指定/登錄', 'officialDocNo': '府授文資古字第10602059411號', 'registerDate': '2017-09-26 17:11:20.972'}]",其他設施,臺中市
1236,20171117000001,六腳陳港宅第,"{'code': 'A3', 'name': '宅第'}","1、文化資產保存法第18條
2、<<歷史建築紀念建築登錄廢止審查及輔助辦法>>第2、3、4條。",120.31054012670597,23.508628507573036,"{'itemNo': 1, 'cityName': '嘉義縣', 'distName': '六腳鄉', 'address': '灣北村3鄰灣內297號'}",嘉義縣政府,文化資產科,嘉義縣太保子太子大道158號,05-3628123-317,"<a href=""http://nchdb.boch.gov.tw/assets/advanceSearch/historicalBuilding/20171117000001"" target=""_blank"">http://nchdb.boch.gov.tw/assets/advanceSearch/historicalBuilding/20171117000001</a>","[{'classification': '指定/登錄', 'officialDocNo': '府授文資字第1060188627號', 'registerDate': '2017-10-05 09:06:27.183'}]",宅第,嘉義縣
1237,20171117000002,番路鄭家古厝,"{'code': 'A3', 'name': '宅第'}","<<文化資產保存法>>第18條
<<歷史建築紀念建築登錄廢止審查及輔助辦法>>第2、3、4條",120.60159799999997,23.446094,"{'itemNo': 1, 'cityName': '嘉義縣', 'distName': '番路鄉', 'address': '觸口村10鄰埔尾16號'}",嘉義縣政府,嘉義縣文化觀光局,嘉義縣太保市太子大道158號,05-3628123*310,"<a href=""http://nchdb.boch.gov.tw/assets/advanceSearch/historicalBuilding/20171117000002"" target=""_blank"">http://nchdb.boch.gov.tw/assets/advanceSearch/historicalBuilding/20171117000002</a>","[{'classification': '指定/登錄', 'officialDocNo': '府授文資字第1060184878號', 'registerDate': '2017-09-22 00:00:00.0'}]",宅第,嘉義縣
1238,20171121000001,中興紙廠四結廠區歷史建築群,"{'code': 'A16', 'name': '產業'}",符合文化資產保存法第15條及「歷史建築登錄廢止審查及輔助辦法」第2條第1項第1、2、3、4款登錄基準。,121.7713423070708,24.69445993140599,"{'itemNo': 1, 'cityName': '宜蘭縣', 'distName': '五結鄉', 'address': '中興路三段8號'}",宜蘭縣政府文化局,文化資產科,宜蘭縣五結鄉中正路二段6之8號,03-9322440*652,"<a href=""http://nchdb.boch.gov.tw/assets/advanceSearch/historicalBuilding/20171121000001"" target=""_blank"">http://nchdb.boch.gov.tw/assets/advanceSearch/historicalBuilding/20171121000001</a>","[{'classification': '指定/登錄', 'officialDocNo': '府文資字第1040005217C號', 'registerDate': '2015-07-27 00:00:00.0'}, {'classification': '變更/修正', 'officialDocNo': '府文資字第1090004831B號', 'registerDate': '2020-06-11 11:14:15.797', 'note': '新增歷史建築範圍'}]",產業,宜蘭縣
1239,20171122000003,原台灣省糧食局後龍1號糧倉,"{'code': 'A16', 'name': '產業'}",<<歷史建築登錄廢止審查及輔助辦法>>第2條第1項第1、3款,120.78837407553858,24.616602585345262,"{'itemNo': 1, 'cityName': '苗栗縣', 'distName': '後龍鎮', 'address': '中山街88-4號旁'}",苗栗縣政府文化觀光局,文化資產科,苗栗縣苗栗市自治路50號,037-352961#712,"<a href=""http://nchdb.boch.gov.tw/assets/advanceSearch/historicalBuilding/20171122000003"" target=""_blank"">http://nchdb.boch.gov.tw/assets/advanceSearch/historicalBuilding/20171122000003</a>","[{'classification': '指定/登錄', 'officialDocNo': '府文資字1060010400C號', 'registerDate': '2017-10-06 00:00:00.0'}]",產業,苗栗縣
1240,20171201000001,舊冬山鄉公所,"{'code': 'A6', 'name': '衙署'}",文化資產保存法第15條及<歷史建築登錄廢止審查及輔助辦法>第2條第1項第1、3、4款。,121.79231452940616,24.634562282525934,"{'itemNo': 1, 'cityName': '宜蘭縣', 'distName': '冬山鄉', 'address': '冬山路100-1號'}",宜蘭縣政府文化局,文化資產科,宜蘭縣五結鄉中正路二段6之8號,03-9322440*652,"<a href=""http://nchdb.boch.gov.tw/assets/advanceSearch/historicalBuilding/20171201000001"" target=""_blank"">http://nchdb.boch.gov.tw/assets/advanceSearch/historicalBuilding/20171201000001</a>","[{'classification': '指定/登錄', 'officialDocNo': '宜蘭縣政府文資字第1040005217B號', 'registerDate': '2015-07-27 00:00:00.0'}]",衙署,宜蘭縣
1241,20171204000001,薛師儀墓,"{'code': 'A12', 'name': '墓葬'}",文化資產保存法第十五條暨歷史建築登錄廢止審查及輔助辦法相關規定。,118.32414,24.4167,"{'itemNo': 1, 'cityName': '金門縣', 'distName': '金城鎮', 'address': '庵前劃測段498地號'}",文化局,文化資產科,金門縣金城鎮環島北路1段66號,082-325643#812,"<a href=""http://nchdb.boch.gov.tw/assets/advanceSearch/historicalBuilding/20171204000001"" target=""_blank"">http://nchdb.boch.gov.tw/assets/advanceSearch/historicalBuilding/20171204000001</a>","[{'classification': '指定/登錄', 'officialDocNo': '府文資字第1010086722號', 'registerDate': '2012-10-31 00:00:00.0'}]",墓葬,金門縣
1242,20171204000002,東珩蕭顯柳古厝,"{'code': 'A3', 'name': '宅第'}",<<歷史建築登錄廢止審查及輔助辦法>>第2條第1項第1、3款,118.43401,24.48619,"{'itemNo': 1, 'cityName': '金門縣', 'distName': '金沙鎮', 'address': '東珩14號'}",文化局,文化資產科,金門縣金城鎮環島北路一段66號,082-325643#812,"<a href=""http://nchdb.boch.gov.tw/assets/advanceSearch/historicalBuilding/20171204000002"" target=""_blank"">http://nchdb.boch.gov.tw/assets/advanceSearch/historicalBuilding/20171204000002</a>","[{'classification': '指定/登錄', 'officialDocNo': '府文資字第1060004176號', 'registerDate': '2017-01-26 00:00:00.0'}]",宅第,金門縣
1243,20171208000002,大溪和平路盛源,"{'code': 'A99', 'name': '其他設施', 'other': '牌樓'}",<<歷史建築紀念建築登錄廢止審查及輔助辦法>>第2條第1項第1、2、3款,121.28837,24.88472,"{'itemNo': 1, 'cityName': '桃園市', 'distName': '大溪區', 'address': '和平路29號'}",桃園市政府文化局,文化資產科,桃園市桃園區縣府路21號,03-3322592*8624,"<a href=""http://nchdb.boch.gov.tw/assets/advanceSearch/historicalBuilding/20171208000002"" target=""_blank"">http://nchdb.boch.gov.tw/assets/advanceSearch/historicalBuilding/20171208000002</a>","[{'classification': '指定/登錄', 'officialDocNo': '府文資字第1060270527號', 'registerDate': '2017-11-16 14:34:43.896'}, {'classification': '變更/修正', 'officialDocNo': '府文資字第1100104667號', 'registerDate': '2021-05-07 00:00:00.0'}]",其他設施,桃園市
1244,20171212000001,臺東縣警察局長宿舍,"{'code': 'A17', 'name': '官邸'}","1.文化資產保存法第18條
2.歷史建築登錄廢止審查及輔助辦法第2條第1項第1款至第4款規定
3.105年9月23日臺東縣文資審議委員會決議辦理。
",121.14920107127517,22.75595594964112,"{'itemNo': 1, 'cityName': '臺東縣', 'distName': '臺東市', 'address': '臺東市更生路13巷12號'}",臺東縣政府,文化處文化資產科,臺東市南京路25號,089-350129,"<a href=""http://nchdb.boch.gov.tw/assets/advanceSearch/historicalBuilding/20171212000001"" target=""_blank"">http://nchdb.boch.gov.tw/assets/advanceSearch/historicalBuilding/20171212000001</a>","[{'classification': '指定/登錄', 'officialDocNo': '府文資字第1050212964號', 'registerDate': '2016-10-24 00:00:00.0', 'note': '登錄'}, {'classification': '變更/修正', 'officialDocNo': '府文資字第1060158007號', 'registerDate': '2017-08-04 00:00:00.0', 'note': '補正'}, {'classification': '變更/修正', 'officialDocNo': '府文資字第1060239035號', 'registerDate': '2017-11-20 00:00:00.0', 'note': '補正'}]",官邸,臺東縣
1245,20171229000001,八德敦德堂,"{'code': 'A3', 'name': '宅第'}",<<歷史建築紀念建築登錄廢止審查及輔助辦法>>第2條第1項第1、2、3款,121.28836180000008,24.936918,"{'itemNo': 1, 'cityName': '桃園市', 'distName': '八德區', 'address': '建國路270號'}",桃園市政府文化局,文化資產科,桃園市桃園區縣府路21號,03-3322592分機8619,"<a href=""http://nchdb.boch.gov.tw/assets/advanceSearch/historicalBuilding/20171229000001"" target=""_blank"">http://nchdb.boch.gov.tw/assets/advanceSearch/historicalBuilding/20171229000001</a>","[{'classification': '指定/登錄', 'officialDocNo': '府文資字第10602780401號', 'registerDate': '2017-11-24 14:57:08.131'}]",宅第,桃園市
1246,20180118000001,東光國中集賢樓,"{'code': 'A24', 'name': '學校'}",文化資產保存法第18條及<<歷史建築登錄廢止審查及輔助辦法>>第2條第1項第1、3、4款,121.76752209635146,24.671728802713087,"{'itemNo': 1, 'cityName': '宜蘭縣', 'distName': '羅東鎮', 'address': '興東南路201號'}",宜蘭縣政府文化局,文化資產科,宜蘭縣五結鄉中正路二段6之8號,03-9322440*652,"<a href=""http://nchdb.boch.gov.tw/assets/advanceSearch/historicalBuilding/20180118000001"" target=""_blank"">http://nchdb.boch.gov.tw/assets/advanceSearch/historicalBuilding/20180118000001</a>","[{'classification': '指定/登錄', 'officialDocNo': '府文資字第1060001713B號', 'registerDate': '2017-03-15 00:00:00.0'}]",學校,宜蘭縣
1247,20180208000001,桃園郡米榖統制組合倉庫,"{'code': 'A16', 'name': '產業'}",符合歷史建築登錄廢止審查及輔助辦法第2條第1項第1、2、3款規定。,121.30760511750074,24.995871838392226,"{'itemNo': 1, 'cityName': '桃園市', 'distName': '桃園區', 'address': '近新生路165號'}",桃園市政府文化局,文化資產科,桃園市桃園區縣府路21號,03-3322592,"<a href=""http://nchdb.boch.gov.tw/assets/advanceSearch/historicalBuilding/20180208000001"" target=""_blank"">http://nchdb.boch.gov.tw/assets/advanceSearch/historicalBuilding/20180208000001</a>","[{'classification': '指定/登錄', 'officialDocNo': '府文資字第1060266577號', 'registerDate': '2017-11-10 17:10:47.539'}]",產業,桃園市
1248,20180301000001,原新竹州自治會館,"{'code': 'A22', 'name': '集會堂'}",<<歷史建築紀念建築登錄廢止審查及輔助辦法>>第2條第1項第1、2、3款,120.97813610000003,24.8012033,"{'itemNo': 1, 'cityName': '新竹市', 'distName': '東區', 'address': '新竹市東大路1段2號'}",新竹市文化局,博物館科,新竹市東大路二段15巷1號,（03）5319756#280,"<a href=""http://nchdb.boch.gov.tw/assets/advanceSearch/historicalBuilding/20180301000001"" target=""_blank"">http://nchdb.boch.gov.tw/assets/advanceSearch/historicalBuilding/20180301000001</a>","[{'classification': '指定/登錄', 'officialDocNo': '府授文資字第1060125680號', 'registerDate': '2017-09-06 19:09:11.001'}]",集會堂,新竹市
1249,20180301000002,新竹公園湖畔料亭,"{'code': 'A99', 'name': '其他設施', 'other': '公園設施'}",<<歷史建築紀念建築登錄廢止審查及輔助辦法>>第2條第1項第1、2、3款,120.97945293277718,24.801897302144734,"{'itemNo': 1, 'cityName': '新竹市', 'distName': '東區', 'address': '公園路265號'}",新竹市文化局,博物館科,新竹市東大路二段15巷1號,(03)5319756#280,"<a href=""http://nchdb.boch.gov.tw/assets/advanceSearch/historicalBuilding/20180301000002"" target=""_blank"">http://nchdb.boch.gov.tw/assets/advanceSearch/historicalBuilding/20180301000002</a>","[{'classification': '指定/登錄', 'officialDocNo': '府授文資字第1060125681號', 'registerDate': '2017-09-06 16:35:23.539'}]",其他設施,新竹市
1250,20180305000002,新竹動物園―舊大門、噴水池、黃魚鴞欄舍,"{'code': 'A99', 'name': '其他設施', 'other': '動物園設施'}",<<歷史建築紀念建築登錄廢止審查及輔助辦法>>第2條第1項第1、2、3款,120.97949790000007,24.8010707,"{'itemNo': 1, 'cityName': '新竹市', 'distName': '東區', 'address': '新竹市公園路279號'}",新竹市立動物園,新竹市立動物園,新竹市博愛街111號,（03）5222194,"<a href=""http://nchdb.boch.gov.tw/assets/advanceSearch/historicalBuilding/20180305000002"" target=""_blank"">http://nchdb.boch.gov.tw/assets/advanceSearch/historicalBuilding/20180305000002</a>","[{'classification': '指定/登錄', 'officialDocNo': '府授文資字第1060131059號', 'registerDate': '2017-09-12 17:37:46.912'}]",其他設施,新竹市
1251,20180704000001,新埤玉環善牧天主堂,"{'code': 'A10', 'name': '教堂'}","《文化資產保存法》第18條
《歷史建築紀念建築登錄廢止審查及輔助辦法》第2條第1項第1、2、3款",120.59056091491925,22.495194,"{'itemNo': 1, 'cityName': '屏東縣', 'distName': '新埤鄉', 'address': '萬隆村玉環路78-2號'}",屏東縣政府,屏東縣文化資產保護所,屏東縣屏東市菸廠路1號	,08-7210234,"<a href=""http://nchdb.boch.gov.tw/assets/advanceSearch/historicalBuilding/20180704000001"" target=""_blank"">http://nchdb.boch.gov.tw/assets/advanceSearch/historicalBuilding/20180704000001</a>","[{'classification': '指定/登錄', 'officialDocNo': '屏府文保字第10530551700號', 'registerDate': '2016-12-23 17:51:19.881'}]",教堂,屏東縣
1252,20180305000001,新竹觀測所,"{'code': 'A19', 'name': '機關'}",<<歷史建築紀念建築登錄廢止審查及輔助辦法>>第2條第1項第1、2、3款,120.97569909999993,24.799539,"{'itemNo': 1, 'cityName': '新竹市', 'distName': '東區', 'address': '新竹市公園路133號'}",新竹市文化局,博物館科,新竹市東大路二段15巷1號,（03）5319756#280,"<a href=""http://nchdb.boch.gov.tw/assets/advanceSearch/historicalBuilding/20180305000001"" target=""_blank"">http://nchdb.boch.gov.tw/assets/advanceSearch/historicalBuilding/20180305000001</a>","[{'classification': '指定/登錄', 'officialDocNo': '府授文資字第1060125684號', 'registerDate': '2017-09-06 17:55:28.876'}]",機關,新竹市
1253,20180306000003,建華國中第一棟,"{'code': 'A24', 'name': '學校'}",<<歷史建築紀念建築登錄廢止審查及輔助辦法>>第2條第1項第2、3款,120.97672520000003,24.7939644,"{'itemNo': 1, 'cityName': '新竹市', 'distName': '東區', 'address': '新竹市學府路2號'}",新竹市立建華國民中學,新竹市立建華國民中學,新竹市學府路2號,(03)5238075#131 ,"<a href=""http://nchdb.boch.gov.tw/assets/advanceSearch/historicalBuilding/20180306000003"" target=""_blank"">http://nchdb.boch.gov.tw/assets/advanceSearch/historicalBuilding/20180306000003</a>","[{'classification': '指定/登錄', 'officialDocNo': '府授文資字第1060156455號', 'registerDate': '2017-11-16 18:25:37.321'}]",學校,新竹市
1254,20180306000004,育賢國中音樂教室,"{'code': 'A24', 'name': '學校'}",<<歷史建築紀念建築登錄廢止審查及輔助辦法>>第2條第1項第2、3款,120.9656076,24.7901418,"{'itemNo': 1, 'cityName': '新竹市', 'distName': '東區', 'address': '新竹市南大路569號'}",新竹市立育賢國民中學,新竹市立育賢國民中學,新竹市南大路569號,（03）5223075#114 ,"<a href=""http://nchdb.boch.gov.tw/assets/advanceSearch/historicalBuilding/20180306000004"" target=""_blank"">http://nchdb.boch.gov.tw/assets/advanceSearch/historicalBuilding/20180306000004</a>","[{'classification': '指定/登錄', 'officialDocNo': '府授文資字第1060156456號', 'registerDate': '2017-11-16 18:34:47.931'}]",學校,新竹市
1255,20180306000005,空軍499戰術戰鬥機聯隊作戰工事—防空洞編號9（E11）,"{'code': 'A99', 'name': '其他設施', 'other': '防空避難設施'}",<<歷史建築紀念建築登錄廢止審查及輔助辦法>>第2條第1項第2、3款,120.95330680000006,24.8201266,"{'itemNo': 1, 'cityName': '新竹市', 'distName': '北區', 'address': '新竹市中正路699號'}",空軍499聯隊,空軍499聯隊,新竹市中正路699號,（03）5334111-4/（03）5334116-7 ,"<a href=""http://nchdb.boch.gov.tw/assets/advanceSearch/historicalBuilding/20180306000005"" target=""_blank"">http://nchdb.boch.gov.tw/assets/advanceSearch/historicalBuilding/20180306000005</a>","[{'classification': '指定/登錄', 'officialDocNo': '府授文資字第1060175682號', 'registerDate': '2017-12-13 00:00:00.0'}]",其他設施,新竹市
1256,20180306000001,國立臺北科技大學一大川堂,"{'code': 'A24', 'name': '學校'}",<<歷史建築紀念建築登錄廢止審查及輔助辦法>>第2條第1項第2、3款,121.53396789208956,25.043010634259623,"{'itemNo': 1, 'cityName': '臺北市', 'distName': '大安區', 'address': '臺北市大安區忠孝東路三段1號'}",臺北市政府文化局,文化資產科,臺北市信義區市府路1號4樓東北區,(02)2720-8889,"<a href=""http://nchdb.boch.gov.tw/assets/advanceSearch/historicalBuilding/20180306000001"" target=""_blank"">http://nchdb.boch.gov.tw/assets/advanceSearch/historicalBuilding/20180306000001</a>","[{'classification': '指定/登錄', 'officialDocNo': '北市文化文資字第10730192000號', 'registerDate': '2018-01-30 00:00:00.0', 'note': '無'}, {'classification': '變更/修正', 'officialDocNo': '北市文化文資字第11230123951號', 'registerDate': '2023-04-11 00:00:00.0', 'note': '縮減定著土地範圍及面積之一部分'}]",學校,臺北市
1257,20180307000001,建成呢絨布行,"{'code': 'A18', 'name': '商店'}",<<歷史建築紀念建築登錄廢止審查及輔助辦法>>第2條第1項第3款,121.5096435,25.0538291,"{'itemNo': 1, 'cityName': '臺北市', 'distName': '大同區', 'address': '南京西路239巷14號'}",臺北市政府文化局,文化資產科,臺北市信義區市府路1號4樓東北區,(02)2720-8889,"<a href=""http://nchdb.boch.gov.tw/assets/advanceSearch/historicalBuilding/20180307000001"" target=""_blank"">http://nchdb.boch.gov.tw/assets/advanceSearch/historicalBuilding/20180307000001</a>","[{'classification': '變更/修正', 'officialDocNo': '北市文化文資字第10830156441 號', 'registerDate': '2019-04-18 00:00:00.0', 'note': '新增部分：原天井一至四樓增建空間'}, {'classification': '變更/修正', 'officialDocNo': '北市文化文資字第10930243441號', 'registerDate': '2020-07-15 00:00:00.0', 'note': '變更歷史建築名稱及登錄理由'}, {'classification': '指定/登錄', 'officialDocNo': '北市文化文資字第10730195700 號', 'registerDate': '2018-02-13 00:00:00.0', 'note': '登錄'}]",商店,臺北市
1258,20180315000001,田町齋場,"{'code': 'A99', 'name': '其他設施', 'other': '葬儀堂'}",<<歷史建築登錄廢止審查及輔助辦法>>第2條第1項第1、2、3、4款,120.27971600000001,22.640017,"{'itemNo': 1, 'cityName': '高雄市', 'distName': '鼓山區', 'address': '高雄市鼓山區鼓山二路246號'}",高雄市政府文化局,文化資產中心,高雄市苓雅區五福一路67號,07-2225136*8428,"<a href=""http://nchdb.boch.gov.tw/assets/advanceSearch/historicalBuilding/20180315000001"" target=""_blank"">http://nchdb.boch.gov.tw/assets/advanceSearch/historicalBuilding/20180315000001</a>","[{'classification': '指定/登錄', 'officialDocNo': '高市府文資字第10631467401號', 'registerDate': '2017-09-19 08:51:36.189'}]",其他設施,高雄市
1259,20180329000003,松山療養所宿舍,"{'code': 'A3', 'name': '宅第'}",歷史建築紀念建築登錄廢止審查及輔助辦法第2條第1項第2、3款評定基準,121.5936798,25.048169,"{'itemNo': 1, 'cityName': '臺北市', 'distName': '南港區', 'address': '臺北市南港區昆陽街185號'}",臺北市政府文化局,文化資產科,臺北市信義區市府路1號4樓東北區,(02)2720-8889,"<a href=""http://nchdb.boch.gov.tw/assets/advanceSearch/historicalBuilding/20180329000003"" target=""_blank"">http://nchdb.boch.gov.tw/assets/advanceSearch/historicalBuilding/20180329000003</a>","[{'classification': '指定/登錄', 'officialDocNo': '北市文化文資字10730208500號', 'registerDate': '2018-02-21 00:00:00.0', 'note': '登錄歷史建築'}]",宅第,臺北市
1260,20180330000002,南庄南江村福德祠,"{'code': 'A1', 'name': '祠堂'}",<<歷史建築登錄廢止審查及輔助辦法>>第2條第1項第1、3款,121.07937049999998,23.9036873,"{'itemNo': 1, 'cityName': '苗栗縣', 'distName': '南庄鄉', 'address': '北獅里興段北獅里興小段0180-009地號'}",苗栗縣政府文化觀光局,文化資產科,苗栗縣苗栗市自治路50號,037-352961#712,"<a href=""http://nchdb.boch.gov.tw/assets/advanceSearch/historicalBuilding/20180330000002"" target=""_blank"">http://nchdb.boch.gov.tw/assets/advanceSearch/historicalBuilding/20180330000002</a>","[{'classification': '指定/登錄', 'officialDocNo': '府文資字第1070002449B號', 'registerDate': '2018-03-06 10:49:59.312'}]",祠堂,苗栗縣
1261,20180330000003,南庄田美永和宮,"{'code': 'A2', 'name': '寺廟'}",<<歷史建築紀念建築登錄廢止審查及輔助辦法>>第2條第1項第1、2款,121.01161400000001,24.61125,"{'itemNo': 1, 'cityName': '苗栗縣', 'distName': '南庄鄉', 'address': '田美村17鄰153號'}",苗栗縣政府文化觀光局,文化資產科,苗栗縣苗栗市自治路50號,037-352961#712,"<a href=""http://nchdb.boch.gov.tw/assets/advanceSearch/historicalBuilding/20180330000003"" target=""_blank"">http://nchdb.boch.gov.tw/assets/advanceSearch/historicalBuilding/20180330000003</a>","[{'classification': '指定/登錄', 'officialDocNo': '府文資字1070002658B號', 'registerDate': '2018-03-12 13:54:26.164'}]",寺廟,苗栗縣
1262,20180412000001,大湖警察署署長宿舍,"{'code': 'A99', 'name': '其他設施', 'other': '其他具有歷史、文化、藝術價值之建造物:日式木造宿舍'}",<<歷史建築紀念建築登錄廢止審查及輔助辦法>>第2條第1項第2、3款,120.866937,24.424427,"{'itemNo': 1, 'cityName': '苗栗縣', 'distName': '大湖鄉', 'address': '中山路86號'}",苗栗縣政府文化觀光局,文化資產科,苗栗縣苗栗市自治路50號,037-352961#712,"<a href=""http://nchdb.boch.gov.tw/assets/advanceSearch/historicalBuilding/20180412000001"" target=""_blank"">http://nchdb.boch.gov.tw/assets/advanceSearch/historicalBuilding/20180412000001</a>","[{'classification': '指定/登錄', 'officialDocNo': '府文資字第1070002856B號', 'registerDate': '2018-03-15 10:06:10.409'}]",其他設施,苗栗縣
1263,20180412000002,聯合保甲事務所,"{'code': 'A20', 'name': '辦公廳舍'}",<<歷史建築紀念建築登錄廢止審查及輔助辦法>>第2條第1項第2、3款,120.866032,24.424191,"{'itemNo': 1, 'cityName': '苗栗縣', 'distName': '大湖鄉', 'address': '明湖村13鄰中原路58號'}",苗栗縣文化觀光局,文化資產科,36045 苗栗縣苗栗市自治路50號,037-352961#712,"<a href=""http://nchdb.boch.gov.tw/assets/advanceSearch/historicalBuilding/20180412000002"" target=""_blank"">http://nchdb.boch.gov.tw/assets/advanceSearch/historicalBuilding/20180412000002</a>","[{'classification': '指定/登錄', 'officialDocNo': '府文資字第1070002943B號', 'registerDate': '2018-03-16 10:42:40.59'}]",辦公廳舍,苗栗縣
1264,20180423000001,大南劉家祖厝,"{'code': 'A3', 'name': '宅第'}",依據文化資產保存法第18條、歷史建築紀念建築登錄廢止審查及輔助辦法第4條、第5條規定辦理。,120.79932999051557,24.230194858283365,"{'itemNo': 1, 'cityName': '臺中市', 'distName': '新社區', 'address': '大南里中和街二段465巷48、50、52、54、56、58、60號(含內埕)'}",臺中市政府,臺中市政府文化局,臺中市西區市府路41巷19號,04-22290280,"<a href=""http://nchdb.boch.gov.tw/assets/advanceSearch/historicalBuilding/20180423000001"" target=""_blank"">http://nchdb.boch.gov.tw/assets/advanceSearch/historicalBuilding/20180423000001</a>","[{'classification': '指定/登錄', 'officialDocNo': '府授文資古字第10700558921號', 'registerDate': '2018-04-02 16:14:17.985'}]",宅第,臺中市
1265,20180427000001,二水公會堂,"{'code': 'A99', 'name': '其他設施', 'other': '其他具有歷史、文化、藝術價值之建造物'}",<<歷史建築紀念建築登錄廢止審查及輔助辦法>>第2條第1項第1、2、3款,120.615402,23.810735,"{'itemNo': 1, 'cityName': '彰化縣', 'distName': '二水鄉', 'address': '二水村員集路三段701號'}",彰化縣政府,彰化縣文化局,彰化縣彰化市卦山路3號,04-7292201,"<a href=""http://nchdb.boch.gov.tw/assets/advanceSearch/historicalBuilding/20180427000001"" target=""_blank"">http://nchdb.boch.gov.tw/assets/advanceSearch/historicalBuilding/20180427000001</a>","[{'classification': '指定/登錄', 'officialDocNo': '府授文資字第1060225995A號', 'registerDate': '2017-07-10 21:30:07.361'}, {'classification': '變更/修正', 'officialDocNo': '府授文資字第1080284795A號', 'registerDate': '2019-08-28 00:00:00.0', 'note': '變更地著土地地號'}, {'classification': '變更/修正', 'officialDocNo': '府授文資字第1100065417A號', 'registerDate': '2021-03-03 09:26:12.197', 'note': '變更登錄理由及法令依據'}]",其他設施,彰化縣
1266,20180427000003,二水分駐所（所長宿舍及升旗台）,"{'code': 'A99', 'name': '其他設施', 'other': '其他具有歷史、文化、藝術價值之建造物'}","<<歷史建築登錄廢止審查及輔助辦法>>第2條
",120.615112,23.810953,"{'itemNo': 1, 'cityName': '彰化縣', 'distName': '二水鄉', 'address': '二水村員集路三段711號'}",彰化縣政府,彰化縣文化局,彰化縣彰化市卦山路3號,04-7292201,"<a href=""http://nchdb.boch.gov.tw/assets/advanceSearch/historicalBuilding/20180427000003"" target=""_blank"">http://nchdb.boch.gov.tw/assets/advanceSearch/historicalBuilding/20180427000003</a>","[{'classification': '指定/登錄', 'officialDocNo': '府授文資字第1060225995B號', 'registerDate': '2017-07-10 16:12:19.89'}]",其他設施,彰化縣
1267,20180427000002,紹興北街31巷53號（糧食局倉庫）,"{'code': 'A99', 'name': '其他設施', 'other': '倉庫'}",文化資產保存法,121.5266636,25.045292,"{'itemNo': 1, 'cityName': '臺北市', 'distName': '中正區', 'address': '紹興北街31巷53號'}",臺北市政府文化局,文化資產科,臺北市信義區市府路1號4樓東北區,(02)2720-8889,"<a href=""http://nchdb.boch.gov.tw/assets/advanceSearch/historicalBuilding/20180427000002"" target=""_blank"">http://nchdb.boch.gov.tw/assets/advanceSearch/historicalBuilding/20180427000002</a>","[{'classification': '指定/登錄', 'officialDocNo': '北市文化文資字第10530416700號', 'registerDate': '2016-12-30 00:00:00.0', 'note': '登錄'}]",其他設施,臺北市
1268,20180428000002,歐厝歐陽氏開基祖暨三房祖明代古墓,"{'code': 'A12', 'name': '墓葬'}",<<歷史建築紀念建築登錄廢止審查及輔助辦法>>第2條第1項第1、2款,118.329657,24.404506,"{'itemNo': 1, 'cityName': '金門縣', 'distName': '金城鎮', 'address': '歐厝聚落外圍'}",金門縣政府,金門縣文化局,金門縣金城鎮環島北路一段66號,082-325643#812,"<a href=""http://nchdb.boch.gov.tw/assets/advanceSearch/historicalBuilding/20180428000002"" target=""_blank"">http://nchdb.boch.gov.tw/assets/advanceSearch/historicalBuilding/20180428000002</a>","[{'classification': '指定/登錄', 'officialDocNo': '府文資字第10700249711號', 'registerDate': '2018-03-29 00:00:00.0'}]",墓葬,金門縣
1269,20180521000001,外員山裝甲營軍事建築群,"{'code': 'A99', 'name': '其他設施', 'other': '軍事設施'}",<<歷史建築登錄廢止審查及輔助辦法>>第2條第1項第1、2、3款,121.71932159695434,24.74719853168717,"{'itemNo': 1, 'cityName': '宜蘭縣', 'distName': '員山鄉', 'address': '員山村復興路92號'}",宜蘭縣政府文化局,文化資產科,宜蘭縣五結鄉中正路二段6之8號,03-9322440*652,"<a href=""http://nchdb.boch.gov.tw/assets/advanceSearch/historicalBuilding/20180521000001"" target=""_blank"">http://nchdb.boch.gov.tw/assets/advanceSearch/historicalBuilding/20180521000001</a>","[{'classification': '指定/登錄', 'officialDocNo': '府文資字第1060001713C號', 'registerDate': '2017-03-16 00:00:00.0'}, {'classification': '變更/修正', 'officialDocNo': '府文資字第1090004831C號', 'registerDate': '2020-06-11 11:26:41.838', 'note': '變更歷史建築範圍'}]",其他設施,宜蘭縣
1270,20180528000001,三峽挹翠樓,"{'code': 'A3', 'name': '宅第'}","<<歷史建築紀念建築登錄廢止審查及輔助辦法>>第2條第1項第1、2、3款及第5條
<<文化資產保存法>>第18條",121.36872621421023,24.93314454476139,"{'itemNo': 1, 'cityName': '新北市', 'distName': '三峽區', 'address': '民權街84巷7號'}",新北市政府,文化局,新北市板橋區中山路一段161號28樓,(02)29603456,"<a href=""http://nchdb.boch.gov.tw/assets/advanceSearch/historicalBuilding/20180528000001"" target=""_blank"">http://nchdb.boch.gov.tw/assets/advanceSearch/historicalBuilding/20180528000001</a>","[{'classification': '指定/登錄', 'officialDocNo': '新北府文資字第1070919762號', 'registerDate': '2018-05-23 16:41:32.355'}, {'classification': '變更/修正', 'officialDocNo': '新北府文資字第1071223811號', 'registerDate': '2018-07-04 09:07:05.111'}]",宅第,新北市
1271,20180529000001,原永寧公學校宿舍,"{'code': 'A99', 'name': '其他設施', 'other': '宿舍'}",文化資產保存法第18條、歷史建築紀念建築登錄廢止審查及輔助辦法第4條、第5條。,120.53864199999998,24.2490284,"{'itemNo': 1, 'cityName': '臺中市', 'distName': '梧棲區', 'address': '永寧里中央路一段162、164號'}",臺中市梧棲區永寧國民小學,臺中市梧棲區永寧國民小學,臺中市梧棲區中央路一段162、164號,04-26394234分機731,"<a href=""http://nchdb.boch.gov.tw/assets/advanceSearch/historicalBuilding/20180529000001"" target=""_blank"">http://nchdb.boch.gov.tw/assets/advanceSearch/historicalBuilding/20180529000001</a>","[{'classification': '指定/登錄', 'officialDocNo': '府授文資古字第10700494171號', 'registerDate': '2018-03-22 13:50:57.654'}]",其他設施,臺中市
1272,20180529000003,鹿港和興派出所,"{'code': 'A6', 'name': '衙署'}",<<歷史建築登錄廢止審查及輔助辦法>>第2條,120.43599629999994,24.0528454,"{'itemNo': 1, 'cityName': '彰化縣', 'distName': '鹿港鎮', 'address': '中山路108號'}",彰化縣政府,彰化縣文化局,彰化縣彰化市卦山路3號,04-7292201,"<a href=""http://nchdb.boch.gov.tw/assets/advanceSearch/historicalBuilding/20180529000003"" target=""_blank"">http://nchdb.boch.gov.tw/assets/advanceSearch/historicalBuilding/20180529000003</a>","[{'classification': '指定/登錄', 'officialDocNo': '府授文資字第1070111110A號', 'registerDate': '2018-04-09 00:00:00.0'}, {'classification': '變更/修正', 'officialDocNo': '府授文資字第1070227934A號', 'registerDate': '2018-07-04 00:00:00.0', 'note': '補充登錄理由與法令依據'}, {'classification': '變更/修正', 'officialDocNo': '府授文資字第1120077800B號', 'registerDate': '2023-03-07 13:38:05.618', 'note': '新增附屬設施範圍'}]",衙署,彰化縣
1273,20180529000002,高美燈塔,"{'code': 'A14', 'name': '燈塔'}",文化資產保存法第18條、歷史建築紀念建築登錄廢止審查及輔助辦法第4條、第5條。,120.551336,24.312889,"{'itemNo': 1, 'cityName': '臺中市', 'distName': '清水區', 'address': '高美路748號'}",交通部航港局,交通部航港局,臺北市和平東路3段1巷1號,02-89786811,"<a href=""http://nchdb.boch.gov.tw/assets/advanceSearch/historicalBuilding/20180529000002"" target=""_blank"">http://nchdb.boch.gov.tw/assets/advanceSearch/historicalBuilding/20180529000002</a>","[{'classification': '指定/登錄', 'officialDocNo': '府授文資古字第10700130311號', 'registerDate': '2018-01-25 14:09:27.3'}]",燈塔,臺中市
1274,20180606000002,汐止忠順廟及神社石燈,"{'code': 'A2', 'name': '寺廟'}",<<歷史建築登錄廢止審查及輔助辦法>>第2條第1項第1、3款,121.6589574705522,25.06848293297686,"{'itemNo': 1, 'cityName': '新北市', 'distName': '汐止區', 'address': '公園路10號'}",新北市政府,文化局,新北市板橋區中山路一段161號28樓,(02)29603456#4632,"<a href=""http://nchdb.boch.gov.tw/assets/advanceSearch/historicalBuilding/20180606000002"" target=""_blank"">http://nchdb.boch.gov.tw/assets/advanceSearch/historicalBuilding/20180606000002</a>","[{'classification': '指定/登錄', 'officialDocNo': '新北府文資字第1070901329號', 'registerDate': '2018-05-17 17:44:08.895'}]",寺廟,新北市
1275,20180628000002,後村圳灌溉改善工程紀念碑及水門,"{'code': 'A13', 'name': '堤閘'}",<<歷史建築紀念建築登錄廢止審查及輔助辦法>>第2條第1項第1款,121.43020189999993,24.9970457,"{'itemNo': 1, 'cityName': '新北市', 'distName': '新莊區', 'address': '新樹段517、522、524地號(皆為部分)'}",新北市政府,文化局,新北市板橋區中山路一段161號28樓,(02)29603456,"<a href=""http://nchdb.boch.gov.tw/assets/advanceSearch/historicalBuilding/20180628000002"" target=""_blank"">http://nchdb.boch.gov.tw/assets/advanceSearch/historicalBuilding/20180628000002</a>","[{'classification': '指定/登錄', 'officialDocNo': '新北府文資字第1070485811號', 'registerDate': '2018-03-22 16:34:26.922'}]",堤閘,新北市
1275,20180628000002,後村圳灌溉改善工程紀念碑及水門,"{'code': 'A9', 'name': '碑碣'}",<<歷史建築紀念建築登錄廢止審查及輔助辦法>>第2條第1項第1款,121.43020189999993,24.9970457,"{'itemNo': 1, 'cityName': '新北市', 'distName': '新莊區', 'address': '新樹段517、522、524地號(皆為部分)'}",新北市政府,文化局,新北市板橋區中山路一段161號28樓,(02)29603456,"<a href=""http://nchdb.boch.gov.tw/assets/advanceSearch/historicalBuilding/20180628000002"" target=""_blank"">http://nchdb.boch.gov.tw/assets/advanceSearch/historicalBuilding/20180628000002</a>","[{'classification': '指定/登錄', 'officialDocNo': '新北府文資字第1070485811號', 'registerDate': '2018-03-22 16:34:26.922'}]",碑碣,新北市
1276,20180622000001,新埔怒潮亭,"{'code': 'A99', 'name': '其他設施', 'other': ''}",文化資產保存法第15條、歷史建築登錄廢止審查及輔導辦法第4條暨102年2月5日「102年新竹縣第1次古蹟歷史建築審議委員會會議」決議事項辦理。,121.06754723516845,24.827029721729293,"{'itemNo': 1, 'cityName': '新竹縣', 'distName': '新埔鎮', 'address': '福德段772地號'}",新竹縣政府文化局,文化資產科,302新竹縣竹北市縣政九路146號,03-5510201分機600~612,"<a href=""http://nchdb.boch.gov.tw/assets/advanceSearch/historicalBuilding/20180622000001"" target=""_blank"">http://nchdb.boch.gov.tw/assets/advanceSearch/historicalBuilding/20180622000001</a>","[{'classification': '指定/登錄', 'officialDocNo': '府文資字第1020110470號', 'registerDate': '2013-07-03 00:00:00.0'}]",其他設施,新竹縣
1277,20180622000003,北埔公學校日式宿舍,"{'code': 'A3', 'name': '宅第'}",依據文化資產法第18條、105年3月23日「105年新竹縣古蹟歷史建築審議委員會第1次會議」、106年3月31日「106年新竹縣古蹟歷史建築審議委員會第1次會議」決議事項辦理。,121.05441119095103,24.700190336184985,"{'itemNo': 1, 'cityName': '新竹縣', 'distName': '北埔鄉', 'address': '長興街8、10號'}",新竹縣政府文化局,文化資產科,302新竹縣竹北市縣政九路146號,03-5510201分機600~612,"<a href=""http://nchdb.boch.gov.tw/assets/advanceSearch/historicalBuilding/20180622000003"" target=""_blank"">http://nchdb.boch.gov.tw/assets/advanceSearch/historicalBuilding/20180622000003</a>","[{'classification': '指定/登錄', 'officialDocNo': '府文資字第1060103581號', 'registerDate': '2017-05-10 10:46:43.886'}]",宅第,新竹縣
1278,20180622000004,北埔雙安橋,"{'code': 'A15', 'name': '橋樑'}",依據文化資產保存法第18條、歷史建築紀念建築登錄廢止審查及輔助辦法第5條暨106年9月29日「106年新竹縣古蹟歷史建築審議委員會第2次會議」決議事項辦理。,121.05387859849675,24.69675644228827,"{'itemNo': 1, 'cityName': '新竹縣', 'distName': '北埔鄉', 'address': '大林村6鄰與南興村交界北埔橋旁'}",新竹縣政府文化局,文化資產科,302新竹縣竹北市縣政九路146號,03-5510201分機600~612,"<a href=""http://nchdb.boch.gov.tw/assets/advanceSearch/historicalBuilding/20180622000004"" target=""_blank"">http://nchdb.boch.gov.tw/assets/advanceSearch/historicalBuilding/20180622000004</a>","[{'classification': '指定/登錄', 'officialDocNo': '府文資字第1063002376號', 'registerDate': '2017-11-07 00:00:00.0'}]",橋樑,新竹縣
1279,20180625000001,原新埔照門派出所,"{'code': 'A6', 'name': '衙署'}",依據文化資產保存辦法18條、歷史建築登錄廢止審議及補助辦法第4條暨104年9月7日「104年新竹縣古蹟歷史建築審議委員會第4次會議」、105年9月5日「105年新竹縣古蹟歷史建築審議委員會第2次審議會議」決議事項辦理。,121.11553068825332,24.84701888089781,"{'itemNo': 1, 'cityName': '新竹縣', 'distName': '新埔鎮', 'address': '照門里9鄰26號'}",新竹縣政府文化局,文化資產科,302新竹縣竹北市縣政九路146號,03-5510201分機600~612,"<a href=""http://nchdb.boch.gov.tw/assets/advanceSearch/historicalBuilding/20180625000001"" target=""_blank"">http://nchdb.boch.gov.tw/assets/advanceSearch/historicalBuilding/20180625000001</a>","[{'classification': '指定/登錄', 'officialDocNo': '府文資字第1060103539號', 'registerDate': '2017-03-28 15:45:43.991'}]",衙署,新竹縣
1280,20180625000002,新埔鎮公所,"{'code': 'A6', 'name': '衙署'}",「歷史建築紀念建築登錄廢止審查及輔助辦法」第2條第1項第1、2、3款之基準,121.07130280000001,24.8279529,"{'itemNo': 1, 'cityName': '新竹縣', 'distName': '新埔鎮', 'address': '中正路776號'}",新竹縣政府文化局,文化資產科,302新竹縣竹北市縣政九路146號,03-5510201分機600~612,"<a href=""http://nchdb.boch.gov.tw/assets/advanceSearch/historicalBuilding/20180625000002"" target=""_blank"">http://nchdb.boch.gov.tw/assets/advanceSearch/historicalBuilding/20180625000002</a>","[{'classification': '指定/登錄', 'officialDocNo': '府文資字第1070100559號', 'registerDate': '2018-01-18 16:49:32.659'}, {'classification': '變更/修正', 'officialDocNo': '府文資字第1070100643號', 'registerDate': '2018-04-20 00:00:00.0', 'note': '補充'}]",衙署,新竹縣
1281,20180626000001,新埔鎮民代表會,"{'code': 'A6', 'name': '衙署'}",「歷史建築紀念建築登錄廢止審查及輔助辦法」第2條第1項第1、2、3款之基準,121.07153330000006,24.8279526,"{'itemNo': 1, 'cityName': '新竹縣', 'distName': '新埔鎮', 'address': '中正路766號'}",新竹縣政府文化局,文化資產科,302新竹縣竹北市縣政九路146號,03-5510201分機600~612,"<a href=""http://nchdb.boch.gov.tw/assets/advanceSearch/historicalBuilding/20180626000001"" target=""_blank"">http://nchdb.boch.gov.tw/assets/advanceSearch/historicalBuilding/20180626000001</a>","[{'classification': '指定/登錄', 'officialDocNo': '府文資字第1070100559號', 'registerDate': '2018-01-18 09:25:31.972'}, {'classification': '變更/修正', 'officialDocNo': ' 府文資字第1070100643號', 'registerDate': '2018-04-20 18:45:35.267', 'note': '補充'}]",衙署,新竹縣
1282,20180626000002,新埔鎮衛生所,"{'code': 'A6', 'name': '衙署'}",<<歷史建築紀念建築登錄廢止審查及輔助辦法>>第2條第1項第1、2、3款,121.07167000000004,24.8279331,"{'itemNo': 1, 'cityName': '新竹縣', 'distName': '新埔鎮', 'address': '中正路758號'}",新竹縣政府文化局,文化資產科,302新竹縣竹北市縣政九路146號,03-5510201分機600~612,"<a href=""http://nchdb.boch.gov.tw/assets/advanceSearch/historicalBuilding/20180626000002"" target=""_blank"">http://nchdb.boch.gov.tw/assets/advanceSearch/historicalBuilding/20180626000002</a>","[{'classification': '指定/登錄', 'officialDocNo': '府文資字第1070100559號', 'registerDate': '2018-01-18 10:23:50.282'}, {'classification': '變更/修正', 'officialDocNo': '府文資字第1070100643號', 'registerDate': '2018-04-20 18:49:15.989', 'note': '補充'}]",衙署,新竹縣
1283,20180626000003,新埔鎮民眾服務站,"{'code': 'A6', 'name': '衙署'}",「歷史建築紀念建築登錄廢止審查及輔助辦法」第2條第1項第1、2、3款之基準,121.07107199999996,24.827858,"{'itemNo': 1, 'cityName': '新竹縣', 'distName': '新埔鎮', 'address': '中正路790號'}",新竹縣政府文化局,文化資產科,302新竹縣竹北市縣政九路146號,03-5510201分機600~612,"<a href=""http://nchdb.boch.gov.tw/assets/advanceSearch/historicalBuilding/20180626000003"" target=""_blank"">http://nchdb.boch.gov.tw/assets/advanceSearch/historicalBuilding/20180626000003</a>","[{'classification': '指定/登錄', 'officialDocNo': '府文資字第1070100559號', 'registerDate': '2018-01-18 11:39:42.122'}, {'classification': '變更/修正', 'officialDocNo': '府文資字第1070100643號', 'registerDate': '2018-04-20 00:00:00.0', 'note': '補充'}]",衙署,新竹縣
1284,20180702000001,原新營中學校長宿舍,"{'code': 'A99', 'name': '其他設施', 'other': '宿舍'}",歷史建築紀念建築登錄廢止審查及輔助辦法第2條第1項第2款,120.31203529999993,23.3083164,"{'itemNo': 1, 'cityName': '臺南市', 'distName': '新營區', 'address': '臺南市新營區民權路101號'}",臺南市政府,臺南市文化資,臺南市中西區中正路5巷1號3樓,06-2213569,"<a href=""http://nchdb.boch.gov.tw/assets/advanceSearch/historicalBuilding/20180702000001"" target=""_blank"">http://nchdb.boch.gov.tw/assets/advanceSearch/historicalBuilding/20180702000001</a>","[{'classification': '指定/登錄', 'officialDocNo': '府文資處字第1070155418B號', 'registerDate': '2018-02-02 00:00:00.0'}]",其他設施,臺南市
1285,20180703000001,尖山配水池,"{'code': 'A99', 'name': '其他設施', 'other': '水塔'}",<<歷史建築紀念建築登錄廢止審查及輔助辦法>>第2條第1項第2款,121.20222,25.06093,"{'itemNo': 1, 'cityName': '桃園市', 'distName': '大園區', 'address': '中正東路160號'}",桃園市政府文化局,文化資產科,桃園市縣府路21號,03-3322592分機8609,"<a href=""http://nchdb.boch.gov.tw/assets/advanceSearch/historicalBuilding/20180703000001"" target=""_blank"">http://nchdb.boch.gov.tw/assets/advanceSearch/historicalBuilding/20180703000001</a>","[{'classification': '指定/登錄', 'officialDocNo': '府文資字第1070055729號', 'registerDate': '2018-04-24 10:22:18.448'}]",其他設施,桃園市
1285,20180703000001,尖山配水池,"{'code': 'A16', 'name': '產業'}",<<歷史建築紀念建築登錄廢止審查及輔助辦法>>第2條第1項第2款,121.20222,25.06093,"{'itemNo': 1, 'cityName': '桃園市', 'distName': '大園區', 'address': '中正東路160號'}",桃園市政府文化局,文化資產科,桃園市縣府路21號,03-3322592分機8609,"<a href=""http://nchdb.boch.gov.tw/assets/advanceSearch/historicalBuilding/20180703000001"" target=""_blank"">http://nchdb.boch.gov.tw/assets/advanceSearch/historicalBuilding/20180703000001</a>","[{'classification': '指定/登錄', 'officialDocNo': '府文資字第1070055729號', 'registerDate': '2018-04-24 10:22:18.448'}]",產業,桃園市
1286,20180703000002,臺南原清水寺街連棟街屋,"{'code': 'A3', 'name': '宅第'}",歷史建築紀念建築登錄廢止審查及輔助辦法第2條第1項第1、2款,120.20658300000002,22.9917745,"{'itemNo': 1, 'cityName': '臺南市', 'distName': '中西區', 'address': '開山路3巷48、50、52、54號'}",臺南市政府,臺南市文化資產管理處,臺南市中西區中正路5巷1號3樓,06-2213569 ,"<a href=""http://nchdb.boch.gov.tw/assets/advanceSearch/historicalBuilding/20180703000002"" target=""_blank"">http://nchdb.boch.gov.tw/assets/advanceSearch/historicalBuilding/20180703000002</a>","[{'classification': '指定/登錄', 'officialDocNo': '府文資處字第1070316965B號', 'registerDate': '2018-03-23 11:37:20.559'}]",宅第,臺南市
1287,20180703000003,基督教臺南浸信會教堂,"{'code': 'A10', 'name': '教堂'}",<<歷史建築紀念建築登錄廢止審查及輔助辦法>>第2條第1項第2款,120.20320530000004,22.989237,"{'itemNo': 1, 'cityName': '臺南市', 'distName': '中西區', 'address': '府前路一段235號'}",臺南市政府,臺南市文化資產管理處,臺南市中西區中正路5巷1號,06-2213597,"<a href=""http://nchdb.boch.gov.tw/assets/advanceSearch/historicalBuilding/20180703000003"" target=""_blank"">http://nchdb.boch.gov.tw/assets/advanceSearch/historicalBuilding/20180703000003</a>","[{'classification': '指定/登錄', 'officialDocNo': '府文資處字第1070155418B號', 'registerDate': '2018-02-02 11:42:40.456'}]",教堂,臺南市
1288,20180704000002,台電公司東部發電廠銅門機組支援修護人員備勤房屋銅門145-146號舊宿舍,"{'code': 'A3', 'name': '宅第'}",文化資產保存法第18條、歷史建築紀念建築登錄廢止審查及輔助辦法第2條第1項第2款、第3款。,121.48837,23.96651,"{'itemNo': 1, 'cityName': '花蓮縣', 'distName': '秀林鄉', 'address': '花蓮縣秀林鄉銅門村銅門145-146號'}",花蓮縣文化局,文化資產科,花蓮縣花蓮市文復路6號2樓,038227121#316,"<a href=""http://nchdb.boch.gov.tw/assets/advanceSearch/historicalBuilding/20180704000002"" target=""_blank"">http://nchdb.boch.gov.tw/assets/advanceSearch/historicalBuilding/20180704000002</a>","[{'classification': '指定/登錄', 'officialDocNo': '府文資字第1060229020A號', 'registerDate': '2017-12-05 00:00:00.0'}, {'classification': '變更/修正', 'officialDocNo': '府文資字第1070175268A號', 'registerDate': '2018-09-05 11:20:06.447'}, {'classification': '指定/登錄', 'officialDocNo': '府文資字第1080032705A號', 'registerDate': '2019-03-29 10:10:45.489'}]",宅第,花蓮縣
1289,20180704000003,花蓮港公學校校長宿舍,"{'code': 'A3', 'name': '宅第'}",文化資產保存法第18條、歷史建築紀念建築登錄廢止審查及輔助辦法第5條、行政程序法第122條。,121.61019964420723,23.979761577525444,"{'itemNo': 1, 'cityName': '花蓮縣', 'distName': '花蓮市', 'address': '花蓮縣花蓮市明禮路31號'}",花蓮縣文化局,文化資產科,花蓮縣花蓮市文復路6號2樓,03-8227121#316,"<a href=""http://nchdb.boch.gov.tw/assets/advanceSearch/historicalBuilding/20180704000003"" target=""_blank"">http://nchdb.boch.gov.tw/assets/advanceSearch/historicalBuilding/20180704000003</a>","[{'classification': '指定/登錄', 'officialDocNo': '府文資字第1070112017A號', 'registerDate': '2018-06-12 00:00:00.0'}, {'classification': '變更/修正', 'officialDocNo': '府文資字第1110086906A號', 'registerDate': '2022-05-04 00:00:00.0'}]",宅第,花蓮縣
1290,20180704000005,國立花蓮高級農業職業學校舊校長宿舍,"{'code': 'A3', 'name': '宅第'}",文化資產保存法第18條、歷史建築紀念建築登錄廢止審查及輔助辦法第2條第1項第2款、第3款。,121.607697,23.982478,"{'itemNo': 1, 'cityName': '花蓮縣', 'distName': '花蓮市', 'address': '花蓮縣花蓮市林森路260號'}",花蓮縣文化局,文化資產科,花蓮縣花蓮市文復路6號2樓,03-8227121#316,"<a href=""http://nchdb.boch.gov.tw/assets/advanceSearch/historicalBuilding/20180704000005"" target=""_blank"">http://nchdb.boch.gov.tw/assets/advanceSearch/historicalBuilding/20180704000005</a>","[{'classification': '指定/登錄', 'officialDocNo': '府文資字第1070112035A號', 'registerDate': '2018-06-12 16:12:35.421'}]",宅第,花蓮縣
1291,20180705000001,屏東市大和旅社,"{'code': 'A99', 'name': '其他設施', 'other': ''}","文化資產保存法第15條暨歷史建築登錄廢止審查及輔助辦法第2條第1、2款登錄評定基準
",120.48674,22.670119,"{'itemNo': 1, 'cityName': '屏東縣', 'distName': '屏東市', 'address': '民族路163號'}",屏東縣政府,屏東縣文化資產保護所,屏東縣屏東市菸廠路1號	,08-7210234,"<a href=""http://nchdb.boch.gov.tw/assets/advanceSearch/historicalBuilding/20180705000001"" target=""_blank"">http://nchdb.boch.gov.tw/assets/advanceSearch/historicalBuilding/20180705000001</a>","[{'classification': '指定/登錄', 'officialDocNo': '屏府文資字第10330340700號', 'registerDate': '2014-10-03 00:00:00.0'}, {'classification': '變更/修正', 'officialDocNo': '屏府文保字第10530400000號', 'registerDate': '2016-09-22 00:00:00.0'}]",其他設施,屏東縣
1292,20180705000002,屏東市崇仁新村(通海區)日治時期軍官眷舍,"{'code': 'A99', 'name': '其他設施', 'other': '官舍建築群'}",文化資產保存法第18條暨歷史建築紀念建築登錄廢止審查及輔助辦法第2條第1項歷史建築之登錄基準第1、2、3、4款登錄基準,120.4916225395782,22.678941167141467,"{'itemNo': 1, 'cityName': '屏東縣', 'distName': '屏東市', 'address': '瀋陽街5、7、9、11、13、15號、中華路221巷1、2、3、4、5、6、7、8、9、10、11、12號'}",屏東縣政府,屏東縣文化資產保護所,屏東縣屏東市菸廠路1號,08-7210234,"<a href=""http://nchdb.boch.gov.tw/assets/advanceSearch/historicalBuilding/20180705000002"" target=""_blank"">http://nchdb.boch.gov.tw/assets/advanceSearch/historicalBuilding/20180705000002</a>","[{'classification': '指定/登錄', 'officialDocNo': '屏府文保字第10630216700號', 'registerDate': '2017-06-13 00:00:00.0'}, {'classification': '變更/修正', 'officialDocNo': '屏府文保字第10830249300號', 'registerDate': '2019-06-13 00:00:00.0'}]",其他設施,屏東縣
1293,20180723000006,里港鄉陳氏宗祠,"{'code': 'A1', 'name': '祠堂'}",文化資產保存法第15條暨歷史建築紀念建築登錄廢止審查及輔助辦法第2條第1項第1、2款,120.4939889744509,22.777706313784744,"{'itemNo': 1, 'cityName': '屏東縣', 'distName': '里港鄉', 'address': '大平村中山路63號'}",屏東縣政府,屏東縣文化資產保護所,屏東縣屏東市菸廠路1號	,08-7210234,"<a href=""http://nchdb.boch.gov.tw/assets/advanceSearch/historicalBuilding/20180723000006"" target=""_blank"">http://nchdb.boch.gov.tw/assets/advanceSearch/historicalBuilding/20180723000006</a>","[{'classification': '指定/登錄', 'officialDocNo': '屏府文資字第10330340800號', 'registerDate': '2014-10-06 00:00:00.0'}, {'classification': '變更/修正', 'officialDocNo': '屏府文保字第10530400100號', 'registerDate': '2016-09-22 00:00:00.0'}]",祠堂,屏東縣
1294,20180723000005,內埔鄉謝氏宗祠,"{'code': 'A1', 'name': '祠堂'}",《文化資產保存法》第15條暨《歷史建築登錄廢止審查及輔助辦法》第2條第1、2、4款登錄評定基準,120.557167,22.600167,"{'itemNo': 1, 'cityName': '屏東縣', 'distName': '內埔鄉', 'address': '美和村海平路62號'}",屏東縣政府,屏東縣文化資產保護所,屏東縣屏東市菸廠路1號	,08-7210234,"<a href=""http://nchdb.boch.gov.tw/assets/advanceSearch/historicalBuilding/20180723000005"" target=""_blank"">http://nchdb.boch.gov.tw/assets/advanceSearch/historicalBuilding/20180723000005</a>","[{'classification': '指定/登錄', 'officialDocNo': '屏府文資字第10330325200號', 'registerDate': '2014-10-01 00:00:00.0'}, {'classification': '變更/修正', 'officialDocNo': '屏府文保字第10530399700號', 'registerDate': '2016-09-22 00:00:00.0'}]",祠堂,屏東縣
1295,20180730000001,屏東縣內埔鄉老埤村馬卡道老祖祠,"{'code': 'A99', 'name': '其他設施', 'other': ''}","《文化資產保存法》第15條
《歷史建築紀念建築登錄廢止審查及輔助辦法》第2條第1項第1、2款",120.600603,22.6343,"{'itemNo': 1, 'cityName': '屏東縣', 'distName': '內埔鄉', 'address': '通安路'}",屏東縣政府,屏東縣文化資產保護所,屏東縣屏東市菸廠路1號	,08-7210234,"<a href=""http://nchdb.boch.gov.tw/assets/advanceSearch/historicalBuilding/20180730000001"" target=""_blank"">http://nchdb.boch.gov.tw/assets/advanceSearch/historicalBuilding/20180730000001</a>","[{'classification': '指定/登錄', 'officialDocNo': '屏府文保字第10530220500號', 'registerDate': '2016-05-26 16:40:56.248'}, {'classification': '變更/修正', 'officialDocNo': '屏府文保字第10530256100號', 'registerDate': '2016-06-27 00:00:00.0'}]",其他設施,屏東縣
1296,20180723000014,東港鎮延平路106號街屋,"{'code': 'A3', 'name': '宅第'}",文化資產保存法第15條暨歷史建築紀念建築登錄廢止審查及輔助辦法,120.44811460000005,22.46725,"{'itemNo': 1, 'cityName': '屏東縣', 'distName': '東港鎮', 'address': '延平路106號'}",屏東縣政府,屏東縣文化資產保護所,屏東縣屏東市菸廠路1號,08-7210234,"<a href=""http://nchdb.boch.gov.tw/assets/advanceSearch/historicalBuilding/20180723000014"" target=""_blank"">http://nchdb.boch.gov.tw/assets/advanceSearch/historicalBuilding/20180723000014</a>","[{'classification': '指定/登錄', 'officialDocNo': '屏府文資字第10330149900號', 'registerDate': '2014-05-28 16:21:57.317'}]",宅第,屏東縣
1297,20180723000010,屏東干城町陸軍官舍群及附屬設施,"{'code': 'A99', 'name': '其他設施', 'other': '眷村'}","文化資產保存法第18條
歷史建築紀念建築登錄廢止審查及輔助辦法第2條第1項第1、2、3款",120.48275,22.6785,"{'itemNo': 1, 'cityName': '屏東縣', 'distName': '屏東市', 'address': '得勝巷2、4、5、7、9、10、11、12號；屏東市勝利路155、157、159、161、167、169、173號；屏東市青島街122、124、126、128、130、132號。'}",屏東縣政府,屏東縣文化資產保護所,屏東縣屏東市菸廠路1號	,08-7210234,"<a href=""http://nchdb.boch.gov.tw/assets/advanceSearch/historicalBuilding/20180723000010"" target=""_blank"">http://nchdb.boch.gov.tw/assets/advanceSearch/historicalBuilding/20180723000010</a>","[{'classification': '指定/登錄', 'officialDocNo': '屏府文保字第10730077700號', 'registerDate': '2018-03-01 16:00:53.921'}, {'classification': '變更/修正', 'officialDocNo': '屏府文保字第10930219900號', 'registerDate': '2020-06-30 00:00:00.0', 'note': ''}]",其他設施,屏東縣
1298,20180723000011,屏東憲光十村,"{'code': 'A99', 'name': '其他設施', 'other': '眷村'}",《歷史建築紀念建築登錄廢止審查及輔助辦法》第2條第1項第2款及第3款,120.484963,22.673004,"{'itemNo': 1, 'cityName': '屏東縣', 'distName': '屏東市', 'address': '信義路131號、133號；成都路2、4、6、8號；忠孝路96、98號'}",屏東縣政府,屏東縣文化資產保護所,屏東縣屏東市菸廠路1號,08-7210234,"<a href=""http://nchdb.boch.gov.tw/assets/advanceSearch/historicalBuilding/20180723000011"" target=""_blank"">http://nchdb.boch.gov.tw/assets/advanceSearch/historicalBuilding/20180723000011</a>","[{'classification': '指定/登錄', 'officialDocNo': '屏府文保字第10730077600號', 'registerDate': '2018-03-01 16:22:03.993'}]",其他設施,屏東縣
1299,20180723000012,崇仁新村(空翔區),"{'code': 'A99', 'name': '其他設施', 'other': '眷村'}",《文化資產保存法》第18條暨《歷史建築紀念建築登錄廢止審查及輔助辦法》第5條。,120.483923,22.679465,"{'itemNo': 1, 'cityName': '屏東縣', 'distName': '屏東市', 'address': '高原街17巷7、9、11、13、15、17、19、21號，屏東市蘭州街3、5、7、9、10、11、12、14、16、18、20、22、24、26、28、30號；屏東市勝利路132號'}",屏東縣政府,屏東縣文化資產保護所,屏東縣屏東市菸廠路1號	,08-7210234,"<a href=""http://nchdb.boch.gov.tw/assets/advanceSearch/historicalBuilding/20180723000012"" target=""_blank"">http://nchdb.boch.gov.tw/assets/advanceSearch/historicalBuilding/20180723000012</a>","[{'classification': '指定/登錄', 'officialDocNo': '屏府文保字第10730079000號', 'registerDate': '2018-03-01 16:45:21.401'}, {'classification': '變更/修正', 'officialDocNo': '屏府文保字第10930219800號', 'registerDate': '2020-05-12 00:00:00.0'}]",其他設施,屏東縣
1300,20180723000013,屏東市中正國小校長宿舍,"{'code': 'A99', 'name': '其他設施', 'other': '宿舍'}",《文化資產保存法》第15條暨《歷史建築紀念建築登錄廢止審查及輔助辦法》第2條第1項第1、4款,120.486596,22.674185,"{'itemNo': 1, 'cityName': '屏東縣', 'distName': '屏東市', 'address': '文明里上海路93號'}",屏東縣政府,屏東縣文化資產保護所,屏東縣屏東市菸廠路1號	,08-7210234,"<a href=""http://nchdb.boch.gov.tw/assets/advanceSearch/historicalBuilding/20180723000013"" target=""_blank"">http://nchdb.boch.gov.tw/assets/advanceSearch/historicalBuilding/20180723000013</a>","[{'classification': '指定/登錄', 'officialDocNo': '屏府文資字第10330341000號', 'registerDate': '2014-10-06 00:00:00.0'}, {'classification': '變更/修正', 'officialDocNo': '屏府文保字第10530399900號', 'registerDate': '2016-09-22 00:00:00.0'}]",其他設施,屏東縣
1301,20180724000001,枋寮演武場,"{'code': 'A99', 'name': '其他設施', 'other': '演武場'}",歷史建築紀念建築登錄廢止審查及輔助辦法第2條第1項第3款,120.59307,22.36619,"{'itemNo': 1, 'cityName': '屏東縣', 'distName': '枋寮鄉', 'address': '枋寮村8鄰德興路46號'}",屏東縣政府,屏東縣文化資產保護所,屏東縣屏東市菸廠路1號	,08-7210234,"<a href=""http://nchdb.boch.gov.tw/assets/advanceSearch/historicalBuilding/20180724000001"" target=""_blank"">http://nchdb.boch.gov.tw/assets/advanceSearch/historicalBuilding/20180724000001</a>","[{'classification': '指定/登錄', 'officialDocNo': '屏府文保字第10730002700號', 'registerDate': '2018-01-05 11:43:27.037'}]",其他設施,屏東縣
1302,20180719000001,北港草山家先代蔡氏之墓,"{'code': 'A12', 'name': '墓葬'}",符合文化資產保存法第18條暨歷史建築紀念建築登錄廢止審查及輔助辦法第2條第1項第1、2、3款登錄評定基準。,120.295298,23.595828,"{'itemNo': 1, 'cityName': '雲林縣', 'distName': '北港鎮', 'address': '溝皂段562號'}",雲林縣政府,文化處,雲林縣斗六市大學路三段310號,05-5523152,"<a href=""http://nchdb.boch.gov.tw/assets/advanceSearch/historicalBuilding/20180719000001"" target=""_blank"">http://nchdb.boch.gov.tw/assets/advanceSearch/historicalBuilding/20180719000001</a>","[{'classification': '指定/登錄', 'officialDocNo': '府文資二字第1073806647B號', 'registerDate': '2018-06-25 09:52:45.388'}]",墓葬,雲林縣
1303,20180724000002,屏東市大鵬七村入口門柱、水塔及村辦公室,"{'code': 'A20', 'name': '辦公廳舍'}",文化資產保存法第18條暨歷史建築紀念建築登錄廢止審查及輔助辦法第2條第1項歷史建築之登錄基準第1、2、3、4款登錄基準,120.448778,22.665611,"{'itemNo': 1, 'cityName': '屏東縣', 'distName': '屏東市', 'address': '辦公室：光大巷49、51、53、55號 水塔：光大二巷廣場 門柱：屏東縣屏東市光大巷(1號)兩側'}",屏東縣政府,屏東縣文化資產保護所,屏東縣屏東市菸廠路1號,08-7210234,"<a href=""http://nchdb.boch.gov.tw/assets/advanceSearch/historicalBuilding/20180724000002"" target=""_blank"">http://nchdb.boch.gov.tw/assets/advanceSearch/historicalBuilding/20180724000002</a>","[{'classification': '指定/登錄', 'officialDocNo': '屏府文保字第10630466400號', 'registerDate': '2017-11-20 00:00:00.0'}]",辦公廳舍,屏東縣
1304,20180727000004,新埔大平製茶工廠,"{'code': 'A16', 'name': '產業'}",歷史建築紀念建築登錄廢止審查及輔助辦法第2條第1項第1、2、3款登錄基準,121.07828572799936,24.85000525266256,"{'itemNo': 1, 'cityName': '新竹縣', 'distName': '新埔鎮', 'address': '竹13鄉道123號'}",新竹縣政府文化局,文化資產科,302新竹縣竹北市縣政九路146號,03-5510201分機600~612,"<a href=""http://nchdb.boch.gov.tw/assets/advanceSearch/historicalBuilding/20180727000004"" target=""_blank"">http://nchdb.boch.gov.tw/assets/advanceSearch/historicalBuilding/20180727000004</a>","[{'classification': '指定/登錄', 'officialDocNo': '府文資字第1070100634號', 'registerDate': '2018-06-28 14:15:48.221'}]",產業,新竹縣
1305,20180731000003,原謙源商號宅第甕牆,"{'code': 'A99', 'name': '其他設施', 'other': '甕牆'}",符合文化資產保存法第18條暨歷史建築登錄廢止審查及輔助辦法第2條第1項第1、2、3、4款登錄評定基準。,120.303521,23.566648999999998,"{'itemNo': 1, 'cityName': '雲林縣', 'distName': '北港鎮', 'address': '共和街2號'}",雲林縣政府,文化觀光處,雲林縣斗六市大學路三段310號,05-5523218,"<a href=""http://nchdb.boch.gov.tw/assets/advanceSearch/historicalBuilding/20180731000003"" target=""_blank"">http://nchdb.boch.gov.tw/assets/advanceSearch/historicalBuilding/20180731000003</a>","[{'classification': '指定/登錄', 'officialDocNo': '府文資二字第1063805408B號', 'registerDate': '2017-06-01 09:45:56.716'}]",其他設施,雲林縣
1306,20180802000001,新北投車站,"{'code': 'A7', 'name': '車站'}",<<歷史建築登錄廢止審查及輔助辦法>>第2條第1項第2、3款,121.501892,25.1367076,"{'itemNo': 1, 'cityName': '臺北市', 'distName': '北投區', 'address': '七星街1號'}",臺北市政府文化局,文化資產科,臺北市信義區市府路1號4樓東北區,(02)2720-8889,"<a href=""http://nchdb.boch.gov.tw/assets/advanceSearch/historicalBuilding/20180802000001"" target=""_blank"">http://nchdb.boch.gov.tw/assets/advanceSearch/historicalBuilding/20180802000001</a>","[{'classification': '指定/登錄', 'officialDocNo': '北市文化文資字第10760121441號', 'registerDate': '2018-05-30 00:00:00.0', 'note': '登錄歷史建築'}]",車站,臺北市
1307,20180802000002,國民革命軍陣亡政工人員紀念碑,"{'code': 'A9', 'name': '碑碣'}",<<歷史建築登錄廢止審查及輔助辦法>>第2條第1項第3款,121.4915912,25.1395051,"{'itemNo': 1, 'cityName': '臺北市', 'distName': '北投區', 'address': '中央北路二段70號'}",臺北市政府文化局,文化資產科,臺北市信義區市府路1號4樓東北區,(02)2720-8889,"<a href=""http://nchdb.boch.gov.tw/assets/advanceSearch/historicalBuilding/20180802000002"" target=""_blank"">http://nchdb.boch.gov.tw/assets/advanceSearch/historicalBuilding/20180802000002</a>","[{'classification': '指定/登錄', 'officialDocNo': '北市文化文資字第10760156541號', 'registerDate': '2018-07-13 00:00:00.0', 'note': '登錄歷史建築'}]",碑碣,臺北市
1308,20180807000001,復興武德精神堡壘,"{'code': 'A9', 'name': '碑碣'}",<<歷史建築登錄廢止審查及輔助辦法>>第2條第1項第3款,121.4915912,25.1395051,"{'itemNo': 1, 'cityName': '臺北市', 'distName': '北投區', 'address': '中央北路二段70號'}",臺北市政府文化局,文化資產科,臺北市信義區市府路1號4樓東北區,(02)2720-8889,"<a href=""http://nchdb.boch.gov.tw/assets/advanceSearch/historicalBuilding/20180807000001"" target=""_blank"">http://nchdb.boch.gov.tw/assets/advanceSearch/historicalBuilding/20180807000001</a>","[{'classification': '指定/登錄', 'officialDocNo': '北市文化文資字第10760156541號', 'registerDate': '2018-07-13 00:00:00.0', 'note': '登錄歷史建築'}]",碑碣,臺北市
1309,20180820000003,芬園安山派出所,"{'code': 'A6', 'name': '衙署'}",<<歷史建築紀念建築登錄廢止審查及輔助辦法>>第2條第1項第1、2、3款,120.61108,23.993127,"{'itemNo': 1, 'cityName': '彰化縣', 'distName': '芬園鄉', 'address': '大彰路3段147巷63號'}",彰化縣政府,彰化縣文化局,彰化縣彰化市卦山路3號,04-7292201,"<a href=""http://nchdb.boch.gov.tw/assets/advanceSearch/historicalBuilding/20180820000003"" target=""_blank"">http://nchdb.boch.gov.tw/assets/advanceSearch/historicalBuilding/20180820000003</a>","[{'classification': '指定/登錄', 'officialDocNo': '府授文資字第1070130040A號', 'registerDate': '2018-04-27 16:07:47.727'}]",衙署,彰化縣
1310,20180820000002,田中蕭雲章宅,"{'code': 'A3', 'name': '宅第'}",<<歷史建築紀念建築登錄廢止審查及輔助辦法>>第2條第1項第2、3款,120.57657476739814,23.869214753794246,"{'itemNo': 1, 'cityName': '彰化縣', 'distName': '田中鎮', 'address': '大社路1段702巷138號'}",彰化縣政府,彰化縣文化局,彰化縣彰化市卦山路3號,04-7292201,"<a href=""http://nchdb.boch.gov.tw/assets/advanceSearch/historicalBuilding/20180820000002"" target=""_blank"">http://nchdb.boch.gov.tw/assets/advanceSearch/historicalBuilding/20180820000002</a>","[{'classification': '指定/登錄', 'officialDocNo': '府授文資字第1070276148A號', 'registerDate': '2018-08-14 17:06:30.858'}, {'classification': '變更/修正', 'officialDocNo': '府授文資字第1100182243B號', 'registerDate': '2021-05-26 11:48:23.322', 'note': '變更土地範圍'}]",宅第,彰化縣
1311,20180820000004,永靖省心堂,"{'code': 'A3', 'name': '宅第'}",<<歷史建築紀念建築登錄廢止審查及輔助辦法>>第2條第1項第1、2款,120.53206610000007,23.9228336,"{'itemNo': 1, 'cityName': '彰化縣', 'distName': '永靖鄉', 'address': '敦厚村頂崁巷27號'}",彰化縣政府,彰化縣文化局,彰化縣彰化市卦山路3號,04-7292201,"<a href=""http://nchdb.boch.gov.tw/assets/advanceSearch/historicalBuilding/20180820000004"" target=""_blank"">http://nchdb.boch.gov.tw/assets/advanceSearch/historicalBuilding/20180820000004</a>","[{'classification': '指定/登錄', 'officialDocNo': '府授文資字第1070254473A號', 'registerDate': '2018-08-01 17:26:45.876'}]",宅第,彰化縣
1312,20180827000001,彰化楊全故居,"{'code': 'A3', 'name': '宅第'}",<<歷史建築紀念建築登錄廢止審查及輔助辦法>>第2條第1項第1、2、3款,120.54353160000005,24.0795838,"{'itemNo': 1, 'cityName': '彰化縣', 'distName': '彰化市', 'address': '民生路230巷、陳稜路56巷4號'}",彰化縣政府,彰化縣文化局,彰化縣彰化市卦山路3號,04-7292201,"<a href=""http://nchdb.boch.gov.tw/assets/advanceSearch/historicalBuilding/20180827000001"" target=""_blank"">http://nchdb.boch.gov.tw/assets/advanceSearch/historicalBuilding/20180827000001</a>","[{'classification': '指定/登錄', 'officialDocNo': '府授文資字第1070131006A號', 'registerDate': '2018-04-26 00:00:00.0'}]",宅第,彰化縣
1313,20180828000002,彰化臺鐵舊宿舍,"{'code': 'A99', 'name': '其他設施', 'other': '宿舍'}",<<文化資產保存法>>暨<<歷史建築登錄廢止審查及輔助辦法>>第2條,120.54108480000002,24.0863416,"{'itemNo': 1, 'cityName': '彰化縣', 'distName': '彰化市', 'address': '一、段長宿舍：彰美路一段8巷8、10號。'}",彰化縣政府,彰化縣文化局,彰化縣彰化市卦山路3號,04-7292201,"<a href=""http://nchdb.boch.gov.tw/assets/advanceSearch/historicalBuilding/20180828000002"" target=""_blank"">http://nchdb.boch.gov.tw/assets/advanceSearch/historicalBuilding/20180828000002</a>","[{'classification': '指定/登錄', 'officialDocNo': '府授文資字第1010138438D號', 'registerDate': '2012-05-23 00:00:00.0'}]",其他設施,彰化縣
1313,20180828000002,彰化臺鐵舊宿舍,"{'code': 'A99', 'name': '其他設施', 'other': '宿舍'}",<<文化資產保存法>>暨<<歷史建築登錄廢止審查及輔助辦法>>第2條,120.54108480000002,24.0863416,"{'itemNo': 2, 'cityName': '彰化縣', 'distName': '彰化市', 'address': '二、驛長宿舍：彰美路一段8巷14、16號。'}",彰化縣政府,彰化縣文化局,彰化縣彰化市卦山路3號,04-7292201,"<a href=""http://nchdb.boch.gov.tw/assets/advanceSearch/historicalBuilding/20180828000002"" target=""_blank"">http://nchdb.boch.gov.tw/assets/advanceSearch/historicalBuilding/20180828000002</a>","[{'classification': '指定/登錄', 'officialDocNo': '府授文資字第1010138438D號', 'registerDate': '2012-05-23 00:00:00.0'}]",其他設施,彰化縣
1313,20180828000002,彰化臺鐵舊宿舍,"{'code': 'A99', 'name': '其他設施', 'other': '宿舍'}",<<文化資產保存法>>暨<<歷史建築登錄廢止審查及輔助辦法>>第2條,120.54108480000002,24.0863416,"{'itemNo': 3, 'cityName': '彰化縣', 'distName': '彰化市', 'address': '三、招待所：彰美路一段8巷37號。'}",彰化縣政府,彰化縣文化局,彰化縣彰化市卦山路3號,04-7292201,"<a href=""http://nchdb.boch.gov.tw/assets/advanceSearch/historicalBuilding/20180828000002"" target=""_blank"">http://nchdb.boch.gov.tw/assets/advanceSearch/historicalBuilding/20180828000002</a>","[{'classification': '指定/登錄', 'officialDocNo': '府授文資字第1010138438D號', 'registerDate': '2012-05-23 00:00:00.0'}]",其他設施,彰化縣
1313,20180828000002,彰化臺鐵舊宿舍,"{'code': 'A99', 'name': '其他設施', 'other': '宿舍'}",<<文化資產保存法>>暨<<歷史建築登錄廢止審查及輔助辦法>>第2條,120.54108480000002,24.0863416,"{'itemNo': 4, 'cityName': '彰化縣', 'distName': '彰化市', 'address': '四、理髮廳：彰美路一段20巷6號。'}",彰化縣政府,彰化縣文化局,彰化縣彰化市卦山路3號,04-7292201,"<a href=""http://nchdb.boch.gov.tw/assets/advanceSearch/historicalBuilding/20180828000002"" target=""_blank"">http://nchdb.boch.gov.tw/assets/advanceSearch/historicalBuilding/20180828000002</a>","[{'classification': '指定/登錄', 'officialDocNo': '府授文資字第1010138438D號', 'registerDate': '2012-05-23 00:00:00.0'}]",其他設施,彰化縣
1314,20180831000001,市長官邸,"{'code': 'A17', 'name': '官邸'}",<<歷史建築紀念建築登錄廢止審查及輔助辦法>>第2條第1項第2、3款,121.52443716217476,25.04033364527718,"{'itemNo': 1, 'cityName': '臺北市', 'distName': '中正區', 'address': '徐州路44、46號'}",臺北市政府文化局,文化資產科,臺北市信義區市府路1號4樓東北區,(02)2720-8889,"<a href=""http://nchdb.boch.gov.tw/assets/advanceSearch/historicalBuilding/20180831000001"" target=""_blank"">http://nchdb.boch.gov.tw/assets/advanceSearch/historicalBuilding/20180831000001</a>","[{'classification': '指定/登錄', 'officialDocNo': '北市文化文資字第10760148621號', 'registerDate': '2018-07-03 00:00:00.0', 'note': '登錄歷建'}, {'classification': '變更/修正', 'officialDocNo': '北市文化文資字第10830309461號', 'registerDate': '2019-08-29 00:00:00.0', 'note': '新增一筆土地'}]",官邸,臺北市
1315,20180906000001,芎林金玉豐精米所,"{'code': 'A16', 'name': '產業'}",歷史建築紀念建築登錄廢止審查及輔助辦法第2條第1項1、2、3款之基準。,121.0745958,24.7836051,"{'itemNo': 1, 'cityName': '新竹縣', 'distName': '芎林鄉', 'address': '上山村文山路789號'}",新竹縣政府文化局,文化資產科,302新竹縣竹北市縣政九路146號,03-5510201分機600~612,"<a href=""http://nchdb.boch.gov.tw/assets/advanceSearch/historicalBuilding/20180906000001"" target=""_blank"">http://nchdb.boch.gov.tw/assets/advanceSearch/historicalBuilding/20180906000001</a>","[{'classification': '指定/登錄', 'officialDocNo': '府文資字第1073001213號', 'registerDate': '2018-07-04 10:00:16.37'}]",產業,新竹縣
1316,20180913000002,東勢仔勝昌堂,"{'code': 'A3', 'name': '宅第'}",符合歷史建築紀念建築登錄廢止審查及輔助辦法第2條第1項第1款、第2款所列基準。依據文化資產保存法第18條、歷史建築紀念建築登錄廢止審查及輔助辦法第4條、第5條規定辦理。,120.69232669999997,24.1490626,"{'itemNo': 1, 'cityName': '臺中市', 'distName': '東區', 'address': '進德北路27及27-1號'}",臺中市政府文化局,臺中市文化資產處,403420 臺中市西區市府路41巷19號,04-22290280,"<a href=""http://nchdb.boch.gov.tw/assets/advanceSearch/historicalBuilding/20180913000002"" target=""_blank"">http://nchdb.boch.gov.tw/assets/advanceSearch/historicalBuilding/20180913000002</a>","[{'classification': '指定/登錄', 'officialDocNo': '府授文資古字第1060267920', 'registerDate': '2017-12-18 00:00:00.0'}]",宅第,臺中市
1317,20180919000002,臺南地方法院院長宿舍,"{'code': 'A3', 'name': '宅第'}",符合<<歷史建築紀念建築登錄廢止審查及輔助辦法>>第2條第1項第2款登錄基準,120.20962752566173,22.988775166892484,"{'itemNo': 1, 'cityName': '臺南市', 'distName': '中西區', 'address': '府前路一段63號'}",臺南市政府,臺南市文化資產管理處,臺南市中西區中正路5巷1號3樓,06-2213569 ,"<a href=""http://nchdb.boch.gov.tw/assets/advanceSearch/historicalBuilding/20180919000002"" target=""_blank"">http://nchdb.boch.gov.tw/assets/advanceSearch/historicalBuilding/20180919000002</a>","[{'classification': '指定/登錄', 'officialDocNo': '府文資處字第1060969248B號', 'registerDate': '2017-09-21 00:00:00.0'}, {'classification': '變更/修正', 'officialDocNo': '府文資處字第1070075217B號', 'registerDate': '2018-01-16 00:00:00.0'}, {'classification': '變更/修正', 'officialDocNo': '府文資處字第1070736763B號', 'registerDate': '2018-07-11 00:00:00.0'}, {'classification': '變更/修正', 'officialDocNo': '府文資處字第1070960907D號', 'registerDate': '2018-09-07 00:00:00.0'}, {'classification': '變更/修正', 'officialDocNo': '府文資處字第1071067834B號', 'registerDate': '2018-10-05 00:00:00.0'}]",宅第,臺南市
1318,20180920000001,原臺灣總督府殖產局營林所臺北出張所,"{'code': 'A19', 'name': '機關'}",<<歷史建築紀念建築登錄廢止審查及輔助辦法>>第2條第1項第2、3款,121.523974,25.0294433,"{'itemNo': 1, 'cityName': '臺北市', 'distName': '大安區', 'address': '臺北市大安區潮州街55巷2號'}",臺北市政府文化局,文化資產科,臺北市信義區市府路1號4樓東北區,(02)2720-8889,"<a href=""http://nchdb.boch.gov.tw/assets/advanceSearch/historicalBuilding/20180920000001"" target=""_blank"">http://nchdb.boch.gov.tw/assets/advanceSearch/historicalBuilding/20180920000001</a>","[{'classification': '指定/登錄', 'officialDocNo': '北市文化文資字第10760205561號', 'registerDate': '2018-09-10 00:00:00.0', 'note': '登錄歷史建築'}, {'classification': '變更/修正', 'officialDocNo': '北市文化文資字第11330105341號', 'registerDate': '2024-03-15 00:00:00.0', 'note': '變更名稱、種類及登錄理由'}]",機關,臺北市
1318,20180920000001,原臺灣總督府殖產局營林所臺北出張所,"{'code': 'A19', 'name': '機關'}",<<歷史建築紀念建築登錄廢止審查及輔助辦法>>第2條第1項第2、3款,121.523974,25.0294433,"{'itemNo': 2, 'cityName': '臺北市', 'distName': '大安區', 'address': '臺北市大安區潮州街55巷4號'}",臺北市政府文化局,文化資產科,臺北市信義區市府路1號4樓東北區,(02)2720-8889,"<a href=""http://nchdb.boch.gov.tw/assets/advanceSearch/historicalBuilding/20180920000001"" target=""_blank"">http://nchdb.boch.gov.tw/assets/advanceSearch/historicalBuilding/20180920000001</a>","[{'classification': '指定/登錄', 'officialDocNo': '北市文化文資字第10760205561號', 'registerDate': '2018-09-10 00:00:00.0', 'note': '登錄歷史建築'}, {'classification': '變更/修正', 'officialDocNo': '北市文化文資字第11330105341號', 'registerDate': '2024-03-15 00:00:00.0', 'note': '變更名稱、種類及登錄理由'}]",機關,臺北市
1318,20180920000001,原臺灣總督府殖產局營林所臺北出張所,"{'code': 'A19', 'name': '機關'}",<<歷史建築紀念建築登錄廢止審查及輔助辦法>>第2條第1項第2、3款,121.523974,25.0294433,"{'itemNo': 3, 'cityName': '臺北市', 'distName': '大安區', 'address': '臺北市大安區潮州街55巷6號'}",臺北市政府文化局,文化資產科,臺北市信義區市府路1號4樓東北區,(02)2720-8889,"<a href=""http://nchdb.boch.gov.tw/assets/advanceSearch/historicalBuilding/20180920000001"" target=""_blank"">http://nchdb.boch.gov.tw/assets/advanceSearch/historicalBuilding/20180920000001</a>","[{'classification': '指定/登錄', 'officialDocNo': '北市文化文資字第10760205561號', 'registerDate': '2018-09-10 00:00:00.0', 'note': '登錄歷史建築'}, {'classification': '變更/修正', 'officialDocNo': '北市文化文資字第11330105341號', 'registerDate': '2024-03-15 00:00:00.0', 'note': '變更名稱、種類及登錄理由'}]",機關,臺北市
1319,20180920000002,前三軍總醫院（十字樓暨附屬設施）,"{'code': 'A99', 'name': '其他設施', 'other': '醫院'}",<<歷史建築登錄廢止審查及輔助辦法>>第2條第1項第1、3款,121.5268825,25.0177184,"{'itemNo': 1, 'cityName': '臺北市', 'distName': '中正區', 'address': '汀州路三段8號'}",臺北市政府文化局,文化資產科,臺北市信義區市府路1號4樓東北區,(02)2720-8889,"<a href=""http://nchdb.boch.gov.tw/assets/advanceSearch/historicalBuilding/20180920000002"" target=""_blank"">http://nchdb.boch.gov.tw/assets/advanceSearch/historicalBuilding/20180920000002</a>","[{'classification': '指定/登錄', 'officialDocNo': '北市文化文資字第10760136361號', 'registerDate': '2018-06-22 00:00:00.0', 'note': '登錄歷史建築'}]",其他設施,臺北市
1320,20180926000001,忠魂碑,"{'code': 'A9', 'name': '碑碣'}",文化資產保存法第15條暨歷史建築登錄廢止審查及輔助辦法辦理,120.762889,22.103694,"{'itemNo': 1, 'cityName': '屏東縣', 'distName': '車城鄉', 'address': '四重溪段151-142地號'}",屏東縣政府,屏東縣文化資產保護所,屏東縣屏東市菸廠路1號	,08-7210234,"<a href=""http://nchdb.boch.gov.tw/assets/advanceSearch/historicalBuilding/20180926000001"" target=""_blank"">http://nchdb.boch.gov.tw/assets/advanceSearch/historicalBuilding/20180926000001</a>","[{'classification': '指定/登錄', 'officialDocNo': '屏府文資字1000318618號', 'registerDate': '2011-12-01 09:33:44.103'}]",碑碣,屏東縣
1321,20181002000005,國際電話株式會社觀音崙坪受信所設施群,"{'code': 'A16', 'name': '產業'}",<<歷史建築紀念建築登錄廢止審查及輔助辦法>>第2條第1項第1、2、3款,121.16592,24.999390000000002,"{'itemNo': 1, 'cityName': '桃園市', 'distName': '觀音區', 'address': '崙坪里福山路「崙坪文化地景園區」內'}",桃園市政府文化局,文化資產科,桃園市桃園區縣府路21號,03-3322592轉8616,"<a href=""http://nchdb.boch.gov.tw/assets/advanceSearch/historicalBuilding/20181002000005"" target=""_blank"">http://nchdb.boch.gov.tw/assets/advanceSearch/historicalBuilding/20181002000005</a>","[{'classification': '指定/登錄', 'officialDocNo': '府文資字第10701217281號', 'registerDate': '2018-05-30 14:58:34.965'}]",產業,桃園市
1322,20181003000003,二水碧雲禪寺,"{'code': 'A2', 'name': '寺廟'}",<<歷史建築紀念建築登錄廢止審查及輔助辦法>>第2條第1項第1、2、3款,120.62520289475094,23.814107924578074,"{'itemNo': 1, 'cityName': '彰化縣', 'distName': '二水鄉', 'address': '惠民村山腳路1段400巷36號'}",彰化縣政府,彰化縣文化局,彰化縣彰化市卦山路3號,04-7292201,"<a href=""http://nchdb.boch.gov.tw/assets/advanceSearch/historicalBuilding/20181003000003"" target=""_blank"">http://nchdb.boch.gov.tw/assets/advanceSearch/historicalBuilding/20181003000003</a>","[{'classification': '指定/登錄', 'officialDocNo': '府授文資字第1070337684B號', 'registerDate': '2018-09-27 00:00:00.0'}]",寺廟,彰化縣
1323,20181003000004,二水驛第七號官舍,"{'code': 'A99', 'name': '其他設施', 'other': '宿舍'}",<<歷史建築登錄廢止審查及輔助辦法>>第2條第1項第1、2款,120.61962389999997,23.8096124,"{'itemNo': 1, 'cityName': '彰化縣', 'distName': '二水鄉', 'address': '文化村惠民路207號'}",彰化縣政府,彰化縣文化局,彰化縣彰化市卦山路3號,04-7292201,"<a href=""http://nchdb.boch.gov.tw/assets/advanceSearch/historicalBuilding/20181003000004"" target=""_blank"">http://nchdb.boch.gov.tw/assets/advanceSearch/historicalBuilding/20181003000004</a>","[{'classification': '指定/登錄', 'officialDocNo': '府授文資字第1070317054B號', 'registerDate': '2018-09-20 17:23:48.088'}, {'classification': '變更/修正', 'officialDocNo': '府授文資字第1130275931B號', 'registerDate': '2024-07-23 09:47:41.133', 'note': '變更登錄範圍及理由理由'}]",其他設施,彰化縣
1323,20181003000004,二水驛第七號官舍,"{'code': 'A99', 'name': '其他設施', 'other': '宿舍'}",<<歷史建築登錄廢止審查及輔助辦法>>第2條第1項第1、2款,120.61962389999997,23.8096124,"{'itemNo': 2, 'cityName': '彰化縣', 'distName': '二水鄉', 'address': '文化村惠民路209號'}",彰化縣政府,彰化縣文化局,彰化縣彰化市卦山路3號,04-7292201,"<a href=""http://nchdb.boch.gov.tw/assets/advanceSearch/historicalBuilding/20181003000004"" target=""_blank"">http://nchdb.boch.gov.tw/assets/advanceSearch/historicalBuilding/20181003000004</a>","[{'classification': '指定/登錄', 'officialDocNo': '府授文資字第1070317054B號', 'registerDate': '2018-09-20 17:23:48.088'}, {'classification': '變更/修正', 'officialDocNo': '府授文資字第1130275931B號', 'registerDate': '2024-07-23 09:47:41.133', 'note': '變更登錄範圍及理由理由'}]",其他設施,彰化縣
1324,20181004000003,集集館,"{'code': 'A3', 'name': '宅第'}",<<歷史建築登錄廢止審查及輔助辦法>>第4條,120.78123069999992,23.8279064,"{'itemNo': 1, 'cityName': '南投縣', 'distName': '集集鎮', 'address': '南投縣集集鎮和平里8鄰集集街142號'}",南投縣政府文化局,文化資產科,南投市建國路135號,049-2231191*409,"<a href=""http://nchdb.boch.gov.tw/assets/advanceSearch/historicalBuilding/20181004000003"" target=""_blank"">http://nchdb.boch.gov.tw/assets/advanceSearch/historicalBuilding/20181004000003</a>","[{'classification': '指定/登錄', 'officialDocNo': '府授文資字第1060213538號', 'registerDate': '2017-10-18 15:06:17.899'}]",宅第,南投縣
1325,20181007000001,彰中教職員宿舍群,"{'code': 'A3', 'name': '宅第'}",<<歷史建築紀念建築登錄廢止審查及輔助辦法>>第2條第1項第3款,120.55037199999992,24.0725669,"{'itemNo': 1, 'cityName': '彰化縣', 'distName': '彰化市', 'address': '華陽街21號'}",彰化縣政府,彰化縣文化局,彰化縣彰化市卦山路3號,04-7292201,"<a href=""http://nchdb.boch.gov.tw/assets/advanceSearch/historicalBuilding/20181007000001"" target=""_blank"">http://nchdb.boch.gov.tw/assets/advanceSearch/historicalBuilding/20181007000001</a>","[{'classification': '指定/登錄', 'officialDocNo': '府授文資字第1070340671B號', 'registerDate': '2018-10-04 21:46:07.745'}, {'classification': '變更/修正', 'officialDocNo': '府授文資字第1120496812號', 'registerDate': '2023-12-03 08:36:05.091', 'note': '變更登錄名稱及修正登錄理由'}]",宅第,彰化縣
1325,20181007000001,彰中教職員宿舍群,"{'code': 'A3', 'name': '宅第'}",<<歷史建築紀念建築登錄廢止審查及輔助辦法>>第2條第1項第3款,120.55037199999992,24.0725669,"{'itemNo': 2, 'cityName': '彰化縣', 'distName': '彰化市', 'address': '華陽街23號'}",彰化縣政府,彰化縣文化局,彰化縣彰化市卦山路3號,04-7292201,"<a href=""http://nchdb.boch.gov.tw/assets/advanceSearch/historicalBuilding/20181007000001"" target=""_blank"">http://nchdb.boch.gov.tw/assets/advanceSearch/historicalBuilding/20181007000001</a>","[{'classification': '指定/登錄', 'officialDocNo': '府授文資字第1070340671B號', 'registerDate': '2018-10-04 21:46:07.745'}, {'classification': '變更/修正', 'officialDocNo': '府授文資字第1120496812號', 'registerDate': '2023-12-03 08:36:05.091', 'note': '變更登錄名稱及修正登錄理由'}]",宅第,彰化縣
1325,20181007000001,彰中教職員宿舍群,"{'code': 'A3', 'name': '宅第'}",<<歷史建築紀念建築登錄廢止審查及輔助辦法>>第2條第1項第3款,120.55037199999992,24.0725669,"{'itemNo': 3, 'cityName': '彰化縣', 'distName': '彰化市', 'address': '華陽街27號'}",彰化縣政府,彰化縣文化局,彰化縣彰化市卦山路3號,04-7292201,"<a href=""http://nchdb.boch.gov.tw/assets/advanceSearch/historicalBuilding/20181007000001"" target=""_blank"">http://nchdb.boch.gov.tw/assets/advanceSearch/historicalBuilding/20181007000001</a>","[{'classification': '指定/登錄', 'officialDocNo': '府授文資字第1070340671B號', 'registerDate': '2018-10-04 21:46:07.745'}, {'classification': '變更/修正', 'officialDocNo': '府授文資字第1120496812號', 'registerDate': '2023-12-03 08:36:05.091', 'note': '變更登錄名稱及修正登錄理由'}]",宅第,彰化縣
1325,20181007000001,彰中教職員宿舍群,"{'code': 'A3', 'name': '宅第'}",<<歷史建築紀念建築登錄廢止審查及輔助辦法>>第2條第1項第3款,120.55037199999992,24.0725669,"{'itemNo': 4, 'cityName': '彰化縣', 'distName': '彰化市', 'address': '華陽街29號'}",彰化縣政府,彰化縣文化局,彰化縣彰化市卦山路3號,04-7292201,"<a href=""http://nchdb.boch.gov.tw/assets/advanceSearch/historicalBuilding/20181007000001"" target=""_blank"">http://nchdb.boch.gov.tw/assets/advanceSearch/historicalBuilding/20181007000001</a>","[{'classification': '指定/登錄', 'officialDocNo': '府授文資字第1070340671B號', 'registerDate': '2018-10-04 21:46:07.745'}, {'classification': '變更/修正', 'officialDocNo': '府授文資字第1120496812號', 'registerDate': '2023-12-03 08:36:05.091', 'note': '變更登錄名稱及修正登錄理由'}]",宅第,彰化縣
1325,20181007000001,彰中教職員宿舍群,"{'code': 'A3', 'name': '宅第'}",<<歷史建築紀念建築登錄廢止審查及輔助辦法>>第2條第1項第3款,120.55037199999992,24.0725669,"{'itemNo': 5, 'cityName': '彰化縣', 'distName': '彰化市', 'address': '華陽街25巷1號'}",彰化縣政府,彰化縣文化局,彰化縣彰化市卦山路3號,04-7292201,"<a href=""http://nchdb.boch.gov.tw/assets/advanceSearch/historicalBuilding/20181007000001"" target=""_blank"">http://nchdb.boch.gov.tw/assets/advanceSearch/historicalBuilding/20181007000001</a>","[{'classification': '指定/登錄', 'officialDocNo': '府授文資字第1070340671B號', 'registerDate': '2018-10-04 21:46:07.745'}, {'classification': '變更/修正', 'officialDocNo': '府授文資字第1120496812號', 'registerDate': '2023-12-03 08:36:05.091', 'note': '變更登錄名稱及修正登錄理由'}]",宅第,彰化縣
1325,20181007000001,彰中教職員宿舍群,"{'code': 'A3', 'name': '宅第'}",<<歷史建築紀念建築登錄廢止審查及輔助辦法>>第2條第1項第3款,120.55037199999992,24.0725669,"{'itemNo': 6, 'cityName': '彰化縣', 'distName': '彰化市', 'address': '華陽街25巷2號'}",彰化縣政府,彰化縣文化局,彰化縣彰化市卦山路3號,04-7292201,"<a href=""http://nchdb.boch.gov.tw/assets/advanceSearch/historicalBuilding/20181007000001"" target=""_blank"">http://nchdb.boch.gov.tw/assets/advanceSearch/historicalBuilding/20181007000001</a>","[{'classification': '指定/登錄', 'officialDocNo': '府授文資字第1070340671B號', 'registerDate': '2018-10-04 21:46:07.745'}, {'classification': '變更/修正', 'officialDocNo': '府授文資字第1120496812號', 'registerDate': '2023-12-03 08:36:05.091', 'note': '變更登錄名稱及修正登錄理由'}]",宅第,彰化縣
1326,20181018000002,淡水「楓樹湖庄禁牌」,"{'code': 'A9', 'name': '碑碣'}",<<歷史建築紀念建築登錄廢止審查及輔助辦法>>第2條第1項第1、3款,121.495212,25.18954,"{'itemNo': 1, 'cityName': '新北市', 'distName': '淡水區', 'address': '水梘頭段大溪小段13-1地號'}",新北市政府,文化局,新北市板橋區中山路一段161號28樓,(02)29603456,"<a href=""http://nchdb.boch.gov.tw/assets/advanceSearch/historicalBuilding/20181018000002"" target=""_blank"">http://nchdb.boch.gov.tw/assets/advanceSearch/historicalBuilding/20181018000002</a>","[{'classification': '指定/登錄', 'officialDocNo': '新北府文資字第1071249586號', 'registerDate': '2018-07-05 11:00:38.536'}]",碑碣,新北市
1327,20181018000006,和美大月眉陳合興古厝,"{'code': 'A3', 'name': '宅第'}",<<歷史建築登錄廢止審查及輔助辦法>>第2條第1項第2、3款,120.49497070000007,24.1231339,"{'itemNo': 1, 'cityName': '彰化縣', 'distName': '和美鎮', 'address': '月眉里北辰路62號'}",彰化縣政府,彰化縣文化局,彰化縣彰化市卦山路3號,04-7292201,"<a href=""http://nchdb.boch.gov.tw/assets/advanceSearch/historicalBuilding/20181018000006"" target=""_blank"">http://nchdb.boch.gov.tw/assets/advanceSearch/historicalBuilding/20181018000006</a>","[{'classification': '指定/登錄', 'officialDocNo': '府授文資字第1070352296B號', 'registerDate': '2018-10-16 20:45:45.435'}, {'classification': '變更/修正', 'officialDocNo': '府授文資字第1130312400B號', 'registerDate': '2024-08-19 08:49:40.17'}]",宅第,彰化縣
1328,20181022000002,中港福德宮古井,"{'code': 'A99', 'name': '其他設施', 'other': ''}",<<歷史建築紀念建築登錄廢止審查及輔助辦法>>第2條第1項第2、3款,120.8530773,24.6914694,"{'itemNo': 1, 'cityName': '苗栗縣', 'distName': '竹南鎮', 'address': '中港里街仔頭3號'}",苗栗縣政府文化觀光局,文化資產科,苗栗縣苗栗市自治路50號,037-352961#712,"<a href=""http://nchdb.boch.gov.tw/assets/advanceSearch/historicalBuilding/20181022000002"" target=""_blank"">http://nchdb.boch.gov.tw/assets/advanceSearch/historicalBuilding/20181022000002</a>","[{'classification': '指定/登錄', 'officialDocNo': '府文資第1070012518B號公告', 'registerDate': '2018-10-16 15:55:20.102'}]",其他設施,苗栗縣
1329,20181105000001,農業試驗所宿舍群,"{'code': 'A3', 'name': '宅第'}",<<歷史建築紀念建築登錄廢止審查及輔助辦法>>第2條第1項第2、3款,121.5394559,25.0098251,"{'itemNo': 1, 'cityName': '臺北市', 'distName': '大安區', 'address': '羅斯福路四段119巷70號'}",臺北市政府文化局,文化資產科,臺北市信義區市府路1號4樓東北區,(02)2720-8889,"<a href=""http://nchdb.boch.gov.tw/assets/advanceSearch/historicalBuilding/20181105000001"" target=""_blank"">http://nchdb.boch.gov.tw/assets/advanceSearch/historicalBuilding/20181105000001</a>","[{'classification': '指定/登錄', 'officialDocNo': '北市文化文資字第10760226851號', 'registerDate': '2018-10-15 00:00:00.0', 'note': '登錄歷史建築'}]",宅第,臺北市
1329,20181105000001,農業試驗所宿舍群,"{'code': 'A3', 'name': '宅第'}",<<歷史建築紀念建築登錄廢止審查及輔助辦法>>第2條第1項第2、3款,121.5394559,25.0098251,"{'itemNo': 2, 'cityName': '臺北市', 'distName': '大安區', 'address': '羅斯福路四段119巷74號'}",臺北市政府文化局,文化資產科,臺北市信義區市府路1號4樓東北區,(02)2720-8889,"<a href=""http://nchdb.boch.gov.tw/assets/advanceSearch/historicalBuilding/20181105000001"" target=""_blank"">http://nchdb.boch.gov.tw/assets/advanceSearch/historicalBuilding/20181105000001</a>","[{'classification': '指定/登錄', 'officialDocNo': '北市文化文資字第10760226851號', 'registerDate': '2018-10-15 00:00:00.0', 'note': '登錄歷史建築'}]",宅第,臺北市
1329,20181105000001,農業試驗所宿舍群,"{'code': 'A3', 'name': '宅第'}",<<歷史建築紀念建築登錄廢止審查及輔助辦法>>第2條第1項第2、3款,121.5394559,25.0098251,"{'itemNo': 3, 'cityName': '臺北市', 'distName': '大安區', 'address': '羅斯福路四段119巷76號'}",臺北市政府文化局,文化資產科,臺北市信義區市府路1號4樓東北區,(02)2720-8889,"<a href=""http://nchdb.boch.gov.tw/assets/advanceSearch/historicalBuilding/20181105000001"" target=""_blank"">http://nchdb.boch.gov.tw/assets/advanceSearch/historicalBuilding/20181105000001</a>","[{'classification': '指定/登錄', 'officialDocNo': '北市文化文資字第10760226851號', 'registerDate': '2018-10-15 00:00:00.0', 'note': '登錄歷史建築'}]",宅第,臺北市
1329,20181105000001,農業試驗所宿舍群,"{'code': 'A3', 'name': '宅第'}",<<歷史建築紀念建築登錄廢止審查及輔助辦法>>第2條第1項第2、3款,121.5394559,25.0098251,"{'itemNo': 4, 'cityName': '臺北市', 'distName': '大安區', 'address': '羅斯福路四段119巷92號'}",臺北市政府文化局,文化資產科,臺北市信義區市府路1號4樓東北區,(02)2720-8889,"<a href=""http://nchdb.boch.gov.tw/assets/advanceSearch/historicalBuilding/20181105000001"" target=""_blank"">http://nchdb.boch.gov.tw/assets/advanceSearch/historicalBuilding/20181105000001</a>","[{'classification': '指定/登錄', 'officialDocNo': '北市文化文資字第10760226851號', 'registerDate': '2018-10-15 00:00:00.0', 'note': '登錄歷史建築'}]",宅第,臺北市
1329,20181105000001,農業試驗所宿舍群,"{'code': 'A3', 'name': '宅第'}",<<歷史建築紀念建築登錄廢止審查及輔助辦法>>第2條第1項第2、3款,121.5394559,25.0098251,"{'itemNo': 5, 'cityName': '臺北市', 'distName': '大安區', 'address': '羅斯福路四段119巷94號'}",臺北市政府文化局,文化資產科,臺北市信義區市府路1號4樓東北區,(02)2720-8889,"<a href=""http://nchdb.boch.gov.tw/assets/advanceSearch/historicalBuilding/20181105000001"" target=""_blank"">http://nchdb.boch.gov.tw/assets/advanceSearch/historicalBuilding/20181105000001</a>","[{'classification': '指定/登錄', 'officialDocNo': '北市文化文資字第10760226851號', 'registerDate': '2018-10-15 00:00:00.0', 'note': '登錄歷史建築'}]",宅第,臺北市
1329,20181105000001,農業試驗所宿舍群,"{'code': 'A3', 'name': '宅第'}",<<歷史建築紀念建築登錄廢止審查及輔助辦法>>第2條第1項第2、3款,121.5394559,25.0098251,"{'itemNo': 6, 'cityName': '臺北市', 'distName': '大安區', 'address': '羅斯福路四段119巷62弄3號'}",臺北市政府文化局,文化資產科,臺北市信義區市府路1號4樓東北區,(02)2720-8889,"<a href=""http://nchdb.boch.gov.tw/assets/advanceSearch/historicalBuilding/20181105000001"" target=""_blank"">http://nchdb.boch.gov.tw/assets/advanceSearch/historicalBuilding/20181105000001</a>","[{'classification': '指定/登錄', 'officialDocNo': '北市文化文資字第10760226851號', 'registerDate': '2018-10-15 00:00:00.0', 'note': '登錄歷史建築'}]",宅第,臺北市
1330,20181105000002,蠶業改良場宿舍,"{'code': 'A3', 'name': '宅第'}",<<歷史建築紀念建築登錄廢止審查及輔助辦法>>第2條第1項第2、3款,121.5390508037674,25.00958042532752,"{'itemNo': 1, 'cityName': '臺北市', 'distName': '大安區', 'address': '羅斯福路四段119巷62號'}",臺北市政府文化局,文化資產科,臺北市信義區市府路1號4樓東北區,(02)2720-8889,"<a href=""http://nchdb.boch.gov.tw/assets/advanceSearch/historicalBuilding/20181105000002"" target=""_blank"">http://nchdb.boch.gov.tw/assets/advanceSearch/historicalBuilding/20181105000002</a>","[{'classification': '指定/登錄', 'officialDocNo': '北市文化文資字第10760226851號', 'registerDate': '2018-10-15 00:00:00.0', 'note': '登錄歷史建築'}]",宅第,臺北市
1330,20181105000002,蠶業改良場宿舍,"{'code': 'A3', 'name': '宅第'}",<<歷史建築紀念建築登錄廢止審查及輔助辦法>>第2條第1項第2、3款,121.5390508037674,25.00958042532752,"{'itemNo': 2, 'cityName': '臺北市', 'distName': '大安區', 'address': '羅斯福路四段119巷64號'}",臺北市政府文化局,文化資產科,臺北市信義區市府路1號4樓東北區,(02)2720-8889,"<a href=""http://nchdb.boch.gov.tw/assets/advanceSearch/historicalBuilding/20181105000002"" target=""_blank"">http://nchdb.boch.gov.tw/assets/advanceSearch/historicalBuilding/20181105000002</a>","[{'classification': '指定/登錄', 'officialDocNo': '北市文化文資字第10760226851號', 'registerDate': '2018-10-15 00:00:00.0', 'note': '登錄歷史建築'}]",宅第,臺北市
1331,20181112000002,台電中心倉庫－P庫廠房,"{'code': 'A99', 'name': '其他設施', 'other': '倉庫'}",歷史建築紀念建築登錄廢止審查及輔助辦法第2條第1項第2、3款,121.583293,25.049254,"{'itemNo': 1, 'cityName': '臺北市', 'distName': '南港區', 'address': '市民大道7段100號'}",臺北市政府文化局,文化資產科,臺北市信義區市府路1號4樓東北區,(02)2720-8889,"<a href=""http://nchdb.boch.gov.tw/assets/advanceSearch/historicalBuilding/20181112000002"" target=""_blank"">http://nchdb.boch.gov.tw/assets/advanceSearch/historicalBuilding/20181112000002</a>","[{'classification': '指定/登錄', 'officialDocNo': '北市文化文資字10760247291號', 'registerDate': '2018-11-09 00:00:00.0', 'note': '登錄歷史建築'}]",其他設施,臺北市
1332,20181115000001,溪湖公學校宿舍,"{'code': 'A3', 'name': '宅第'}",<<歷史建築紀念建築登錄廢止審查及輔助辦法>>第2條第1項第2款,120.47851853603743,23.95700825922682,"{'itemNo': 1, 'cityName': '彰化縣', 'distName': '溪湖鎮', 'address': '大竹里平和街205巷14號'}",彰化縣政府,彰化縣文化局,彰化縣彰化市卦山路3號,04-7292201,"<a href=""http://nchdb.boch.gov.tw/assets/advanceSearch/historicalBuilding/20181115000001"" target=""_blank"">http://nchdb.boch.gov.tw/assets/advanceSearch/historicalBuilding/20181115000001</a>","[{'classification': '指定/登錄', 'officialDocNo': '府授文資字第1070375755A號', 'registerDate': '2018-11-06 18:55:44.644'}]",宅第,彰化縣
1332,20181115000001,溪湖公學校宿舍,"{'code': 'A3', 'name': '宅第'}",<<歷史建築紀念建築登錄廢止審查及輔助辦法>>第2條第1項第2款,120.47851853603743,23.95700825922682,"{'itemNo': 2, 'cityName': '彰化縣', 'distName': '溪湖鎮', 'address': '大竹里平和街205巷16號'}",彰化縣政府,彰化縣文化局,彰化縣彰化市卦山路3號,04-7292201,"<a href=""http://nchdb.boch.gov.tw/assets/advanceSearch/historicalBuilding/20181115000001"" target=""_blank"">http://nchdb.boch.gov.tw/assets/advanceSearch/historicalBuilding/20181115000001</a>","[{'classification': '指定/登錄', 'officialDocNo': '府授文資字第1070375755A號', 'registerDate': '2018-11-06 18:55:44.644'}]",宅第,彰化縣
1332,20181115000001,溪湖公學校宿舍,"{'code': 'A3', 'name': '宅第'}",<<歷史建築紀念建築登錄廢止審查及輔助辦法>>第2條第1項第2款,120.47851853603743,23.95700825922682,"{'itemNo': 3, 'cityName': '彰化縣', 'distName': '溪湖鎮', 'address': '大竹里平和街205巷18號'}",彰化縣政府,彰化縣文化局,彰化縣彰化市卦山路3號,04-7292201,"<a href=""http://nchdb.boch.gov.tw/assets/advanceSearch/historicalBuilding/20181115000001"" target=""_blank"">http://nchdb.boch.gov.tw/assets/advanceSearch/historicalBuilding/20181115000001</a>","[{'classification': '指定/登錄', 'officialDocNo': '府授文資字第1070375755A號', 'registerDate': '2018-11-06 18:55:44.644'}]",宅第,彰化縣
1332,20181115000001,溪湖公學校宿舍,"{'code': 'A3', 'name': '宅第'}",<<歷史建築紀念建築登錄廢止審查及輔助辦法>>第2條第1項第2款,120.47851853603743,23.95700825922682,"{'itemNo': 4, 'cityName': '彰化縣', 'distName': '溪湖鎮', 'address': '大竹里平和街205巷20號'}",彰化縣政府,彰化縣文化局,彰化縣彰化市卦山路3號,04-7292201,"<a href=""http://nchdb.boch.gov.tw/assets/advanceSearch/historicalBuilding/20181115000001"" target=""_blank"">http://nchdb.boch.gov.tw/assets/advanceSearch/historicalBuilding/20181115000001</a>","[{'classification': '指定/登錄', 'officialDocNo': '府授文資字第1070375755A號', 'registerDate': '2018-11-06 18:55:44.644'}]",宅第,彰化縣
1333,20181121000002,平鎮延平路日式宿舍,"{'code': 'A3', 'name': '宅第'}",<<歷史建築紀念建築登錄廢止審查及輔助辦法>>第2條第1項第1、2、3款,121.22048104349983,24.952171856949658,"{'itemNo': 1, 'cityName': '桃園市', 'distName': '平鎮區', 'address': '延平路一段39號'}",桃園市政府文化局,文化資產科,桃園市桃園區縣府路21號,03-3322592分機8606,"<a href=""http://nchdb.boch.gov.tw/assets/advanceSearch/historicalBuilding/20181121000002"" target=""_blank"">http://nchdb.boch.gov.tw/assets/advanceSearch/historicalBuilding/20181121000002</a>","[{'classification': '指定/登錄', 'officialDocNo': '府文資字第10702189771號', 'registerDate': '2018-10-09 11:20:43.137'}]",宅第,桃園市
1333,20181121000002,平鎮延平路日式宿舍,"{'code': 'A3', 'name': '宅第'}",<<歷史建築紀念建築登錄廢止審查及輔助辦法>>第2條第1項第1、2、3款,121.22048104349983,24.952171856949658,"{'itemNo': 2, 'cityName': '桃園市', 'distName': '平鎮區', 'address': '延平路一段45號'}",桃園市政府文化局,文化資產科,桃園市桃園區縣府路21號,03-3322592分機8606,"<a href=""http://nchdb.boch.gov.tw/assets/advanceSearch/historicalBuilding/20181121000002"" target=""_blank"">http://nchdb.boch.gov.tw/assets/advanceSearch/historicalBuilding/20181121000002</a>","[{'classification': '指定/登錄', 'officialDocNo': '府文資字第10702189771號', 'registerDate': '2018-10-09 11:20:43.137'}]",宅第,桃園市
1334,20181127000001,大林萬國戲院,"{'code': 'A26', 'name': '戲劇院'}",《歷史建築紀念建築登錄廢止審查及輔助辦法》第2條第1、3款指定基準。,120.45647120000001,23.602452,"{'itemNo': 1, 'cityName': '嘉義縣', 'distName': '大林鎮', 'address': '平和街21-7號'}",嘉義縣政府,文化觀光局,嘉義縣太保市太子大道158號,05-3628123-317,"<a href=""http://nchdb.boch.gov.tw/assets/advanceSearch/historicalBuilding/20181127000001"" target=""_blank"">http://nchdb.boch.gov.tw/assets/advanceSearch/historicalBuilding/20181127000001</a>","[{'classification': '指定/登錄', 'officialDocNo': '府授文資字第1070127301號', 'registerDate': '2018-07-03 20:04:42.041'}]",戲劇院,嘉義縣
1335,20181212000001,福興宮,"{'code': 'A2', 'name': '寺廟'}",歷史建築登錄廢止審查及輔助辦法第2條第1項第1、4款評定標準,121.551383,25.002255,"{'itemNo': 1, 'cityName': '臺北市', 'distName': '文山區', 'address': '福興路5號'}",臺北市政府文化局,文化資產科,臺北市信義區市府路1號4樓東北區,(02)2720-8889,"<a href=""http://nchdb.boch.gov.tw/assets/advanceSearch/historicalBuilding/20181212000001"" target=""_blank"">http://nchdb.boch.gov.tw/assets/advanceSearch/historicalBuilding/20181212000001</a>","[{'classification': '指定/登錄', 'officialDocNo': '北市文化文資字第10430458900號', 'registerDate': '2015-11-18 00:00:00.0', 'note': '登錄'}, {'classification': '變更/修正', 'officialDocNo': '北市文化文字字第10930161841號', 'registerDate': '2020-03-27 00:00:00.0', 'note': '新增定著土地範圍，並廢止原公告歷史建築定著土地範圍之地號及面積部份'}]",寺廟,臺北市
1336,20181225000003,原臺北第二師範學校警衛室,"{'code': 'A99', 'name': '其他設施', 'other': '警衛室'}",<<歷史建築紀念建築登錄廢止審查及輔助辦法>>第2條第1項第2、3款,121.54647554895239,25.024268764323086,"{'itemNo': 1, 'cityName': '臺北市', 'distName': '大安區', 'address': '和平東路二段136巷19號'}",臺北市政府文化局,文化資產科,臺北市信義區市府路1號4樓東北區,(02)2720-8889,"<a href=""http://nchdb.boch.gov.tw/assets/advanceSearch/historicalBuilding/20181225000003"" target=""_blank"">http://nchdb.boch.gov.tw/assets/advanceSearch/historicalBuilding/20181225000003</a>","[{'classification': '指定/登錄', 'officialDocNo': '北市文化文資字第10760248561號', 'registerDate': '2018-11-09 00:00:00.0', 'note': '登錄歷史建築'}]",其他設施,臺北市
1337,20181225000004,迪化街一段130號店屋,"{'code': 'A3', 'name': '宅第'}",<<歷史建築紀念建築登錄廢止審查及輔助辦法>>第2條第1項第1、2、3款,121.5097165,25.0572154,"{'itemNo': 1, 'cityName': '臺北市', 'distName': '大同區', 'address': '迪化街1段130號'}",臺北市政府文化局,文化資產科,臺北市信義區市府路1號4樓東北區,(02)2720-8889,"<a href=""http://nchdb.boch.gov.tw/assets/advanceSearch/historicalBuilding/20181225000004"" target=""_blank"">http://nchdb.boch.gov.tw/assets/advanceSearch/historicalBuilding/20181225000004</a>","[{'classification': '指定/登錄', 'officialDocNo': '北市文化文資字第10760255041 號', 'registerDate': '2018-11-20 00:00:00.0', 'note': '登錄歷史建築'}]",宅第,臺北市
1338,20181225000008,台鐵舊宿舍群40巷25號、25號北側(防空洞),"{'code': 'A99', 'name': '其他設施', 'other': '其他場域'}",<<歷史建築紀念建築登錄廢止審查及輔助辦法>>第2條第1項第2款,120.54042700000002,24.0872989,"{'itemNo': 1, 'cityName': '彰化縣', 'distName': '彰化市', 'address': '彰美路一段40巷25號、25號北側'}",彰化縣政府,彰化縣文化局,彰化市卦山路3號,04-7292201,"<a href=""http://nchdb.boch.gov.tw/assets/advanceSearch/historicalBuilding/20181225000008"" target=""_blank"">http://nchdb.boch.gov.tw/assets/advanceSearch/historicalBuilding/20181225000008</a>","[{'classification': '指定/登錄', 'officialDocNo': '府授文資字第1070356101B號', 'registerDate': '2018-10-16 19:40:08.458'}]",其他設施,彰化縣
1339,20181226000003,理新礦業股份有限公司台灣閃玉礦業事務所,"{'code': 'A16', 'name': '產業'}",文化資產保存法第18條、歷史建築紀念建築登錄廢止審查及輔助辦法第2條第1項第2款、第3款。,121.454034,23.862377,"{'itemNo': 1, 'cityName': '花蓮縣', 'distName': '壽豐鄉', 'address': '豐山村山邊路二段83巷17號'}",花蓮縣文化局,文化資產科,花蓮縣文復路6號,03-8227121#316,"<a href=""http://nchdb.boch.gov.tw/assets/advanceSearch/historicalBuilding/20181226000003"" target=""_blank"">http://nchdb.boch.gov.tw/assets/advanceSearch/historicalBuilding/20181226000003</a>","[{'classification': '指定/登錄', 'officialDocNo': '府文資字第1070201202A號', 'registerDate': '2018-10-09 11:51:49.132'}]",產業,花蓮縣
1340,20190107000003,大灣謝家古厝,"{'code': 'A3', 'name': '宅第'}",<<歷史建築紀念建築登錄廢止審查及輔助辦法>>第2條第1項第1、2款,120.26576,23.00631,"{'itemNo': 1, 'cityName': '臺南市', 'distName': '永康區', 'address': '大灣五街39巷9號'}",臺南市政府,臺南市文化資產管理處,臺南市中西區中正路5巷1號3樓,06-2213569,"<a href=""http://nchdb.boch.gov.tw/assets/advanceSearch/historicalBuilding/20190107000003"" target=""_blank"">http://nchdb.boch.gov.tw/assets/advanceSearch/historicalBuilding/20190107000003</a>","[{'classification': '指定/登錄', 'officialDocNo': '府文資處字第1071388380A號', 'registerDate': '2018-12-28 14:53:17.632'}]",宅第,臺南市
1341,20190107000004,原學甲公學校校舍,"{'code': 'A24', 'name': '學校'}",<<歷史建築紀念建築登錄廢止審查及輔助辦法>>第2條第1項第2款,120.17969,23.23725,"{'itemNo': 1, 'cityName': '臺南市', 'distName': '學甲區', 'address': '天水路30號'}",臺南市政府,臺南市文化資產管理處,臺南市中西區中正路5巷1號3樓,06-2213569,"<a href=""http://nchdb.boch.gov.tw/assets/advanceSearch/historicalBuilding/20190107000004"" target=""_blank"">http://nchdb.boch.gov.tw/assets/advanceSearch/historicalBuilding/20190107000004</a>","[{'classification': '指定/登錄', 'officialDocNo': '府文資處字第1071388380A號', 'registerDate': '2018-12-28 15:21:40.054'}]",學校,臺南市
1342,20190107000006,原新營糖廠員工餐廳,"{'code': 'A16', 'name': '產業'}",<<歷史建築紀念建築登錄廢止審查及輔助辦法>>第2條第1項第3款,120.31692328594491,23.298084840975775,"{'itemNo': 1, 'cityName': '臺南市', 'distName': '新營區', 'address': '中興路與中興路66巷交會處'}",臺南市政府,臺南市文化資產管理處,臺南市中西區中正路5巷1號3樓,06-2213569,"<a href=""http://nchdb.boch.gov.tw/assets/advanceSearch/historicalBuilding/20190107000006"" target=""_blank"">http://nchdb.boch.gov.tw/assets/advanceSearch/historicalBuilding/20190107000006</a>","[{'classification': '指定/登錄', 'officialDocNo': '府文資處字第1071388380A號', 'registerDate': '2018-12-28 15:44:18.013'}]",產業,臺南市
1343,20190108000002,原電姬館,"{'code': 'A26', 'name': '戲劇院'}",<<歷史建築紀念建築登錄廢止審查及輔助辦法>>第2條第1項第2、3款登錄基準,120.24492,23.18376,"{'itemNo': 1, 'cityName': '臺南市', 'distName': '麻豆區', 'address': '中山路112號'}",臺南市政府,臺南市文化資產管理處,臺南市中西區中正路5巷1號3樓,06-2213569 ,"<a href=""http://nchdb.boch.gov.tw/assets/advanceSearch/historicalBuilding/20190108000002"" target=""_blank"">http://nchdb.boch.gov.tw/assets/advanceSearch/historicalBuilding/20190108000002</a>","[{'classification': '指定/登錄', 'officialDocNo': '府文資處字第1071281402A號', 'registerDate': '2018-11-13 09:56:19.549'}, {'classification': '變更/修正', 'officialDocNo': '府文資處字第1080074187A號', 'registerDate': '2019-01-11 00:00:00.0'}]",戲劇院,臺南市
1344,20190108000003,國際土地政策研究訓練中心,"{'code': 'A19', 'name': '機關'}",<<歷史建築登錄廢止審查及輔助辦法>>第2條第1項第3、4款,121.2977588,24.991986699999998,"{'itemNo': 1, 'cityName': '桃園市', 'distName': '桃園區', 'address': '中山路574號'}",桃園市政府文化局,文化資產科,桃園市桃園區縣府路21號,3322101*8607,"<a href=""http://nchdb.boch.gov.tw/assets/advanceSearch/historicalBuilding/20190108000003"" target=""_blank"">http://nchdb.boch.gov.tw/assets/advanceSearch/historicalBuilding/20190108000003</a>","[{'classification': '指定/登錄', 'officialDocNo': '府文資字第1070009223號', 'registerDate': '2018-02-27 10:22:11.353'}]",機關,桃園市
1345,20190108000004,原三分子日軍射擊場靶溝遺構,"{'code': 'A99', 'name': '其他設施', 'other': '軍事設施'}",<<歷史建築紀念建築登錄廢止審查及輔助辦法>>第2條第1項第2、3款,120.22603619999995,23.0037938,"{'itemNo': 1, 'cityName': '臺南市', 'distName': '北區', 'address': '林森路三段140巷67號東側'}",臺南市政府,臺南市文化資產管理處,臺南市中西區中正路5巷1號3樓,06-2213569,"<a href=""http://nchdb.boch.gov.tw/assets/advanceSearch/historicalBuilding/20190108000004"" target=""_blank"">http://nchdb.boch.gov.tw/assets/advanceSearch/historicalBuilding/20190108000004</a>","[{'classification': '指定/登錄', 'officialDocNo': '府文資處字第1071342650A號', 'registerDate': '2018-12-05 10:27:37.604'}]",其他設施,臺南市
1346,20190108000005,糖廍連灶遺構,"{'code': 'A16', 'name': '產業'}",<<歷史建築紀念建築登錄廢止審查及輔助辦法>>第2條第1項第2、3款,120.28896,23.14184,"{'itemNo': 1, 'cityName': '臺南市', 'distName': '善化區', 'address': '溪美里949-8號旁'}",臺南市政府,臺南市文化資產管理處,臺南市中西區中正路5巷1號3樓,06-2213569,"<a href=""http://nchdb.boch.gov.tw/assets/advanceSearch/historicalBuilding/20190108000005"" target=""_blank"">http://nchdb.boch.gov.tw/assets/advanceSearch/historicalBuilding/20190108000005</a>","[{'classification': '指定/登錄', 'officialDocNo': '府文資處字第1071342650A號', 'registerDate': '2018-12-05 10:44:15.08'}]",產業,臺南市
1347,20190108000007,土地改革陳列館,"{'code': 'A20', 'name': '辦公廳舍'}",<<歷史建築紀念建築登錄廢止審查及輔助辦法>>第2條第1項第2、3款,121.29851299999996,24.9918087,"{'itemNo': 1, 'cityName': '桃園市', 'distName': '桃園區', 'address': '中山路572號'}",桃園市政府文化局,文化資產科,桃園市桃園區縣府路21號,3322592*8607,"<a href=""http://nchdb.boch.gov.tw/assets/advanceSearch/historicalBuilding/20190108000007"" target=""_blank"">http://nchdb.boch.gov.tw/assets/advanceSearch/historicalBuilding/20190108000007</a>","[{'classification': '指定/登錄', 'officialDocNo': '府文資字第10701293461號', 'registerDate': '2018-06-12 14:12:25.967'}]",辦公廳舍,桃園市
1348,20190108000009,石岡消防值班臺暨宿舍,"{'code': 'A20', 'name': '辦公廳舍'}",<<歷史建築紀念建築登錄廢止審查及輔助辦法>>第2條第1項第3款,120.7752347,24.27680741,"{'itemNo': 1, 'cityName': '臺中市', 'distName': '石岡區', 'address': '豐勢路1171號及1171-1號'}",臺中市政府文化局,臺中市文化資產處,臺中市西區市府路41巷19號,04-22290280,"<a href=""http://nchdb.boch.gov.tw/assets/advanceSearch/historicalBuilding/20190108000009"" target=""_blank"">http://nchdb.boch.gov.tw/assets/advanceSearch/historicalBuilding/20190108000009</a>","[{'classification': '指定/登錄', 'officialDocNo': '府授文資古字第10702721411號', 'registerDate': '2018-11-14 17:02:43.95'}]",辦公廳舍,臺中市
1349,20190110000002,大村貢旗洋樓,"{'code': 'A3', 'name': '宅第'}",<<歷史建築紀念建築登錄廢止審查及輔助辦法>>第2條第1項第1、2、3款,120.53831109999999,23.9852636,"{'itemNo': 1, 'cityName': '彰化縣', 'distName': '大村鄉', 'address': '貢旗村貢旗一巷8號'}",彰化縣政府,彰化縣文化局,彰化縣彰化市卦山路3號,04-7292201,"<a href=""http://nchdb.boch.gov.tw/assets/advanceSearch/historicalBuilding/20190110000002"" target=""_blank"">http://nchdb.boch.gov.tw/assets/advanceSearch/historicalBuilding/20190110000002</a>","[{'classification': '指定/登錄', 'officialDocNo': '府授文資字第1070464062A號', 'registerDate': '2019-01-09 15:22:38.104'}, {'classification': '變更/修正', 'officialDocNo': '府授文資字第1120294912B號', 'registerDate': '2023-08-01 16:37:10.311', 'note': '變更登錄範圍'}]",宅第,彰化縣
1350,20190115000002,霧峰國民小學天文科學館,"{'code': 'A24', 'name': '學校'}",符合歷史建築紀念建築登錄廢止審查及輔助辦法第2條第1項第2款、第3款規定所列基準。,120.69785541494409,24.05695633,"{'itemNo': 1, 'cityName': '臺中市', 'distName': '霧峰區', 'address': '中正路736號'}",臺中市政府文化局,臺中市文化資產處,臺中市西區市府路41巷19號,04-22290280,"<a href=""http://nchdb.boch.gov.tw/assets/advanceSearch/historicalBuilding/20190115000002"" target=""_blank"">http://nchdb.boch.gov.tw/assets/advanceSearch/historicalBuilding/20190115000002</a>","[{'classification': '指定/登錄', 'officialDocNo': '府授文資古字第10703096091號', 'registerDate': '2018-12-22 14:29:29.226'}]",學校,臺中市
1351,20190117000003,延平北路二段214號店屋,"{'code': 'A3', 'name': '宅第'}",<<歷史建築紀念建築登錄廢止審查及輔助辦法>>第2條第1項第1、3款,121.511328,25.05937,"{'itemNo': 1, 'cityName': '臺北市', 'distName': '大同區', 'address': '延平北路二段214號'}",臺北市政府文化局,文化資產科,臺北市信義區市府路1號4樓東北區,(02)2720-8889,"<a href=""http://nchdb.boch.gov.tw/assets/advanceSearch/historicalBuilding/20190117000003"" target=""_blank"">http://nchdb.boch.gov.tw/assets/advanceSearch/historicalBuilding/20190117000003</a>","[{'classification': '指定/登錄', 'officialDocNo': '北市文化文資字第10760293401號', 'registerDate': '2018-12-28 00:00:00.0', 'note': '登錄歷史建築'}]",宅第,臺北市
1352,20190612000001,日本海軍第六燃料廠觸媒工廠,"{'code': 'A16', 'name': '產業'}",<<歷史建築紀念建築登錄廢止審查及輔助辦法>>第2條第1項第2、3款,121.00191199999995,24.7962591,"{'itemNo': 1, 'cityName': '新竹市', 'distName': '東區', 'address': '新竹市建功高中斜對面(光復段809地號)'}",國防部,軍備局,臺北市中山區北安路409號,（02）2311-6117,"<a href=""http://nchdb.boch.gov.tw/assets/advanceSearch/historicalBuilding/20190612000001"" target=""_blank"">http://nchdb.boch.gov.tw/assets/advanceSearch/historicalBuilding/20190612000001</a>","[{'classification': '指定/登錄', 'officialDocNo': '府授文資字第1080041941號', 'registerDate': '2019-03-07 15:18:45.341'}]",產業,新竹市
1353,20190121000001,太原第,"{'code': 'A3', 'name': '宅第'}",<<歷史建築紀念建築登錄廢止審查及輔助辦法>>第2條第1項第1、2、3款,120.9595855,24.8100051,"{'itemNo': 1, 'cityName': '新竹市', 'distName': '北區', 'address': '新竹市西大路730號'}",新竹市文化局,文化資產科,新竹市東大路二段15巷1號,03-5319756#260,"<a href=""http://nchdb.boch.gov.tw/assets/advanceSearch/historicalBuilding/20190121000001"" target=""_blank"">http://nchdb.boch.gov.tw/assets/advanceSearch/historicalBuilding/20190121000001</a>","[{'classification': '指定/登錄', 'officialDocNo': '府授文資字第1080014242號', 'registerDate': '2019-01-08 16:39:51.591'}]",宅第,新竹市
1354,20190122000002,集集樟腦出張所建築群,"{'code': 'A16', 'name': '產業'}",<<歷史建築紀念建築登錄廢止審查及輔助辦法>>第2條第1項第2、3款,120.786779,23.829135,"{'itemNo': 1, 'cityName': '南投縣', 'distName': '集集鎮', 'address': '南投縣集集鎮民生路57號'}",南投縣政府文化局,文化資產科,南投市建國路135號,049-2231191,"<a href=""http://nchdb.boch.gov.tw/assets/advanceSearch/historicalBuilding/20190122000002"" target=""_blank"">http://nchdb.boch.gov.tw/assets/advanceSearch/historicalBuilding/20190122000002</a>","[{'classification': '指定/登錄', 'officialDocNo': '府授文資字第10702955381號', 'registerDate': '2019-01-02 10:07:12.577'}, {'classification': '指定/登錄', 'officialDocNo': '府授文資字第10800135021號', 'registerDate': '2019-01-11 14:32:46.627'}, {'classification': '變更/修正', 'officialDocNo': '府授文資字第1120273264號', 'registerDate': '2023-12-04 14:34:22.303'}]",產業,南投縣
1355,20190122000001,僑光堂,"{'code': 'A22', 'name': '集會堂'}",<<歷史建築紀念建築登錄廢止審查及輔助辦法>>第2條第1項第2、3款,121.537556,25.015242,"{'itemNo': 1, 'cityName': '臺北市', 'distName': '大安區', 'address': '羅斯福路四段1號'}",臺北市政府文化局,文化資產科,臺北市信義區市府路1號4樓東北區,(02)2720-8889,"<a href=""http://nchdb.boch.gov.tw/assets/advanceSearch/historicalBuilding/20190122000001"" target=""_blank"">http://nchdb.boch.gov.tw/assets/advanceSearch/historicalBuilding/20190122000001</a>","[{'classification': '指定/登錄', 'officialDocNo': '北市文化文資字第10830064771號', 'registerDate': '2019-01-21 00:00:00.0', 'note': '無'}]",集會堂,臺北市
1356,20190125000001,番路民和國小日式宿舍,"{'code': 'A3', 'name': '宅第'}",《歷史建築紀念建築登錄廢止審查及輔助辦法》第2條第1項第1、2、3款指定基準。,120.55419899999993,23.464502799999998,"{'itemNo': 1, 'cityName': '嘉義縣', 'distName': '番路鄉', 'address': '下坑村菜公店90號'}",文化觀光局,文化資產科,嘉義縣太保市東勢里太子大道158號,053628123-317,"<a href=""http://nchdb.boch.gov.tw/assets/advanceSearch/historicalBuilding/20190125000001"" target=""_blank"">http://nchdb.boch.gov.tw/assets/advanceSearch/historicalBuilding/20190125000001</a>","[{'classification': '指定/登錄', 'officialDocNo': '府授文資字第1070194336號', 'registerDate': '2018-09-26 16:25:34.857'}]",宅第,嘉義縣
1357,20190314000001,慈林紀念館,"{'code': 'A99', 'name': '其他設施', 'other': '建築物類'}",文化資產保存法第廿七條之一暨歷史建築登錄及補助辦法第七條,121.77119829999992,24.7083238401411,"{'itemNo': 1, 'cityName': '宜蘭縣', 'distName': '五結鄉', 'address': '二結路339號'}",宜蘭縣政府文化局,文化資產科,宜蘭縣五結鄉中正路二段6之8號,03-9322440*652,"<a href=""http://nchdb.boch.gov.tw/assets/advanceSearch/historicalBuilding/20190314000001"" target=""_blank"">http://nchdb.boch.gov.tw/assets/advanceSearch/historicalBuilding/20190314000001</a>","[{'classification': '指定/登錄', 'officialDocNo': '九十府宜文資產字第2990號', 'registerDate': '2001-06-29 16:11:55.0'}]",其他設施,宜蘭縣
1358,20190403000001,南機場八角塔台,"{'code': 'A99', 'name': '其他設施', 'other': '建築物類'}",文化資產保存法第廿七條之一暨歷史建築登錄及補助辦法第七條。,121.7511014839805,24.7321583650848,"{'itemNo': 1, 'cityName': '宜蘭縣', 'distName': '宜蘭市', 'address': '南橋里南機場北處'}",宜蘭縣政府文化局,文化資產科,宜蘭縣五結鄉中正路二段6之8號,03-9322440*652,"<a href=""http://nchdb.boch.gov.tw/assets/advanceSearch/historicalBuilding/20190403000001"" target=""_blank"">http://nchdb.boch.gov.tw/assets/advanceSearch/historicalBuilding/20190403000001</a>","[{'classification': '指定/登錄', 'officialDocNo': '府文資字第0910003171號', 'registerDate': '2002-06-21 15:46:58.0'}, {'classification': '變更/修正', 'officialDocNo': '府文資字第0940005535號', 'registerDate': '2005-10-25 14:21:48.321', 'note': '修正歷史建築名稱'}]",其他設施,宜蘭縣
1359,20190409000001,浦邊周文献古厝,"{'code': 'A3', 'name': '宅第'}",歷史建築紀念建築登錄廢止審查及輔助辦法第 2 條第 1 項第 1、2、3 款,118.389853,24.47948,"{'itemNo': 1, 'cityName': '金門縣', 'distName': '金沙鎮', 'address': '浦邊19號（主入口）、20號（側門）'}",金門縣文化局,文化資產科,金門縣金城鎮環島北路一段66號,082-325643#812,"<a href=""http://nchdb.boch.gov.tw/assets/advanceSearch/historicalBuilding/20190409000001"" target=""_blank"">http://nchdb.boch.gov.tw/assets/advanceSearch/historicalBuilding/20190409000001</a>","[{'classification': '指定/登錄', 'officialDocNo': '府文資字第10800057181號', 'registerDate': '2019-01-16 16:01:55.03'}]",宅第,金門縣
1360,20190410000002,志生樓,"{'code': 'A20', 'name': '辦公廳舍'}",<<歷史建築紀念建築登錄廢止審查及輔助辦法>>第2條第1項第2款,121.52173,25.064468,"{'itemNo': 1, 'cityName': '臺北市', 'distName': '中山區', 'address': '中山北路3段22號'}",臺北市政府文化局,文化資產科,臺北市信義區市府路1號4樓東北區,(02)2720-8889,"<a href=""http://nchdb.boch.gov.tw/assets/advanceSearch/historicalBuilding/20190410000002"" target=""_blank"">http://nchdb.boch.gov.tw/assets/advanceSearch/historicalBuilding/20190410000002</a>","[{'classification': '指定/登錄', 'officialDocNo': '北市文化文資字第10760248171號公告', 'registerDate': '2018-11-09 00:00:00.0', 'note': '登錄歷史建築'}]",辦公廳舍,臺北市
1361,20190415000001,永成戲院,"{'code': 'A26', 'name': '戲劇院'}",<<歷史建築紀念建築登錄廢止審查及輔助辦法>>第2條第1項第2、3款,120.26835989999995,23.3190106,"{'itemNo': 1, 'cityName': '臺南市', 'distName': '鹽水區', 'address': '臺南市鹽水區水正里過港21號'}",臺南市文化資產管理處,有形文化資產組,700臺南市中西區中正路5巷1號3樓,06-2213597分機212,"<a href=""http://nchdb.boch.gov.tw/assets/advanceSearch/historicalBuilding/20190415000001"" target=""_blank"">http://nchdb.boch.gov.tw/assets/advanceSearch/historicalBuilding/20190415000001</a>","[{'classification': '指定/登錄', 'officialDocNo': '府文資處字第1080376031A', 'registerDate': '2019-04-09 14:09:02.424'}]",戲劇院,臺南市
1362,20190415000002,隆田10號糧倉,"{'code': 'A99', 'name': '其他設施', 'other': '倉庫'}",<<歷史建築紀念建築登錄廢止審查及輔助辦法>>第2條第1項第2、3款,120.32105030000002,23.1956995,"{'itemNo': 1, 'cityName': '臺南市', 'distName': '官田區', 'address': '中華路一段339號'}",臺南市政府,臺南市文化資產管理處,臺南市中西區中正路5巷1號3樓,06-2213569,"<a href=""http://nchdb.boch.gov.tw/assets/advanceSearch/historicalBuilding/20190415000002"" target=""_blank"">http://nchdb.boch.gov.tw/assets/advanceSearch/historicalBuilding/20190415000002</a>","[{'classification': '指定/登錄', 'officialDocNo': '府文資處字第1080376031A號', 'registerDate': '2019-04-09 14:37:46.326'}, {'classification': '變更/修正', 'officialDocNo': '府文資處字第1110261148A號', 'registerDate': '2022-03-01 08:50:19.851'}]",其他設施,臺南市
1363,20190415000003,台糖柳營酵母暨飼料工廠,"{'code': 'A16', 'name': '產業'}",<<歷史建築紀念建築登錄廢止審查及輔助辦法>>第2條第1項第2、3款,120.31515692355651,23.293656904544694,"{'itemNo': 1, 'cityName': '臺南市', 'distName': '柳營區', 'address': '義士路五段690號'}",臺南市政府,臺南市文化資產管理處,臺南市中西區中正路5巷1號3樓,06-2213569,"<a href=""http://nchdb.boch.gov.tw/assets/advanceSearch/historicalBuilding/20190415000003"" target=""_blank"">http://nchdb.boch.gov.tw/assets/advanceSearch/historicalBuilding/20190415000003</a>","[{'classification': '指定/登錄', 'officialDocNo': '府文資處字第1080376031A號', 'registerDate': '2019-04-09 14:52:04.374'}, {'classification': '變更/修正', 'officialDocNo': '府文資處字第1090694596A號', 'registerDate': '2020-07-16 00:00:00.0', 'note': '變更定著土地範圍'}]",產業,臺南市
1364,20190429000002,馬公水道貯水隧道,"{'code': 'A16', 'name': '產業'}",<<歷史建築紀念建築登錄廢止審查及輔助辦法>>第2條第1項第1、2、3款,119.57367,23.569891,"{'itemNo': 1, 'cityName': '澎湖縣', 'distName': '馬公市', 'address': '馬公段16、16-8、18、280、275-4地號'}",澎湖縣政府文化局,文化資產科,澎湖縣馬公市中華路230號,06-9261141#138,"<a href=""http://nchdb.boch.gov.tw/assets/advanceSearch/historicalBuilding/20190429000002"" target=""_blank"">http://nchdb.boch.gov.tw/assets/advanceSearch/historicalBuilding/20190429000002</a>","[{'classification': '指定/登錄', 'officialDocNo': '府授文資字第10837010132號', 'registerDate': '2019-04-16 09:02:18.369'}]",產業,澎湖縣
1364,20190429000002,馬公水道貯水隧道,"{'code': 'A16', 'name': '產業'}",<<歷史建築紀念建築登錄廢止審查及輔助辦法>>第2條第1項第1、2、3款,119.57367,23.569891,"{'itemNo': 2, 'cityName': '澎湖縣', 'distName': '馬公市', 'address': '文化段517、772-4、803地號'}",澎湖縣政府文化局,文化資產科,澎湖縣馬公市中華路230號,06-9261141#138,"<a href=""http://nchdb.boch.gov.tw/assets/advanceSearch/historicalBuilding/20190429000002"" target=""_blank"">http://nchdb.boch.gov.tw/assets/advanceSearch/historicalBuilding/20190429000002</a>","[{'classification': '指定/登錄', 'officialDocNo': '府授文資字第10837010132號', 'registerDate': '2019-04-16 09:02:18.369'}]",產業,澎湖縣
1365,20190422000002,原日本海軍高雄警備府(左營海軍鎮海樓),"{'code': 'A20', 'name': '辦公廳舍'}","1.	文化資產保存法第18條。
2.	歷史建築紀念建築登錄廢止審查及輔助辦法第2、4條。
3.	108年度高雄市古蹟歷史建築紀念建築聚落建築群審議會第3次會議決議。",120.28369160364377,22.688111948029345,"{'itemNo': 1, 'cityName': '高雄市', 'distName': '左營區', 'address': '高雄市左營區介壽路10號'}",高雄市政府文化局,文化資產中心,高雄市苓雅區五福一路67號,07-2225136,"<a href=""http://nchdb.boch.gov.tw/assets/advanceSearch/historicalBuilding/20190422000002"" target=""_blank"">http://nchdb.boch.gov.tw/assets/advanceSearch/historicalBuilding/20190422000002</a>","[{'classification': '指定/登錄', 'officialDocNo': '高市府文資字第10830527100號', 'registerDate': '2019-03-26 17:08:35.395'}]",辦公廳舍,高雄市
1366,20190424000001,竹山郡役所作戰指揮所(防空壕),"{'code': 'A99', 'name': '其他設施', 'other': '竹山郡役所作戰指揮所(防空壕)'}",<<歷史建築登錄廢止審查及輔助辦法>>第2條第1項第2款,120.682102,23.757801,"{'itemNo': 1, 'cityName': '南投縣', 'distName': '竹山鎮', 'address': '竹山里大禮路12巷1號旁'}",南投縣政府文化局,文化資產科,南投市建國路135號,049-2231191#409,"<a href=""http://nchdb.boch.gov.tw/assets/advanceSearch/historicalBuilding/20190424000001"" target=""_blank"">http://nchdb.boch.gov.tw/assets/advanceSearch/historicalBuilding/20190424000001</a>","[{'classification': '指定/登錄', 'officialDocNo': '府授文資字第1080085162號', 'registerDate': '2019-04-17 15:23:07.726'}]",其他設施,南投縣
1367,20190424000002,社子島李忠記宅,"{'code': 'A3', 'name': '宅第'}",<<歷史建築登錄廢止審查及輔助辦法>>第2條第1項第1、2款,121.47443181591517,25.1063153790953,"{'itemNo': 1, 'cityName': '臺北市', 'distName': '士林區', 'address': '延平北路9段86號'}",臺北市政府文化局,文化資產科,臺北市信義區市府路1號4樓東北區,(02)2720-8889,"<a href=""http://nchdb.boch.gov.tw/assets/advanceSearch/historicalBuilding/20190424000002"" target=""_blank"">http://nchdb.boch.gov.tw/assets/advanceSearch/historicalBuilding/20190424000002</a>","[{'classification': '指定/登錄', 'officialDocNo': '北市文化文資字第10530400500號', 'registerDate': '2016-06-06 00:00:00.0', 'note': '登錄歷史建築'}]",宅第,臺北市
1368,20190501000001,中山國民小學（原宮前公學校）,"{'code': 'A24', 'name': '學校'}",<<歷史建築登錄廢止審查及輔助辦法>>第2條第1項第2、3款,121.5264144,25.0630518,"{'itemNo': 1, 'cityName': '臺北市', 'distName': '中山區', 'address': '民權東路一段69號'}",臺北市政府文化局,文化資產科,臺北市信義區市府路1號4樓東北區,(02)2720-8889,"<a href=""http://nchdb.boch.gov.tw/assets/advanceSearch/historicalBuilding/20190501000001"" target=""_blank"">http://nchdb.boch.gov.tw/assets/advanceSearch/historicalBuilding/20190501000001</a>","[{'classification': '指定/登錄', 'officialDocNo': '北市文化文資字第10830058811號', 'registerDate': '2019-01-16 00:00:00.0', 'note': '無'}]",學校,臺北市
1369,20190502000001,竹山神社鳥居及竹山神社附屬設施,"{'code': 'A11', 'name': '牌坊'}",<<歷史建築登錄廢止審查及輔助辦法>>第2條、第4條,120.67169949999993,23.7578635,"{'itemNo': 1, 'cityName': '南投縣', 'distName': '竹山鎮', 'address': '南投縣竹山鎮公所路100號'}",南投縣政府文化局,文化資產科,南投縣南投市建國路135號,049-2231191,"<a href=""http://nchdb.boch.gov.tw/assets/advanceSearch/historicalBuilding/20190502000001"" target=""_blank"">http://nchdb.boch.gov.tw/assets/advanceSearch/historicalBuilding/20190502000001</a>","[{'classification': '指定/登錄', 'officialDocNo': '府授文資字第1070125051號', 'registerDate': '2018-06-06 17:01:27.731'}]",牌坊,南投縣
1370,20190502000002,台中菸葉場竹山輔導站(原專賣局臺中支局竹山葉煙草收納場),"{'code': 'A16', 'name': '產業'}",文化資產保存法第27條之1暨歷史建築登錄及輔助辦法第7條。,120.685848807186,23.7573519351418,"{'itemNo': 1, 'cityName': '南投縣', 'distName': '竹山鎮', 'address': '南投縣竹山鎮竹山里祖師街32號'}",南投縣政府文化局,文化資產科,南投縣南投市建國路135號,049-2231191,"<a href=""http://nchdb.boch.gov.tw/assets/advanceSearch/historicalBuilding/20190502000002"" target=""_blank"">http://nchdb.boch.gov.tw/assets/advanceSearch/historicalBuilding/20190502000002</a>","[{'classification': '指定/登錄', 'officialDocNo': '府授文資字第09402102930號', 'registerDate': '2005-10-21 00:00:00.0'}]",產業,南投縣
1371,20190507000001,亞洲水泥大樓,"{'code': 'A16', 'name': '產業'}",<<歷史建築紀念建築登錄廢止審查及輔助辦法>>第2條第1項第2、3款,121.5105958,25.0414802,"{'itemNo': 1, 'cityName': '臺北市', 'distName': '中正區', 'address': '臺北市中正區寶慶路27號'}",臺北市政府文化局,文化資產科,臺北市信義區市府路1號4樓東北區,(02)2720-8889,"<a href=""http://nchdb.boch.gov.tw/assets/advanceSearch/historicalBuilding/20190507000001"" target=""_blank"">http://nchdb.boch.gov.tw/assets/advanceSearch/historicalBuilding/20190507000001</a>","[{'classification': '指定/登錄', 'officialDocNo': '北市文化文資字第10830155901號', 'registerDate': '2019-04-23 00:00:00.0', 'note': '無'}]",產業,臺北市
1372,20190507000002,交通部交通事業管理小組(原臺灣省政府交通處),"{'code': 'A20', 'name': '辦公廳舍'}",依據文化資產保存法第15條暨歷史建築登錄廢止審查及輔助辦法第2條規定。,120.686142060317,23.9574843902339,"{'itemNo': 1, 'cityName': '南投縣', 'distName': '南投市', 'address': '南投市中興新村省府路6號'}",南投縣政府文化局,文化資產科,南投市建國路135號,049-2231191,"<a href=""http://nchdb.boch.gov.tw/assets/advanceSearch/historicalBuilding/20190507000002"" target=""_blank"">http://nchdb.boch.gov.tw/assets/advanceSearch/historicalBuilding/20190507000002</a>","[{'classification': '指定/登錄', 'officialDocNo': '府授文資字第10000778310號', 'registerDate': '2011-04-13 11:33:31.0'}]",辦公廳舍,南投縣
1373,20190509000001,南投稅務出張所,"{'code': 'A99', 'name': '其他設施', 'other': '官署建築'}",歷史建築登錄廢止審查及輔助辦法第二條規定：「歷史建築之登錄，應參考下列基準（1）具歷史文化價值者。,120.684303241052,23.9107560417343,"{'itemNo': 1, 'cityName': '南投縣', 'distName': '南投市', 'address': '南投市康壽里中山街260號'}",南投縣政府文化局,文化資產科,南投縣南投市建國路135號,049-2231191,"<a href=""http://nchdb.boch.gov.tw/assets/advanceSearch/historicalBuilding/20190509000001"" target=""_blank"">http://nchdb.boch.gov.tw/assets/advanceSearch/historicalBuilding/20190509000001</a>","[{'classification': '指定/登錄', 'officialDocNo': '府授文資字第09800916732號', 'registerDate': '2009-04-23 11:18:33.0'}]",其他設施,南投縣
1374,20190515000002,阿緱糖廠辦公廳舍(第一本館、第二本館、第三本館、第四本館、第五本館)					,"{'code': 'A16', 'name': '產業'}",《文化資產保存法》第15條暨歷史建築登錄廢止審查及輔助辦法,120.49317213640192,22.66127878492004,"{'itemNo': 1, 'cityName': '屏東縣', 'distName': '屏東市', 'address': '台糖街66號'}",屏東縣政府					,屏東縣文化資產保護所	,屏東縣屏東市菸廠路1號	,08-7210234,"<a href=""http://nchdb.boch.gov.tw/assets/advanceSearch/historicalBuilding/20190515000002"" target=""_blank"">http://nchdb.boch.gov.tw/assets/advanceSearch/historicalBuilding/20190515000002</a>","[{'classification': '指定/登錄', 'officialDocNo': '屏府文資字第0950122999號', 'registerDate': '2006-06-23 19:41:41.0'}]",產業,屏東縣
1375,20190523000001,舊八甲庄郵便局,"{'code': 'A20', 'name': '辦公廳舍'}",<<歷史建築紀念建築登錄廢止審查及輔助辦法>>第2條第1項第2、3款。,121.5046124,25.0366019,"{'itemNo': 1, 'cityName': '臺北市', 'distName': '萬華區', 'address': '臺北市萬華區廣州街67號'}",臺北市政府文化局,文化資產科,臺北市信義區市府路1號4樓東北區,(02)2720-8889,"<a href=""http://nchdb.boch.gov.tw/assets/advanceSearch/historicalBuilding/20190523000001"" target=""_blank"">http://nchdb.boch.gov.tw/assets/advanceSearch/historicalBuilding/20190523000001</a>","[{'classification': '指定/登錄', 'officialDocNo': '北市文化文資字第10830167581', 'registerDate': '2019-05-07 00:00:00.0', 'note': '無'}]",辦公廳舍,臺北市
1376,20190530000001,原恆春郡役所官舍,"{'code': 'A99', 'name': '其他設施', 'other': '官舍建築'}","文化資產保存法第18條
歷史建築紀念建築登錄廢止審查及輔助辦法第2條第1項第1、2、3款",120.748158,22.003551,"{'itemNo': 1, 'cityName': '屏東縣', 'distName': '恆春鎮', 'address': '文化路37號'}",屏東縣政府,屏東縣文化資產保護所,屏東縣屏東市菸廠路1號	,08-7210234,"<a href=""http://nchdb.boch.gov.tw/assets/advanceSearch/historicalBuilding/20190530000001"" target=""_blank"">http://nchdb.boch.gov.tw/assets/advanceSearch/historicalBuilding/20190530000001</a>","[{'classification': '指定/登錄', 'officialDocNo': '屏府文保字第10830188900號', 'registerDate': '2019-05-14 00:00:00.0'}]",其他設施,屏東縣
1377,20190530000003,苑裡公有零售市場,"{'code': 'A23', 'name': '市場'}",<<歷史建築紀念建築登錄廢止審查及輔助辦法>>第2條第1項第2、3款,120.6527946,24.4431801,"{'itemNo': 1, 'cityName': '苗栗縣', 'distName': '苑裡鎮', 'address': '天下路80號'}",苗栗縣政府文化觀光局,文化資產科,苗栗縣苗栗市自治路50號,037-352961#712,"<a href=""http://nchdb.boch.gov.tw/assets/advanceSearch/historicalBuilding/20190530000003"" target=""_blank"">http://nchdb.boch.gov.tw/assets/advanceSearch/historicalBuilding/20190530000003</a>","[{'classification': '指定/登錄', 'officialDocNo': '府文資字第1080004770B號', 'registerDate': '2019-04-26 00:00:00.0'}]",市場,苗栗縣
1378,20190530000004,大湖開闢紀念碑,"{'code': 'A9', 'name': '碑碣'}",<<歷史建築紀念建築登錄廢止審查及輔助辦法>>第2條第1項第2、3款,120.864417,24.419186,"{'itemNo': 1, 'cityName': '苗栗縣', 'distName': '大湖鄉', 'address': '富興村16鄰法雲禪寺11號法雲禪寺主殿後方'}",苗栗縣政府文化觀光局,文化資產科,苗栗縣苗栗市自治路50號,037-352961#712,"<a href=""http://nchdb.boch.gov.tw/assets/advanceSearch/historicalBuilding/20190530000004"" target=""_blank"">http://nchdb.boch.gov.tw/assets/advanceSearch/historicalBuilding/20190530000004</a>","[{'classification': '指定/登錄', 'officialDocNo': '府文資字1080005315B號', 'registerDate': '2019-05-09 00:00:00.0'}]",碑碣,苗栗縣
1379,20190530000007,Gogan(卡奧灣)日治彈藥軍械室,"{'code': 'A99', 'name': '其他設施', 'other': '軍事設施'}","<<文化資產保存法>>第18條
<<原住民族文化資產處理辦法>>第10條
<<歷史建築紀念建築登錄廢止審查及輔助辦法>>第2條第1項第2、3款",121.366826,24.672484,"{'itemNo': 1, 'cityName': '桃園市', 'distName': '復興區', 'address': '武能道能敢33號斜對面'}",桃園市政府文化局,文化資產科,桃園市桃園區縣府路21號,03-3322592分機8617,"<a href=""http://nchdb.boch.gov.tw/assets/advanceSearch/historicalBuilding/20190530000007"" target=""_blank"">http://nchdb.boch.gov.tw/assets/advanceSearch/historicalBuilding/20190530000007</a>","[{'classification': '指定/登錄', 'officialDocNo': '府文資字第10800641131號', 'registerDate': '2019-05-02 16:25:53.125'}]",其他設施,桃園市
1380,20190530000008,大湖震災記念塔,"{'code': 'A9', 'name': '碑碣'}",<<歷史建築紀念建築登錄廢止審查及輔助辦法>>第2條第1項第2、3款,120.86433899999997,24.4201109,"{'itemNo': 1, 'cityName': '苗栗縣', 'distName': '大湖鄉', 'address': '大寮村龜山1號法寶寺之右側便道後方菜園及竹林處'}",苗栗縣政府文化觀光局,文化資產科,苗栗縣苗栗市自治路50號,037-352961#712,"<a href=""http://nchdb.boch.gov.tw/assets/advanceSearch/historicalBuilding/20190530000008"" target=""_blank"">http://nchdb.boch.gov.tw/assets/advanceSearch/historicalBuilding/20190530000008</a>","[{'classification': '指定/登錄', 'officialDocNo': '府文資字1080005296B號', 'registerDate': '2019-05-09 00:00:00.0'}]",碑碣,苗栗縣
1381,20190531000003,外交部辦公大樓,"{'code': 'A19', 'name': '機關'}",<<歷史建築紀念建築登錄廢止審查及輔助辦法>>第2條第1項第2、3款,121.5162155,25.0387186,"{'itemNo': 1, 'cityName': '臺北市', 'distName': '中正區', 'address': '臺北市中正區凱達格蘭大道2號'}",臺北市政府文化局,文化資產科,臺北市信義區市府路1號4樓東北區,(02)2720-8889,"<a href=""http://nchdb.boch.gov.tw/assets/advanceSearch/historicalBuilding/20190531000003"" target=""_blank"">http://nchdb.boch.gov.tw/assets/advanceSearch/historicalBuilding/20190531000003</a>","[{'classification': '指定/登錄', 'officialDocNo': '北市文化文資字第10830175431號', 'registerDate': '2019-05-14 00:00:00.0', 'note': '無'}]",機關,臺北市
1382,20190606000002,永安黃家古厝,"{'code': 'A3', 'name': '宅第'}",<<歷史建築紀念建築登錄廢止審查及輔助辦法>>第2條第1項第1、2、3款,120.222956,22.816502,"{'itemNo': 1, 'cityName': '高雄市', 'distName': '永安區', 'address': '高雄市永安區永華里忠孝街29號'}",文化局,文化資產中心,高雄市苓雅區五福一路67號,(07)222-5136分機8128,"<a href=""http://nchdb.boch.gov.tw/assets/advanceSearch/historicalBuilding/20190606000002"" target=""_blank"">http://nchdb.boch.gov.tw/assets/advanceSearch/historicalBuilding/20190606000002</a>","[{'classification': '指定/登錄', 'officialDocNo': '高市府文資字第10731774500號', 'registerDate': '2018-10-23 14:50:50.505'}]",宅第,高雄市
1383,20190618000001,汐止白雲派出所,"{'code': 'A6', 'name': '衙署'}",文化資產保存法第15條暨歷史建築登錄廢止審查輔助辦法第3條。,121.641092652633,25.0376886467917,"{'itemNo': 1, 'cityName': '新北市', 'distName': '汐止區', 'address': '汐碇路436巷36號一帶'}",新北市政府,文化局,新北市板橋區中山路一段161號28樓,02-2960-3456,"<a href=""http://nchdb.boch.gov.tw/assets/advanceSearch/historicalBuilding/20190618000001"" target=""_blank"">http://nchdb.boch.gov.tw/assets/advanceSearch/historicalBuilding/20190618000001</a>","[{'classification': '指定/登錄', 'officialDocNo': '北府文資字第0980011572號', 'registerDate': '2009-08-20 18:05:14.0'}]",衙署,新北市
1384,20190618000003,井垵凸角磁氣探知機防備衛所,"{'code': 'A99', 'name': '其他設施', 'other': '軍事設施'}",<<歷史建築紀念建築登錄廢止審查及輔助辦法>>第2條第1項第1、2、3款,119.57288881347566,23.50975846628574,"{'itemNo': 1, 'cityName': '澎湖縣', 'distName': '馬公市', 'address': '井垵東段795地號'}",澎湖縣政府文化局,文化資產科,澎湖縣馬公市中華路230號,06-9261141#138,"<a href=""http://nchdb.boch.gov.tw/assets/advanceSearch/historicalBuilding/20190618000003"" target=""_blank"">http://nchdb.boch.gov.tw/assets/advanceSearch/historicalBuilding/20190618000003</a>","[{'classification': '指定/登錄', 'officialDocNo': '府授文資字第10837015052號', 'registerDate': '2019-05-31 11:11:21.45'}]",其他設施,澎湖縣
1385,20190808000004,新莊嚴禁截流塞狹圳道碑記,"{'code': 'A9', 'name': '碑碣'}",<<歷史建築紀念建築登錄廢止審查及輔助辦法>>第2條第1項第1、3款,121.45956444047545,25.03784054076814,"{'itemNo': 1, 'cityName': '新北市', 'distName': '新莊區', 'address': '中正路143號保元宮旁'}",新北市政府,文化局,新北市板橋區中山路一段161號28樓,02-29603456,"<a href=""http://nchdb.boch.gov.tw/assets/advanceSearch/historicalBuilding/20190808000004"" target=""_blank"">http://nchdb.boch.gov.tw/assets/advanceSearch/historicalBuilding/20190808000004</a>","[{'classification': '指定/登錄', 'officialDocNo': '新北府文資字第1081239684 號', 'registerDate': '2019-07-12 09:50:52.988'}]",碑碣,新北市
1386,20190702000001,淡水稅關舊港出張所,"{'code': 'A6', 'name': '衙署'}",<<歷史建築登錄廢止審查及輔助辦法>>第2條第1項第1、2、3、4款,120.940266,24.847271,"{'itemNo': 1, 'cityName': '新竹市', 'distName': '北區', 'address': '新竹市北區舊港里30-1號'}",新竹市政府,新竹市文化局文化資產科,300新竹市北區中央路109號,03-5425079,"<a href=""http://nchdb.boch.gov.tw/assets/advanceSearch/historicalBuilding/20190702000001"" target=""_blank"">http://nchdb.boch.gov.tw/assets/advanceSearch/historicalBuilding/20190702000001</a>","[{'classification': '指定/登錄', 'officialDocNo': '府授文資字第1040155922號 ', 'registerDate': '2015-10-26 00:00:00.0'}]",衙署,新竹市
1387,20190703000006,雙園街79號,"{'code': 'A3', 'name': '宅第'}",<<歷史建築紀念建築登錄廢止審查及輔助辦法>>第2條第1項第2、3款,121.4937051,25.0304642,"{'itemNo': 1, 'cityName': '臺北市', 'distName': '萬華區', 'address': '臺北市萬華區雙園街79號'}",臺北市政府文化局,文化資產科,臺北市信義區市府路1號4樓東北區,(02)2720-8889,"<a href=""http://nchdb.boch.gov.tw/assets/advanceSearch/historicalBuilding/20190703000006"" target=""_blank"">http://nchdb.boch.gov.tw/assets/advanceSearch/historicalBuilding/20190703000006</a>","[{'classification': '指定/登錄', 'officialDocNo': '北市文化文資字第10830247491號', 'registerDate': '2019-06-13 00:00:00.0', 'note': '無'}]",宅第,臺北市
1388,20190712000001,礁溪天主堂及附屬建築,"{'code': 'A10', 'name': '教堂'}",符合「歷史建築紀念建築登錄廢止審查及輔助辦法」第2條第1項第 1、2、3 款規定之登錄基準。<<歷史建築登錄廢止審查及輔助辦法>>第2條第1項第1、3、4款,121.771434,24.8258259,"{'itemNo': 1, 'cityName': '宜蘭縣', 'distName': '礁溪鄉', 'address': '礁溪路五段42號'}",宜蘭縣政府文化局,文化資產科,宜蘭縣五結鄉中正路二段6之8號,03-9322440*652,"<a href=""http://nchdb.boch.gov.tw/assets/advanceSearch/historicalBuilding/20190712000001"" target=""_blank"">http://nchdb.boch.gov.tw/assets/advanceSearch/historicalBuilding/20190712000001</a>","[{'classification': '指定/登錄', 'officialDocNo': '府文資字第1080003828B號', 'registerDate': '2019-05-22 00:00:00.0'}]",教堂,宜蘭縣
1389,20190719000001,虹廬,"{'code': 'A3', 'name': '宅第'}",<<歷史建築紀念建築登錄廢止審查及輔助辦法>>第2條第1項第2、3款,121.53416631551103,25.040106550410215,"{'itemNo': 1, 'cityName': '臺北市', 'distName': '大安區', 'address': '濟南路三段18號'}",臺北市政府文化局,文化資產科,臺北市信義區市府路1號4樓東北區,(02)2720-8889,"<a href=""http://nchdb.boch.gov.tw/assets/advanceSearch/historicalBuilding/20190719000001"" target=""_blank"">http://nchdb.boch.gov.tw/assets/advanceSearch/historicalBuilding/20190719000001</a>","[{'classification': '指定/登錄', 'officialDocNo': '北市文化文資字第10830261361號', 'registerDate': '2019-07-01 00:00:00.0', 'note': '無'}]",宅第,臺北市
1390,20190724000001,澎防部建築群,"{'code': 'A99', 'name': '其他設施', 'other': '建築群'}",<<歷史建築紀念建築登錄廢止審查及輔助辦法>>第2條第1項第2、3款,119.561743,23.565390999999998,"{'itemNo': 1, 'cityName': '澎湖縣', 'distName': '馬公市', 'address': '馬公段2652-4地號'}",澎湖縣政府文化局,文化資產科,澎湖縣馬公市中華路230號,06-9261141#138,"<a href=""http://nchdb.boch.gov.tw/assets/advanceSearch/historicalBuilding/20190724000001"" target=""_blank"">http://nchdb.boch.gov.tw/assets/advanceSearch/historicalBuilding/20190724000001</a>","[{'classification': '指定/登錄', 'officialDocNo': '府授文資字第10837022441號', 'registerDate': '2019-07-23 10:37:50.738'}]",其他設施,澎湖縣
1391,20190730000002,樹林石頭溪圳道及改修碑,"{'code': 'A99', 'name': '其他設施', 'other': '水利設施'}",<<歷史建築紀念建築登錄廢止審查及輔助辦法>>第2條第1項第3款,121.37013,24.9534,"{'itemNo': 1, 'cityName': '新北市', 'distName': '樹林區', 'address': '西園段1186、1187、1188、1191、2194地號(皆為部分)'}",新北市政府,文化局,新北市板橋區中山路一段161號28樓,(02)29603456,"<a href=""http://nchdb.boch.gov.tw/assets/advanceSearch/historicalBuilding/20190730000002"" target=""_blank"">http://nchdb.boch.gov.tw/assets/advanceSearch/historicalBuilding/20190730000002</a>","[{'classification': '指定/登錄', 'officialDocNo': '新北府文資字第1080735605號', 'registerDate': '2019-05-06 14:59:54.056'}]",其他設施,新北市
1391,20190730000002,樹林石頭溪圳道及改修碑,"{'code': 'A9', 'name': '碑碣'}",<<歷史建築紀念建築登錄廢止審查及輔助辦法>>第2條第1項第3款,121.37013,24.9534,"{'itemNo': 1, 'cityName': '新北市', 'distName': '樹林區', 'address': '西園段1186、1187、1188、1191、2194地號(皆為部分)'}",新北市政府,文化局,新北市板橋區中山路一段161號28樓,(02)29603456,"<a href=""http://nchdb.boch.gov.tw/assets/advanceSearch/historicalBuilding/20190730000002"" target=""_blank"">http://nchdb.boch.gov.tw/assets/advanceSearch/historicalBuilding/20190730000002</a>","[{'classification': '指定/登錄', 'officialDocNo': '新北府文資字第1080735605號', 'registerDate': '2019-05-06 14:59:54.056'}]",碑碣,新北市
1392,20201202000007,路竹洪宗沛宅,"{'code': 'A3', 'name': '宅第'}",<<歷史建築登錄廢止審查及輔助辦法>>第2條第1項第1、3款,120.254667,22.857091,"{'itemNo': 1, 'cityName': '高雄市', 'distName': '路竹區', 'address': '文南里五公路17巷1號'}",高雄市政府文化局,文化資產中心,高雄市苓雅區五福一路67號,(07)222-5136分機8725,"<a href=""http://nchdb.boch.gov.tw/assets/advanceSearch/historicalBuilding/20201202000007"" target=""_blank"">http://nchdb.boch.gov.tw/assets/advanceSearch/historicalBuilding/20201202000007</a>","[{'classification': '指定/登錄', 'officialDocNo': '高市府文資字第10830844400號', 'registerDate': '2019-05-13 16:32:43.83'}]",宅第,高雄市
1393,20190807000004,金包里慈護宮,"{'code': 'A2', 'name': '寺廟'}",<<歷史建築紀念建築登錄廢止審查及輔助辦法>>第2條第1項第1、2款,121.640294,25.220796,"{'itemNo': 1, 'cityName': '新北市', 'distName': '金山區', 'address': '金包里街16號'}",新北市政府,文化局,新北市板橋區中山路一段161號28樓,(02)29603456,"<a href=""http://nchdb.boch.gov.tw/assets/advanceSearch/historicalBuilding/20190807000004"" target=""_blank"">http://nchdb.boch.gov.tw/assets/advanceSearch/historicalBuilding/20190807000004</a>","[{'classification': '指定/登錄', 'officialDocNo': '新北府文資字第1081040675號', 'registerDate': '2019-06-17 17:30:51.206'}]",寺廟,新北市
1394,20190805000002,鎮南聖神宮,"{'code': 'A2', 'name': '寺廟'}",《文化資產保存法》第18條暨歷史建築紀念建築登錄廢止審查及輔助辦法第2條第1項登錄基準第1–3款規定。,120.45580710000002,23.4776764,"{'itemNo': 1, 'cityName': '嘉義市', 'distName': '東區', 'address': '600嘉義市東區共和路118號'}",嘉義市政府文化局,文化資產科,嘉義市忠孝路275號,05-2788225#507,"<a href=""http://nchdb.boch.gov.tw/assets/advanceSearch/historicalBuilding/20190805000002"" target=""_blank"">http://nchdb.boch.gov.tw/assets/advanceSearch/historicalBuilding/20190805000002</a>","[{'classification': '指定/登錄', 'officialDocNo': '府授文資1085102669號', 'registerDate': '2019-07-04 10:34:57.99'}]",寺廟,嘉義市
1395,20190808000001,八里樂山園,"{'code': 'A99', 'name': '其他設施', 'other': '療養機構設施'}",<<歷史建築紀念建築登錄廢止審查及輔助辦法>>第2條第1項第2、3款,121.39360380768744,25.12864279503243,"{'itemNo': 1, 'cityName': '新北市', 'distName': '八里區', 'address': '中華路3段187號'}",新北市政府,文化局,新北市板橋區中山路一段161號28樓,(02)2960-3456,"<a href=""http://nchdb.boch.gov.tw/assets/advanceSearch/historicalBuilding/20190808000001"" target=""_blank"">http://nchdb.boch.gov.tw/assets/advanceSearch/historicalBuilding/20190808000001</a>","[{'classification': '指定/登錄', 'officialDocNo': '新北府文資字第1081215645號 ', 'registerDate': '2019-07-10 11:04:08.855'}, {'classification': '變更/修正', 'officialDocNo': '新北府文資字第1082104347號', 'registerDate': '2019-11-15 13:46:21.254'}]",其他設施,新北市
1396,20190808000002,台灣菸葉耕種時業改進社,"{'code': 'A16', 'name': '產業'}",<<文化資產保存法>>第15條暨<<歷史建築登錄廢止審查及輔助辦法>>第4條,120.595454,23.8544,"{'itemNo': 1, 'cityName': '彰化縣', 'distName': '田中鎮', 'address': '新庄里中南路三段310號'}",彰化縣政府,彰化縣文化局,彰化縣彰化市卦山路3號,04-7292201,"<a href=""http://nchdb.boch.gov.tw/assets/advanceSearch/historicalBuilding/20190808000002"" target=""_blank"">http://nchdb.boch.gov.tw/assets/advanceSearch/historicalBuilding/20190808000002</a>","[{'classification': '指定/登錄', 'officialDocNo': '府授文資字第1020297918號', 'registerDate': '2013-10-03 10:14:41.0'}]",產業,彰化縣
1397,20190814000001,高樹榕樘福德祠,"{'code': 'A2', 'name': '寺廟'}","文化資產保存法第18條
歷史建築紀念建築登錄廢止審查及輔助辦法第2條第1項第1、2、3款",120.585917,22.824111,"{'itemNo': 1, 'cityName': '屏東縣', 'distName': '高樹鄉', 'address': '屏東縣高樹鄉東振新段504地號'}",屏東縣文化資產保護所,有形組,屏東縣屏東市菸廠路1號	,08-7210234,"<a href=""http://nchdb.boch.gov.tw/assets/advanceSearch/historicalBuilding/20190814000001"" target=""_blank"">http://nchdb.boch.gov.tw/assets/advanceSearch/historicalBuilding/20190814000001</a>","[{'classification': '指定/登錄', 'officialDocNo': '屏府文保字第10830277200號', 'registerDate': '2019-07-03 17:47:53.243'}]",寺廟,屏東縣
1398,20190827000005,大溪和平路協興,"{'code': 'A99', 'name': '其他設施', 'other': '古市街類'}","文化資產保存法第二十七條之一、歷史建築登錄輔助辦法第七條
桃園縣九十二年九月十五日召開之歷史建築登錄審查會議決議",121.28832250000005,24.8847286,"{'itemNo': 1, 'cityName': '桃園市', 'distName': '大溪區', 'address': '和平路23號'}",桃園市政府文化局,文化資產科,桃園市桃園區縣府路21號,03-3322592分機8624,"<a href=""http://nchdb.boch.gov.tw/assets/advanceSearch/historicalBuilding/20190827000005"" target=""_blank"">http://nchdb.boch.gov.tw/assets/advanceSearch/historicalBuilding/20190827000005</a>","[{'classification': '指定/登錄', 'officialDocNo': '府文資字第0930534224號', 'registerDate': '2004-01-13 00:00:00.0'}, {'classification': '變更/修正', 'officialDocNo': '府文資字第10303236382號', 'registerDate': '2015-01-13 00:00:00.0', 'note': '行政改制'}]",其他設施,桃園市
1399,20190827000006,大溪中央路隆泰,"{'code': 'A99', 'name': '其他設施', 'other': '古市街類'}",<<歷史建築登錄廢止審查及輔助辦法>>第2條第1項第1、2、3款,121.287789517772,24.8806165642237,"{'itemNo': 1, 'cityName': '桃園市', 'distName': '大溪區', 'address': '中央路84-1號'}",桃園市政府文化局,文化資產科,桃園市桃園區縣府路21號,03-3322592分機8624,"<a href=""http://nchdb.boch.gov.tw/assets/advanceSearch/historicalBuilding/20190827000006"" target=""_blank"">http://nchdb.boch.gov.tw/assets/advanceSearch/historicalBuilding/20190827000006</a>","[{'classification': '指定/登錄', 'officialDocNo': '府文資字第0930534224號', 'registerDate': '2004-01-13 11:37:28.0'}, {'classification': '變更/修正', 'officialDocNo': '府文資字第10303236382號', 'registerDate': '2015-01-13 00:00:00.0', 'note': '行政改制'}, {'classification': '變更/修正', 'officialDocNo': '府文資字第1040169971號', 'registerDate': '2015-07-06 00:00:00.0', 'note': '變更登錄範圍'}, {'classification': '變更/修正', 'officialDocNo': '府文資字第1060241138號', 'registerDate': '2017-10-16 00:00:00.0', 'note': '變更地號與面積'}]",其他設施,桃園市
1400,20190828000001,大溪建成商行,"{'code': 'A99', 'name': '其他設施', 'other': '牌樓、騎樓'}",歷史建築登錄廢止審查及輔助辦法第2條第1項第1、2、3款,121.28637,24.88179,"{'itemNo': 1, 'cityName': '桃園市', 'distName': '大溪區', 'address': '中山路35號'}",桃園市政府文化局,文化資產科,桃園市桃園區縣府路21號,03-3322592*8624,"<a href=""http://nchdb.boch.gov.tw/assets/advanceSearch/historicalBuilding/20190828000001"" target=""_blank"">http://nchdb.boch.gov.tw/assets/advanceSearch/historicalBuilding/20190828000001</a>","[{'classification': '指定/登錄', 'officialDocNo': '府文資字第1030148727號', 'registerDate': '2014-07-02 17:55:24.0'}, {'classification': '變更/修正', 'officialDocNo': '府文資字第10303236382號 ', 'registerDate': '2015-01-13 10:27:43.359', 'note': '行政改制'}]",其他設施,桃園市
1401,20190828000002,大溪農會倉庫,"{'code': 'A16', 'name': '產業'}",<<歷史建築紀念建築登錄廢止審查及輔助辦法>>第2條第1項第2款,121.28683350000006,24.880847,"{'itemNo': 1, 'cityName': '桃園市', 'distName': '大溪區', 'address': '普濟路48號'}",桃園市政府文化局,文化資產科,桃園市桃園區縣府路21號,03-3322592分機8624,"<a href=""http://nchdb.boch.gov.tw/assets/advanceSearch/historicalBuilding/20190828000002"" target=""_blank"">http://nchdb.boch.gov.tw/assets/advanceSearch/historicalBuilding/20190828000002</a>","[{'classification': '指定/登錄', 'officialDocNo': '府文資字第1060270427號', 'registerDate': '2017-11-16 13:50:47.814'}]",產業,桃園市
1402,20190902000001,中壢龍岡圓環軍人雕像及周邊營舍,"{'code': 'A99', 'name': '其他設施', 'other': '軍事設施'}",「歷史建築紀念建築登錄廢止審查及輔助辦法」第2條第1項第1、2、3款規定,121.244109,24.925597,"{'itemNo': 1, 'cityName': '桃園市', 'distName': '中壢區', 'address': '桃園市中壢區龍岡路、龍東路、龍南路及圳南路交叉口'}",桃園市政府文化局,文化資產科,桃園市桃園區縣府路21號,03-3322592分機8611,"<a href=""http://nchdb.boch.gov.tw/assets/advanceSearch/historicalBuilding/20190902000001"" target=""_blank"">http://nchdb.boch.gov.tw/assets/advanceSearch/historicalBuilding/20190902000001</a>","[{'classification': '指定/登錄', 'officialDocNo': '府文資字第10602295321號', 'registerDate': '2017-10-23 14:04:24.208'}, {'classification': '變更/修正', 'officialDocNo': '府文資字第10801617711號', 'registerDate': '2019-07-03 00:00:00.0', 'note': '新編地號'}]",其他設施,桃園市
1403,20190911000001,三芝後厝里石滬,"{'code': 'A16', 'name': '產業'}",<<歷史建築紀念建築登錄廢止審查及輔助辦法>>第2條第1項第1、2、3款,121.4579312226814,25.25059825799681,"{'itemNo': 1, 'cityName': '新北市', 'distName': '三芝區', 'address': '後厝里淺水灣南側大片頭'}",新北市政府,文化局,新北市板橋區中山路一段161號28樓,(02)29603456,"<a href=""http://nchdb.boch.gov.tw/assets/advanceSearch/historicalBuilding/20190911000001"" target=""_blank"">http://nchdb.boch.gov.tw/assets/advanceSearch/historicalBuilding/20190911000001</a>","[{'classification': '指定/登錄', 'officialDocNo': '新北府文資字第1081238750號', 'registerDate': '2019-07-12 12:49:37.107'}]",產業,新北市
1404,20190912000001,南港闕家祖厝德成居,"{'code': 'A3', 'name': '宅第'}",歷史建築紀念建築登錄廢止審查及輔助辦法第2條第1項第1、2、3款登錄基準,121.61537658642996,25.05094792713141,"{'itemNo': 1, 'cityName': '臺北市', 'distName': '南港區', 'address': '研究院路一段120號'}",臺北市政府文化局,文化資產科,臺北市信義區市府路1號4樓東北區,(02)2720-8889,"<a href=""http://nchdb.boch.gov.tw/assets/advanceSearch/historicalBuilding/20190912000001"" target=""_blank"">http://nchdb.boch.gov.tw/assets/advanceSearch/historicalBuilding/20190912000001</a>","[{'classification': '指定/登錄', 'officialDocNo': '北市文化文資字第10630472200號公告', 'registerDate': '2017-06-27 00:00:00.0', 'note': '經臺北高等行政法院107年9月13日判決撤銷'}, {'classification': '指定/登錄', 'officialDocNo': '北市文化文資字第10830314901號公告', 'registerDate': '2019-09-05 00:00:00.0', 'note': '無'}]",宅第,臺北市
1405,20190926000001,蘆竹慎德居,"{'code': 'A3', 'name': '宅第'}",<<歷史建築紀念建築登錄廢止審查及輔助辦法>>第2條第1項第1、2、3款,121.31284416204095,25.081308514301284,"{'itemNo': 1, 'cityName': '桃園市', 'distName': '蘆竹區', 'address': '山林路二段829巷36號'}",桃園市政府文化局,文化資產科,桃園市桃園區縣府路21號,03-3322592*8624,"<a href=""http://nchdb.boch.gov.tw/assets/advanceSearch/historicalBuilding/20190926000001"" target=""_blank"">http://nchdb.boch.gov.tw/assets/advanceSearch/historicalBuilding/20190926000001</a>","[{'classification': '指定/登錄', 'officialDocNo': '府文資字第1080158657號', 'registerDate': '2019-07-15 08:51:15.928'}]",宅第,桃園市
1406,20191014000001,建港紀念碑（基隆築港殉職者紀念碑）,"{'code': 'A9', 'name': '碑碣'}",《歷史建築登錄廢止審查及輔助辦法》第2條訂定之基準，為第二項具歷史文化意義足以為時代表徵者。,121.745700304834,25.1422829341722,"{'itemNo': 1, 'cityName': '基隆市', 'distName': '中山區', 'address': '中山三路沿港西15、16 碼頭間山路上行於高遠新村旁'}",基隆市文化觀光局,文化資產科,基隆市中正區信一路181號,(02)2422-4170,"<a href=""http://nchdb.boch.gov.tw/assets/advanceSearch/historicalBuilding/20191014000001"" target=""_blank"">http://nchdb.boch.gov.tw/assets/advanceSearch/historicalBuilding/20191014000001</a>","[{'classification': '指定/登錄', 'officialDocNo': '基府教社壹字第0920006602號', 'registerDate': '2003-01-20 15:10:06.0', 'note': '公告「建港紀念碑」登錄為本市歷史建築'}]",碑碣,基隆市
1407,20191014000004,八德餘慶堂,"{'code': 'A1', 'name': '祠堂'}",<<歷史建築登錄廢止審查及輔助辦法>>第2條第1項第1、2、3款,121.28743680000002,24.9343395,"{'itemNo': 1, 'cityName': '桃園市', 'distName': '八德區', 'address': '建國路168號'}",桃園市政府文化局,文化資產科,桃園市桃園區縣府路21號,03-3322592分機8619,"<a href=""http://nchdb.boch.gov.tw/assets/advanceSearch/historicalBuilding/20191014000004"" target=""_blank"">http://nchdb.boch.gov.tw/assets/advanceSearch/historicalBuilding/20191014000004</a>","[{'classification': '指定/登錄', 'officialDocNo': '府文資字第10802051571號', 'registerDate': '2019-09-25 16:58:04.713'}]",祠堂,桃園市
1408,20191101000001,三瓜子隧道及三貂嶺舊隧道,"{'code': 'A99', 'name': '其他設施', 'other': '隧道'}",<<歷史建築紀念建築登錄廢止審查及輔助辦法>>第2條第1項第1、2、3款,121.84204030225808,25.056460987684964,"{'itemNo': 1, 'cityName': '新北市', 'distName': '瑞芳區', 'address': '瑞芳區三爪子段魚寮子小段151-1、151-8地號、雙溪區石壁坑段223-1地號、武丹坑段尪子崙坑小段57、82-1地號'}",新北市政府,文化局,新北市板橋區中山路一段161號28樓,(02)29603456#4588,"<a href=""http://nchdb.boch.gov.tw/assets/advanceSearch/historicalBuilding/20191101000001"" target=""_blank"">http://nchdb.boch.gov.tw/assets/advanceSearch/historicalBuilding/20191101000001</a>","[{'classification': '指定/登錄', 'officialDocNo': '新北府文資字1080869698號', 'registerDate': '2019-05-23 00:00:00.0'}, {'classification': '變更/修正', 'officialDocNo': '新北府文資字1081491063號', 'registerDate': '2019-08-20 16:47:18.112'}]",其他設施,新北市
1408,20191101000001,三瓜子隧道及三貂嶺舊隧道,"{'code': 'A99', 'name': '其他設施', 'other': '隧道'}",<<歷史建築紀念建築登錄廢止審查及輔助辦法>>第2條第1項第1、2、3款,121.84204030225808,25.056460987684964,"{'itemNo': 2, 'cityName': '新北市', 'distName': '雙溪區', 'address': '雙溪區石壁坑段223-1地號'}",新北市政府,文化局,新北市板橋區中山路一段161號28樓,(02)29603456#4588,"<a href=""http://nchdb.boch.gov.tw/assets/advanceSearch/historicalBuilding/20191101000001"" target=""_blank"">http://nchdb.boch.gov.tw/assets/advanceSearch/historicalBuilding/20191101000001</a>","[{'classification': '指定/登錄', 'officialDocNo': '新北府文資字1080869698號', 'registerDate': '2019-05-23 00:00:00.0'}, {'classification': '變更/修正', 'officialDocNo': '新北府文資字1081491063號', 'registerDate': '2019-08-20 16:47:18.112'}]",其他設施,新北市
1409,20210704000002,原圖南產業株式會社員工宿舍(12、14、16號),"{'code': 'A3', 'name': '宅第'}",<<歷史建築紀念建築登錄廢止審查及輔助辦法>>第2條第1項第1、2、3款,120.534746,23.706569000000002,"{'itemNo': 1, 'cityName': '雲林縣', 'distName': '斗六市', 'address': '雲林路二段16巷12號'}",雲林縣政府,文化處,雲林縣斗六巿雲林路二段310號,05-5523218,"<a href=""http://nchdb.boch.gov.tw/assets/advanceSearch/historicalBuilding/20210704000002"" target=""_blank"">http://nchdb.boch.gov.tw/assets/advanceSearch/historicalBuilding/20210704000002</a>","[{'classification': '指定/登錄', 'officialDocNo': '府文資二字第1083806896B號', 'registerDate': '2019-07-02 00:00:00.0'}, {'classification': '變更/修正', 'officialDocNo': '府文資二字第1123805892D號', 'registerDate': '2023-02-03 19:05:16.737'}, {'classification': '變更/修正', 'officialDocNo': '府文資二字第1123823251號', 'registerDate': '2023-12-07 20:42:37.194'}]",宅第,雲林縣
1409,20210704000002,原圖南產業株式會社員工宿舍(12、14、16號),"{'code': 'A3', 'name': '宅第'}",<<歷史建築紀念建築登錄廢止審查及輔助辦法>>第2條第1項第1、2、3款,120.534746,23.706569000000002,"{'itemNo': 2, 'cityName': '雲林縣', 'distName': '斗六市', 'address': '雲林路二段16巷14號'}",雲林縣政府,文化處,雲林縣斗六巿雲林路二段310號,05-5523218,"<a href=""http://nchdb.boch.gov.tw/assets/advanceSearch/historicalBuilding/20210704000002"" target=""_blank"">http://nchdb.boch.gov.tw/assets/advanceSearch/historicalBuilding/20210704000002</a>","[{'classification': '指定/登錄', 'officialDocNo': '府文資二字第1083806896B號', 'registerDate': '2019-07-02 00:00:00.0'}, {'classification': '變更/修正', 'officialDocNo': '府文資二字第1123805892D號', 'registerDate': '2023-02-03 19:05:16.737'}, {'classification': '變更/修正', 'officialDocNo': '府文資二字第1123823251號', 'registerDate': '2023-12-07 20:42:37.194'}]",宅第,雲林縣
1409,20210704000002,原圖南產業株式會社員工宿舍(12、14、16號),"{'code': 'A3', 'name': '宅第'}",<<歷史建築紀念建築登錄廢止審查及輔助辦法>>第2條第1項第1、2、3款,120.534746,23.706569000000002,"{'itemNo': 3, 'cityName': '雲林縣', 'distName': '斗六市', 'address': '雲林路二段16巷16號'}",雲林縣政府,文化處,雲林縣斗六巿雲林路二段310號,05-5523218,"<a href=""http://nchdb.boch.gov.tw/assets/advanceSearch/historicalBuilding/20210704000002"" target=""_blank"">http://nchdb.boch.gov.tw/assets/advanceSearch/historicalBuilding/20210704000002</a>","[{'classification': '指定/登錄', 'officialDocNo': '府文資二字第1083806896B號', 'registerDate': '2019-07-02 00:00:00.0'}, {'classification': '變更/修正', 'officialDocNo': '府文資二字第1123805892D號', 'registerDate': '2023-02-03 19:05:16.737'}, {'classification': '變更/修正', 'officialDocNo': '府文資二字第1123823251號', 'registerDate': '2023-12-07 20:42:37.194'}]",宅第,雲林縣
1410,20191112000001,原臺灣總督府殖產局山林課單身宿舍,"{'code': 'A3', 'name': '宅第'}",<<歷史建築紀念建築登錄廢止審查及輔助辦法>>第2條第1項第3款,121.5249012,25.0287608,"{'itemNo': 1, 'cityName': '臺北市', 'distName': '大安區', 'address': '臺北市大安區金山南路二段156巷28號'}",臺北市政府文化局,文化資產科,臺北市信義區市府路1號4樓東北區,(02)2720-8889,"<a href=""http://nchdb.boch.gov.tw/assets/advanceSearch/historicalBuilding/20191112000001"" target=""_blank"">http://nchdb.boch.gov.tw/assets/advanceSearch/historicalBuilding/20191112000001</a>","[{'classification': '指定/登錄', 'officialDocNo': '北市文化文資字第10830390821號', 'registerDate': '2019-11-05 00:00:00.0', 'note': '登錄金山南路二段156巷日式宿舍群為本市歷史建築'}, {'classification': '變更/修正', 'officialDocNo': '北市文化文資字第11330059101號', 'registerDate': '2024-01-16 00:00:00.0', 'note': '變更名稱、登錄理由'}]",宅第,臺北市
1410,20191112000001,原臺灣總督府殖產局山林課單身宿舍,"{'code': 'A3', 'name': '宅第'}",<<歷史建築紀念建築登錄廢止審查及輔助辦法>>第2條第1項第3款,121.5249012,25.0287608,"{'itemNo': 2, 'cityName': '臺北市', 'distName': '大安區', 'address': '臺北市大安區金山南路二段156巷30號'}",臺北市政府文化局,文化資產科,臺北市信義區市府路1號4樓東北區,(02)2720-8889,"<a href=""http://nchdb.boch.gov.tw/assets/advanceSearch/historicalBuilding/20191112000001"" target=""_blank"">http://nchdb.boch.gov.tw/assets/advanceSearch/historicalBuilding/20191112000001</a>","[{'classification': '指定/登錄', 'officialDocNo': '北市文化文資字第10830390821號', 'registerDate': '2019-11-05 00:00:00.0', 'note': '登錄金山南路二段156巷日式宿舍群為本市歷史建築'}, {'classification': '變更/修正', 'officialDocNo': '北市文化文資字第11330059101號', 'registerDate': '2024-01-16 00:00:00.0', 'note': '變更名稱、登錄理由'}]",宅第,臺北市
1410,20191112000001,原臺灣總督府殖產局山林課單身宿舍,"{'code': 'A3', 'name': '宅第'}",<<歷史建築紀念建築登錄廢止審查及輔助辦法>>第2條第1項第3款,121.5249012,25.0287608,"{'itemNo': 3, 'cityName': '臺北市', 'distName': '大安區', 'address': '臺北市大安區金山南路二段156巷30-1號'}",臺北市政府文化局,文化資產科,臺北市信義區市府路1號4樓東北區,(02)2720-8889,"<a href=""http://nchdb.boch.gov.tw/assets/advanceSearch/historicalBuilding/20191112000001"" target=""_blank"">http://nchdb.boch.gov.tw/assets/advanceSearch/historicalBuilding/20191112000001</a>","[{'classification': '指定/登錄', 'officialDocNo': '北市文化文資字第10830390821號', 'registerDate': '2019-11-05 00:00:00.0', 'note': '登錄金山南路二段156巷日式宿舍群為本市歷史建築'}, {'classification': '變更/修正', 'officialDocNo': '北市文化文資字第11330059101號', 'registerDate': '2024-01-16 00:00:00.0', 'note': '變更名稱、登錄理由'}]",宅第,臺北市
1410,20191112000001,原臺灣總督府殖產局山林課單身宿舍,"{'code': 'A3', 'name': '宅第'}",<<歷史建築紀念建築登錄廢止審查及輔助辦法>>第2條第1項第3款,121.5249012,25.0287608,"{'itemNo': 4, 'cityName': '臺北市', 'distName': '大安區', 'address': '臺北市大安區金山南路二段156巷30-2號'}",臺北市政府文化局,文化資產科,臺北市信義區市府路1號4樓東北區,(02)2720-8889,"<a href=""http://nchdb.boch.gov.tw/assets/advanceSearch/historicalBuilding/20191112000001"" target=""_blank"">http://nchdb.boch.gov.tw/assets/advanceSearch/historicalBuilding/20191112000001</a>","[{'classification': '指定/登錄', 'officialDocNo': '北市文化文資字第10830390821號', 'registerDate': '2019-11-05 00:00:00.0', 'note': '登錄金山南路二段156巷日式宿舍群為本市歷史建築'}, {'classification': '變更/修正', 'officialDocNo': '北市文化文資字第11330059101號', 'registerDate': '2024-01-16 00:00:00.0', 'note': '變更名稱、登錄理由'}]",宅第,臺北市
1410,20191112000001,原臺灣總督府殖產局山林課單身宿舍,"{'code': 'A3', 'name': '宅第'}",<<歷史建築紀念建築登錄廢止審查及輔助辦法>>第2條第1項第3款,121.5249012,25.0287608,"{'itemNo': 5, 'cityName': '臺北市', 'distName': '大安區', 'address': '臺北市大安區金山南路二段156巷30-3號'}",臺北市政府文化局,文化資產科,臺北市信義區市府路1號4樓東北區,(02)2720-8889,"<a href=""http://nchdb.boch.gov.tw/assets/advanceSearch/historicalBuilding/20191112000001"" target=""_blank"">http://nchdb.boch.gov.tw/assets/advanceSearch/historicalBuilding/20191112000001</a>","[{'classification': '指定/登錄', 'officialDocNo': '北市文化文資字第10830390821號', 'registerDate': '2019-11-05 00:00:00.0', 'note': '登錄金山南路二段156巷日式宿舍群為本市歷史建築'}, {'classification': '變更/修正', 'officialDocNo': '北市文化文資字第11330059101號', 'registerDate': '2024-01-16 00:00:00.0', 'note': '變更名稱、登錄理由'}]",宅第,臺北市
1410,20191112000001,原臺灣總督府殖產局山林課單身宿舍,"{'code': 'A3', 'name': '宅第'}",<<歷史建築紀念建築登錄廢止審查及輔助辦法>>第2條第1項第3款,121.5249012,25.0287608,"{'itemNo': 6, 'cityName': '臺北市', 'distName': '大安區', 'address': '臺北市大安區金山南路二段156巷32號'}",臺北市政府文化局,文化資產科,臺北市信義區市府路1號4樓東北區,(02)2720-8889,"<a href=""http://nchdb.boch.gov.tw/assets/advanceSearch/historicalBuilding/20191112000001"" target=""_blank"">http://nchdb.boch.gov.tw/assets/advanceSearch/historicalBuilding/20191112000001</a>","[{'classification': '指定/登錄', 'officialDocNo': '北市文化文資字第10830390821號', 'registerDate': '2019-11-05 00:00:00.0', 'note': '登錄金山南路二段156巷日式宿舍群為本市歷史建築'}, {'classification': '變更/修正', 'officialDocNo': '北市文化文資字第11330059101號', 'registerDate': '2024-01-16 00:00:00.0', 'note': '變更名稱、登錄理由'}]",宅第,臺北市
1410,20191112000001,原臺灣總督府殖產局山林課單身宿舍,"{'code': 'A3', 'name': '宅第'}",<<歷史建築紀念建築登錄廢止審查及輔助辦法>>第2條第1項第3款,121.5249012,25.0287608,"{'itemNo': 7, 'cityName': '臺北市', 'distName': '大安區', 'address': '臺北市大安區金山南路二段156巷32-1號'}",臺北市政府文化局,文化資產科,臺北市信義區市府路1號4樓東北區,(02)2720-8889,"<a href=""http://nchdb.boch.gov.tw/assets/advanceSearch/historicalBuilding/20191112000001"" target=""_blank"">http://nchdb.boch.gov.tw/assets/advanceSearch/historicalBuilding/20191112000001</a>","[{'classification': '指定/登錄', 'officialDocNo': '北市文化文資字第10830390821號', 'registerDate': '2019-11-05 00:00:00.0', 'note': '登錄金山南路二段156巷日式宿舍群為本市歷史建築'}, {'classification': '變更/修正', 'officialDocNo': '北市文化文資字第11330059101號', 'registerDate': '2024-01-16 00:00:00.0', 'note': '變更名稱、登錄理由'}]",宅第,臺北市
1410,20191112000001,原臺灣總督府殖產局山林課單身宿舍,"{'code': 'A3', 'name': '宅第'}",<<歷史建築紀念建築登錄廢止審查及輔助辦法>>第2條第1項第3款,121.5249012,25.0287608,"{'itemNo': 8, 'cityName': '臺北市', 'distName': '大安區', 'address': '臺北市大安區金山南路二段156巷32-2號'}",臺北市政府文化局,文化資產科,臺北市信義區市府路1號4樓東北區,(02)2720-8889,"<a href=""http://nchdb.boch.gov.tw/assets/advanceSearch/historicalBuilding/20191112000001"" target=""_blank"">http://nchdb.boch.gov.tw/assets/advanceSearch/historicalBuilding/20191112000001</a>","[{'classification': '指定/登錄', 'officialDocNo': '北市文化文資字第10830390821號', 'registerDate': '2019-11-05 00:00:00.0', 'note': '登錄金山南路二段156巷日式宿舍群為本市歷史建築'}, {'classification': '變更/修正', 'officialDocNo': '北市文化文資字第11330059101號', 'registerDate': '2024-01-16 00:00:00.0', 'note': '變更名稱、登錄理由'}]",宅第,臺北市
1410,20191112000001,原臺灣總督府殖產局山林課單身宿舍,"{'code': 'A3', 'name': '宅第'}",<<歷史建築紀念建築登錄廢止審查及輔助辦法>>第2條第1項第3款,121.5249012,25.0287608,"{'itemNo': 9, 'cityName': '臺北市', 'distName': '大安區', 'address': '臺北市大安區金山南路二段156巷32-3號'}",臺北市政府文化局,文化資產科,臺北市信義區市府路1號4樓東北區,(02)2720-8889,"<a href=""http://nchdb.boch.gov.tw/assets/advanceSearch/historicalBuilding/20191112000001"" target=""_blank"">http://nchdb.boch.gov.tw/assets/advanceSearch/historicalBuilding/20191112000001</a>","[{'classification': '指定/登錄', 'officialDocNo': '北市文化文資字第10830390821號', 'registerDate': '2019-11-05 00:00:00.0', 'note': '登錄金山南路二段156巷日式宿舍群為本市歷史建築'}, {'classification': '變更/修正', 'officialDocNo': '北市文化文資字第11330059101號', 'registerDate': '2024-01-16 00:00:00.0', 'note': '變更名稱、登錄理由'}]",宅第,臺北市
1410,20191112000001,原臺灣總督府殖產局山林課單身宿舍,"{'code': 'A3', 'name': '宅第'}",<<歷史建築紀念建築登錄廢止審查及輔助辦法>>第2條第1項第3款,121.5249012,25.0287608,"{'itemNo': 10, 'cityName': '臺北市', 'distName': '大安區', 'address': '臺北市大安區金山南路二段156巷32-4號'}",臺北市政府文化局,文化資產科,臺北市信義區市府路1號4樓東北區,(02)2720-8889,"<a href=""http://nchdb.boch.gov.tw/assets/advanceSearch/historicalBuilding/20191112000001"" target=""_blank"">http://nchdb.boch.gov.tw/assets/advanceSearch/historicalBuilding/20191112000001</a>","[{'classification': '指定/登錄', 'officialDocNo': '北市文化文資字第10830390821號', 'registerDate': '2019-11-05 00:00:00.0', 'note': '登錄金山南路二段156巷日式宿舍群為本市歷史建築'}, {'classification': '變更/修正', 'officialDocNo': '北市文化文資字第11330059101號', 'registerDate': '2024-01-16 00:00:00.0', 'note': '變更名稱、登錄理由'}]",宅第,臺北市
1411,20191114000001,新埔初級中學大禮堂						,"{'code': 'A22', 'name': '集會堂'}",<<歷史建築紀念建築登錄廢止審查及輔助辦法>>第2條第1項第1、2、3款登錄基準,121.0711998517677,24.828514724798286,"{'itemNo': 1, 'cityName': '新竹縣', 'distName': '新埔鎮', 'address': '中正路792號'}",新竹縣政府文化局,文化資產科,302新竹縣竹北市縣政九路146號,03-5510201分機600~612,"<a href=""http://nchdb.boch.gov.tw/assets/advanceSearch/historicalBuilding/20191114000001"" target=""_blank"">http://nchdb.boch.gov.tw/assets/advanceSearch/historicalBuilding/20191114000001</a>","[{'classification': '指定/登錄', 'officialDocNo': '府授文資字第1089050181號\t\t\t\t\t\t', 'registerDate': '2019-11-04 00:00:00.0'}]",集會堂,新竹縣
1412,20210702000001,原莿桐公學校木造宿舍,"{'code': 'A99', 'name': '其他設施', 'other': '校舍'}",<<歷史建築登錄廢止審查及輔助辦法>>第2條第1項第1、2、3、4款,120.49917920000007,23.757427,"{'itemNo': 1, 'cityName': '雲林縣', 'distName': '莿桐鄉', 'address': '中正路178、180號'}",雲林縣政府,文化觀光處,雲林縣斗六市大學路三段310號,(05)5523218,"<a href=""http://nchdb.boch.gov.tw/assets/advanceSearch/historicalBuilding/20210702000001"" target=""_blank"">http://nchdb.boch.gov.tw/assets/advanceSearch/historicalBuilding/20210702000001</a>","[{'classification': '指定/登錄', 'officialDocNo': '府文資字第1027408687B號', 'registerDate': '2013-09-06 12:03:08.14', 'note': '暫定古蹟'}, {'classification': '指定/登錄', 'officialDocNo': '府文資二字第1037407996B號', 'registerDate': '2014-07-29 00:00:00.0', 'note': '歷史建築'}]",其他設施,雲林縣
1413,20210702000002,原台南區合會北港分公司,"{'code': 'A99', 'name': '其他設施', 'other': ''}",<<歷史建築登錄廢止審查及輔助辦法>>第2條第1項第1、2、3、4款,120.3041581,23.5693377,"{'itemNo': 1, 'cityName': '雲林縣', 'distName': '北港鎮', 'address': '公民路37號'}",雲林縣政府,文化觀光處,雲林縣斗六市大學路三段310號,(05)5523218,"<a href=""http://nchdb.boch.gov.tw/assets/advanceSearch/historicalBuilding/20210702000002"" target=""_blank"">http://nchdb.boch.gov.tw/assets/advanceSearch/historicalBuilding/20210702000002</a>","[{'classification': '指定/登錄', 'officialDocNo': '府文資二字第1037411535B號', 'registerDate': '2014-10-20 16:55:18.899'}]",其他設施,雲林縣
1414,20191127000002,春日鄉力里溪水圳進水塔,"{'code': 'A99', 'name': '其他設施', 'other': ''}","文化資產保存法第18條
歷史建築紀念建築登錄廢止審查及輔助辦法第2條第1項第1、2、3款",120.651167,22.442833,"{'itemNo': 1, 'cityName': '屏東縣', 'distName': '春日鄉', 'address': '力里溪上游之東經120°39\'04.2""，北緯22°26\'34.2""'}",屏東縣政府,屏東縣文化資產保護所,屏東縣屏東市菸廠路1號	,08-7210234,"<a href=""http://nchdb.boch.gov.tw/assets/advanceSearch/historicalBuilding/20191127000002"" target=""_blank"">http://nchdb.boch.gov.tw/assets/advanceSearch/historicalBuilding/20191127000002</a>","[{'classification': '指定/登錄', 'officialDocNo': '屏府文保字第10830421000號', 'registerDate': '2019-10-02 09:17:07.284'}]",其他設施,屏東縣
1415,20191127000003,內埔鄉曾公英銑暨邱孺人古墓,"{'code': 'A12', 'name': '墓葬'}","文化資產保存法第18條
歷史建築紀念建築登錄廢止審查及輔助辦法第2條第1項第1、2、3款",120.56975,22.604139,"{'itemNo': 1, 'cityName': '屏東縣', 'distName': '內埔鄉', 'address': '和興段400號、400-1號地號'}",屏東縣政府,屏東縣文化資產保護所,屏東縣屏東市菸廠路1號,08-7210234,"<a href=""http://nchdb.boch.gov.tw/assets/advanceSearch/historicalBuilding/20191127000003"" target=""_blank"">http://nchdb.boch.gov.tw/assets/advanceSearch/historicalBuilding/20191127000003</a>","[{'classification': '指定/登錄', 'officialDocNo': '屏府文保字第10830423400號', 'registerDate': '2019-10-01 10:14:16.893'}]",墓葬,屏東縣
1416,20191127000004,竹田車站,"{'code': 'A7', 'name': '車站'}","文化資產保存法第18條
歷史建築紀念建築登錄廢止審查及輔助辦法第2條第1項第1、2、3款",120.539944,22.5865,"{'itemNo': 1, 'cityName': '屏東縣', 'distName': '竹田鄉', 'address': '屏東縣竹田鄉豐田路41號。'}",屏東縣政府,屏東縣文化資產保護所,屏東縣屏東市菸廠路1號	,08-7210234,"<a href=""http://nchdb.boch.gov.tw/assets/advanceSearch/historicalBuilding/20191127000004"" target=""_blank"">http://nchdb.boch.gov.tw/assets/advanceSearch/historicalBuilding/20191127000004</a>","[{'classification': '指定/登錄', 'officialDocNo': '屏府文保字第10830420800號', 'registerDate': '2019-10-02 10:44:23.148'}]",車站,屏東縣
1417,20220308000001,屏東縣佳冬鄉蕭屋洋樓					,"{'code': 'A3', 'name': '宅第'}","文化資產保存法第18條
歷史建築紀念建築登錄廢止審查及輔助辦法第2條第1項第1、2、3款					
",120.55009513918021,22.418090155067624,"{'itemNo': 1, 'cityName': '屏東縣', 'distName': '佳冬鄉', 'address': '佳冬村溝渚路151號'}",屏東縣政府	,屏東縣文化資產保護所	,屏東縣屏東市菸廠路1號,08-7210234,"<a href=""http://nchdb.boch.gov.tw/assets/advanceSearch/historicalBuilding/20220308000001"" target=""_blank"">http://nchdb.boch.gov.tw/assets/advanceSearch/historicalBuilding/20220308000001</a>","[{'classification': '指定/登錄', 'officialDocNo': '屏府文保字第10830282600號', 'registerDate': '2019-07-03 00:00:00.0'}]",宅第,屏東縣
1418,20191127000005,臺中火車站附屬設施建築群27號倉庫,"{'code': 'A99', 'name': '其他設施', 'other': '倉庫'}",文化資產保存法第18條、歷史建築紀念建築登錄廢止審查及輔助辦法第4條、第5條暨本市古蹟歷史建築紀念建築聚落建築群史蹟及文化景觀審議會108年第1次會議決議。,120.6837099,24.1355999,"{'itemNo': 1, 'cityName': '臺中市', 'distName': '東區', 'address': '臺中市東區復興路四段37巷11號'}",臺中市政府,臺中市文化資產處,403420 臺中市西區市府路41巷19號,04-22290280,"<a href=""http://nchdb.boch.gov.tw/assets/advanceSearch/historicalBuilding/20191127000005"" target=""_blank"">http://nchdb.boch.gov.tw/assets/advanceSearch/historicalBuilding/20191127000005</a>","[{'classification': '指定/登錄', 'officialDocNo': '府授文資古字第10801039471號', 'registerDate': '2019-05-23 18:11:36.063'}]",其他設施,臺中市
1419,20200520000001,雲林縣榮譽國民之家美援時期建築群,"{'code': 'A99', 'name': '其他設施', 'other': ''}",法令依據：文化資產保存法第15條暨歷史建築登錄廢止審查及輔助辦法第2條第1、2、3、4項登錄評定基準。 ,120.55890499999998,23.7040195,"{'itemNo': 1, 'cityName': '雲林縣', 'distName': '斗六市', 'address': '榮譽路160號'}",雲林縣政府,文化觀光處,雲林縣斗六市大學路三段310號,05-5523218,"<a href=""http://nchdb.boch.gov.tw/assets/advanceSearch/historicalBuilding/20200520000001"" target=""_blank"">http://nchdb.boch.gov.tw/assets/advanceSearch/historicalBuilding/20200520000001</a>","[{'classification': '指定/登錄', 'officialDocNo': '府文資二字第1037411536B號', 'registerDate': '2014-10-20 00:00:00.0'}]",其他設施,雲林縣
1420,20200910000002,斗南車站,"{'code': 'A99', 'name': '其他設施', 'other': '車站'}",文化資產保存法第15條暨歷史建築登錄廢止審查及補助辦法第2條第1、2、3、4項登陸評定基準。,120.47608079999998,23.6771369,"{'itemNo': 1, 'cityName': '雲林縣', 'distName': '斗南鎮', 'address': '雲林縣斗南鎮中山路2號'}",雲林縣政府,文化處,雲林縣斗六市大學路三段310號,05-5523159,"<a href=""http://nchdb.boch.gov.tw/assets/advanceSearch/historicalBuilding/20200910000002"" target=""_blank"">http://nchdb.boch.gov.tw/assets/advanceSearch/historicalBuilding/20200910000002</a>","[{'classification': '指定/登錄', 'officialDocNo': '府文資二字第1037414642B號', 'registerDate': '2014-12-27 17:47:49.955'}]",其他設施,雲林縣
1421,20210702000003,北港地政事務所舊宿舍,"{'code': 'A99', 'name': '其他設施', 'other': ''}",<<歷史建築登錄廢止審查及輔助辦法>>第2條第1項第1、2、3、4款,120.30483,23.569209999999998,"{'itemNo': 1, 'cityName': '雲林縣', 'distName': '北港鎮', 'address': '公民路44號'}",雲林縣政府,文化觀光處,雲林縣斗六市大學路三段310號,(05)5523218,"<a href=""http://nchdb.boch.gov.tw/assets/advanceSearch/historicalBuilding/20210702000003"" target=""_blank"">http://nchdb.boch.gov.tw/assets/advanceSearch/historicalBuilding/20210702000003</a>","[{'classification': '指定/登錄', 'officialDocNo': '府文資二字第1047400869B號', 'registerDate': '2015-01-27 00:00:00.0'}, {'classification': '指定/登錄', 'officialDocNo': '府文資二字第1047409065B號', 'registerDate': '2015-08-19 00:00:00.0'}]",其他設施,雲林縣
1422,20191211000002,瑞穗鄉慶安宮土地公廟,"{'code': 'A2', 'name': '寺廟'}",文化資產保存法第15條暨歷史建築登錄廢止審查及輔助辦法第2條規定。,121.400598843746,23.5703933352391,"{'itemNo': 1, 'cityName': '花蓮縣', 'distName': '瑞穗鄉', 'address': '花蓮縣瑞穗鄉富興村海岸山脈西麓山腳下，縣道193號78公里處，東興橋西側。'}",花蓮縣文化局,文化資產科,花蓮縣花蓮市文復路六號,03-8227121-316,"<a href=""http://nchdb.boch.gov.tw/assets/advanceSearch/historicalBuilding/20191211000002"" target=""_blank"">http://nchdb.boch.gov.tw/assets/advanceSearch/historicalBuilding/20191211000002</a>","[{'classification': '指定/登錄', 'officialDocNo': '府文資字第09705800270號', 'registerDate': '2008-03-21 00:00:00.0'}, {'classification': '變更/修正', 'officialDocNo': '府文資字第1020009557A號', 'registerDate': '2013-01-15 00:00:00.0'}]",寺廟,花蓮縣
1423,20210701000004,西螺分局長宿舍,"{'code': 'A3', 'name': '宅第'}",<<歷史建築登錄廢止審查及輔助辦法>>第2條第1項第1、2、3、4款,120.46102310356532,23.80060500079154,"{'itemNo': 1, 'cityName': '雲林縣', 'distName': '西螺鎮', 'address': '福興里公正路197巷7號'}",雲林縣政府,文化觀光處,雲林縣斗六市大學路三段310號,(05)5523218,"<a href=""http://nchdb.boch.gov.tw/assets/advanceSearch/historicalBuilding/20210701000004"" target=""_blank"">http://nchdb.boch.gov.tw/assets/advanceSearch/historicalBuilding/20210701000004</a>","[{'classification': '指定/登錄', 'officialDocNo': '府文資字第1017402338B號', 'registerDate': '2012-10-24 00:00:00.0'}, {'classification': '變更/修正', 'officialDocNo': '府文資二字第1113805567D號', 'registerDate': '2022-01-20 18:53:33.537'}]",宅第,雲林縣
1424,20210703000002,虎尾國中原工藝教室,"{'code': 'A99', 'name': '其他設施', 'other': '校舍'}",<<歷史建築登錄廢止審查及輔助辦法>>第2條第1項第1、2、3、4款,120.47791030000008,23.6737701,"{'itemNo': 1, 'cityName': '雲林縣', 'distName': '虎尾鎮', 'address': '中興路153號'}",雲林縣政府,文化觀光處,雲林縣斗六市大學路三段310號,(05)5523159,"<a href=""http://nchdb.boch.gov.tw/assets/advanceSearch/historicalBuilding/20210703000002"" target=""_blank"">http://nchdb.boch.gov.tw/assets/advanceSearch/historicalBuilding/20210703000002</a>","[{'classification': '指定/登錄', 'officialDocNo': ' 府文資二字第1063804313B號 ', 'registerDate': '2017-05-03 00:00:00.0'}]",其他設施,雲林縣
1425,20191225000002,萬華國中活動中心,"{'code': 'A24', 'name': '學校'}",《歷史建築紀念建築登錄廢止審查及輔助辦法》第2條第2、3款,121.4988346,25.0291069,"{'itemNo': 1, 'cityName': '臺北市', 'distName': '萬華區', 'address': '臺北市萬華區西藏路201號'}",臺北市政府文化局,文化資產科,臺北市信義區市府路1號4樓東北區,(02)2720-8889,"<a href=""http://nchdb.boch.gov.tw/assets/advanceSearch/historicalBuilding/20191225000002"" target=""_blank"">http://nchdb.boch.gov.tw/assets/advanceSearch/historicalBuilding/20191225000002</a>","[{'classification': '指定/登錄', 'officialDocNo': '北市文化文資字第1083042451號', 'registerDate': '2019-12-16 00:00:00.0', 'note': ' '}, {'classification': '變更/修正', 'officialDocNo': '北市文化文資字第11330285271號', 'registerDate': '2024-07-30 00:00:00.0', 'note': '縮減定著土地範圍、補充登錄理由'}]",學校,臺北市
1426,20191225000003,原巴旅館澡堂,"{'code': 'A99', 'name': '其他設施', 'other': ''}",<<歷史建築紀念建築登錄廢止審查及輔助辦法>>第2條第1項第1、2、3款,121.549286,25.146965,"{'itemNo': 1, 'cityName': '臺北市', 'distName': '士林區', 'address': '陽明路1段12號'}",臺北市政府文化局,文化資產科,臺北市信義區市府路1號4樓東北區,(02)2720-8889,"<a href=""http://nchdb.boch.gov.tw/assets/advanceSearch/historicalBuilding/20191225000003"" target=""_blank"">http://nchdb.boch.gov.tw/assets/advanceSearch/historicalBuilding/20191225000003</a>","[{'classification': '指定/登錄', 'officialDocNo': '北市文化文資字第10830407481號', 'registerDate': '2019-11-27 00:00:00.0', 'note': '無'}, {'classification': '變更/修正', 'officialDocNo': '北市文化文資字第11130427651號', 'registerDate': '2022-12-12 00:00:00.0', 'note': '新增「臺北市士林區力行段三小段603、611、612、614、 615、616、617、618 地號土地」納入本市歷史建築「原 巴旅館澡堂」範圍。'}]",其他設施,臺北市
1427,20200110000001,汐止水道布設記碑,"{'code': 'A9', 'name': '碑碣'}",<<歷史建築紀念建築登錄廢止審查及輔助辦法>>第2條第1項第1、3款,121.65912890347442,25.047502691814525,"{'itemNo': 1, 'cityName': '新北市', 'distName': '汐止區', 'address': '白雲淨水場上游200公尺處'}",新北市政府,文化局,新北市板橋區中山路一段161號28樓,02-29603456,"<a href=""http://nchdb.boch.gov.tw/assets/advanceSearch/historicalBuilding/20200110000001"" target=""_blank"">http://nchdb.boch.gov.tw/assets/advanceSearch/historicalBuilding/20200110000001</a>","[{'classification': '指定/登錄', 'officialDocNo': '新北府文資第1082328482號', 'registerDate': '2019-12-18 16:30:16.638'}, {'classification': '變更/修正', 'officialDocNo': '新北府文資第1090968566號', 'registerDate': '2020-06-02 11:39:49.552'}]",碑碣,新北市
1428,20200116000001,烏來加九寮臺車道橋樑遺構,"{'code': 'A15', 'name': '橋樑'}","<<歷史建築紀念建築登錄廢止審查及輔助辦法>>第2條第1項第1、2款之登錄基準
",121.53872939885865,24.884403345793654,"{'itemNo': 1, 'cityName': '新北市', 'distName': '烏來區', 'address': '烏沙段2、21地號'}",新北市政府,文化局,新北市板橋區中山路一段161號28樓,(02)29603456,"<a href=""http://nchdb.boch.gov.tw/assets/advanceSearch/historicalBuilding/20200116000001"" target=""_blank"">http://nchdb.boch.gov.tw/assets/advanceSearch/historicalBuilding/20200116000001</a>","[{'classification': '指定/登錄', 'officialDocNo': '新北府文資字第1081414912號', 'registerDate': '2019-12-20 14:50:05.872'}]",橋樑,新北市
1429,20200119000001,新店胡璉將軍故居,"{'code': 'A3', 'name': '宅第'}",<<歷史建築紀念建築登錄廢止審查及輔助辦法>>第2條第1項第1、2款,121.5263518,24.9624165,"{'itemNo': 1, 'cityName': '新北市', 'distName': '新店區', 'address': '安康路一段195巷10號'}",新北市政府,文化局,新北市板橋區中山路一段161號28樓,(02)29603456,"<a href=""http://nchdb.boch.gov.tw/assets/advanceSearch/historicalBuilding/20200119000001"" target=""_blank"">http://nchdb.boch.gov.tw/assets/advanceSearch/historicalBuilding/20200119000001</a>","[{'classification': '指定/登錄', 'officialDocNo': '新北府文資字第1080578541號', 'registerDate': '2019-04-10 00:00:00.0'}]",宅第,新北市
1429,20200119000001,新店胡璉將軍故居,"{'code': 'A3', 'name': '宅第'}",<<歷史建築紀念建築登錄廢止審查及輔助辦法>>第2條第1項第1、2款,121.5263518,24.9624165,"{'itemNo': 2, 'cityName': '新北市', 'distName': '新店區', 'address': '安康路一段195巷12號'}",新北市政府,文化局,新北市板橋區中山路一段161號28樓,(02)29603456,"<a href=""http://nchdb.boch.gov.tw/assets/advanceSearch/historicalBuilding/20200119000001"" target=""_blank"">http://nchdb.boch.gov.tw/assets/advanceSearch/historicalBuilding/20200119000001</a>","[{'classification': '指定/登錄', 'officialDocNo': '新北府文資字第1080578541號', 'registerDate': '2019-04-10 00:00:00.0'}]",宅第,新北市
1430,20200121000001,仁安街港務局宿舍,"{'code': 'A3', 'name': '宅第'}",《歷史建築紀念建築登錄廢止審查及輔助辦法》第2條第1項第1、2、3款,121.74724,25.14481,"{'itemNo': 1, 'cityName': '基隆市', 'distName': '中山區', 'address': '仁安街31巷11號'}",基隆市文化觀光局,文化資產科,基隆市中正區信一路181號,(02)2422-4170#385,"<a href=""http://nchdb.boch.gov.tw/assets/advanceSearch/historicalBuilding/20200121000001"" target=""_blank"">http://nchdb.boch.gov.tw/assets/advanceSearch/historicalBuilding/20200121000001</a>","[{'classification': '指定/登錄', 'officialDocNo': '府授文資壹字第1080330613號', 'registerDate': '2019-09-16 09:17:33.529', 'note': '登錄「仁安街港務局宿舍」為本市歷史建築'}]",宅第,基隆市
1431,20200121000002,舊嘉義菸葉廠,"{'code': 'A16', 'name': '產業'}",《文化資產保存法》第18條暨《歷史建築紀念建築登錄廢止審查及輔助辦法》第2條第1項第1-3款。,120.43280890146126,23.488827222693207,"{'itemNo': 1, 'cityName': '嘉義市', 'distName': '西區', 'address': '嘉義市北興街460號'}",嘉義市政府文化局,文化資產科,嘉義市忠孝路275號,05-2788225#507,"<a href=""http://nchdb.boch.gov.tw/assets/advanceSearch/historicalBuilding/20200121000002"" target=""_blank"">http://nchdb.boch.gov.tw/assets/advanceSearch/historicalBuilding/20200121000002</a>","[{'classification': '指定/登錄', 'officialDocNo': '府授文資字第1085104820號', 'registerDate': '2019-12-05 00:00:00.0'}, {'classification': '變更/修正', 'officialDocNo': '府授文資字第1105101036號', 'registerDate': '2021-03-09 00:00:00.0'}]",產業,嘉義市
1432,20200122000001,嘉義舊監獄演武場,"{'code': 'A99', 'name': '其他設施', 'other': ''}",《文化資產保存法》第18條暨《歷史建築紀念建築登錄廢止審查及輔助辦法》第2條第1項第1、2、3款登錄基準。,120.45927413722085,23.485006421755585,"{'itemNo': 1, 'cityName': '嘉義市', 'distName': '東區', 'address': '嘉義市維新路130巷8號'}",嘉義市政府文化局,文化資產科,嘉義市忠孝路275號,05-2788225#507,"<a href=""http://nchdb.boch.gov.tw/assets/advanceSearch/historicalBuilding/20200122000001"" target=""_blank"">http://nchdb.boch.gov.tw/assets/advanceSearch/historicalBuilding/20200122000001</a>","[{'classification': '指定/登錄', 'officialDocNo': '府授文資字第1085104792號', 'registerDate': '2019-12-03 15:24:53.387'}, {'classification': '變更/修正', 'officialDocNo': '府授文資字第1095103160號', 'registerDate': '2020-07-27 00:00:00.0'}]",其他設施,嘉義市
1433,20200203000001,頭汴坑警察官吏派出所,"{'code': 'A20', 'name': '辦公廳舍'}",<<歷史建築紀念建築登錄廢止審查及輔助辦法>>第2條第1項第1、2、3款,120.75061921723137,24.123467691400194,"{'itemNo': 1, 'cityName': '臺中市', 'distName': '太平區', 'address': '頭汴里長龍路2段11巷2號(現頭汴派出所後方)'}",臺中市政府文化局,臺中市文化資產處,臺中市西區市府路41巷19號,04-22290280,"<a href=""http://nchdb.boch.gov.tw/assets/advanceSearch/historicalBuilding/20200203000001"" target=""_blank"">http://nchdb.boch.gov.tw/assets/advanceSearch/historicalBuilding/20200203000001</a>","[{'classification': '指定/登錄', 'officialDocNo': '府授文資古字第10803150181號', 'registerDate': '2020-01-06 09:46:32.265'}, {'classification': '變更/修正', 'officialDocNo': '府授文資古字第1120018188號', 'registerDate': '2023-02-02 16:20:58.367'}]",辦公廳舍,臺中市
1434,20200210000001,湖底路93號房舍,"{'code': 'A3', 'name': '宅第'}",<<歷史建築紀念建築登錄廢止審查及輔助辦法>>第2條第1項第2、3款,121.538291,25.1531941,"{'itemNo': 1, 'cityName': '臺北市', 'distName': '北投區', 'address': '北投區湖底路93號'}",臺北市政府文化局,文化資產科,臺北市信義區市府路1號4樓東北區,(02)2720-8889,"<a href=""http://nchdb.boch.gov.tw/assets/advanceSearch/historicalBuilding/20200210000001"" target=""_blank"">http://nchdb.boch.gov.tw/assets/advanceSearch/historicalBuilding/20200210000001</a>","[{'classification': '指定/登錄', 'officialDocNo': '北市文化文資字第10830086911號', 'registerDate': '2019-02-26 00:00:00.0', 'note': '無'}]",宅第,臺北市
1435,20200518000002,馬崗街11、12號民宅,"{'code': 'A3', 'name': '宅第'}",<<歷史建築紀念建築登錄廢止審查及輔助辦法>>第2條第1項第1、3款,122.00189667519528,25.013519287147556,"{'itemNo': 1, 'cityName': '新北市', 'distName': '貢寮區', 'address': '馬崗街11、12號'}",新北市政府,文化局,新北市板橋區中山路一段161號28樓,(02)29603456#4549,"<a href=""http://nchdb.boch.gov.tw/assets/advanceSearch/historicalBuilding/20200518000002"" target=""_blank"">http://nchdb.boch.gov.tw/assets/advanceSearch/historicalBuilding/20200518000002</a>","[{'classification': '指定/登錄', 'officialDocNo': '新北府文資字第10823419301號', 'registerDate': '2019-12-19 17:22:37.196'}]",宅第,新北市
1436,20200215000001,金瓜石金泉寺及火葬場,"{'code': 'A99', 'name': '其他設施', 'other': '其他'}",<<歷史建築紀念建築登錄廢止審查及輔助辦法>>第2條第1項第1、2、3款,121.854521,25.111526,"{'itemNo': 1, 'cityName': '新北市', 'distName': '瑞芳區', 'address': '金瓜石段20、20-9、20-10、20-11、20-91地號'}",新北市政府,文化局,新北市板橋區中山路一段161號28樓,(02)29603456#4548,"<a href=""http://nchdb.boch.gov.tw/assets/advanceSearch/historicalBuilding/20200215000001"" target=""_blank"">http://nchdb.boch.gov.tw/assets/advanceSearch/historicalBuilding/20200215000001</a>","[{'classification': '指定/登錄', 'officialDocNo': '新北府文資字第1080431974號', 'registerDate': '2019-03-22 17:11:06.548'}]",其他設施,新北市
1436,20200215000001,金瓜石金泉寺及火葬場,"{'code': 'A2', 'name': '寺廟'}",<<歷史建築紀念建築登錄廢止審查及輔助辦法>>第2條第1項第1、2、3款,121.854521,25.111526,"{'itemNo': 1, 'cityName': '新北市', 'distName': '瑞芳區', 'address': '金瓜石段20、20-9、20-10、20-11、20-91地號'}",新北市政府,文化局,新北市板橋區中山路一段161號28樓,(02)29603456#4548,"<a href=""http://nchdb.boch.gov.tw/assets/advanceSearch/historicalBuilding/20200215000001"" target=""_blank"">http://nchdb.boch.gov.tw/assets/advanceSearch/historicalBuilding/20200215000001</a>","[{'classification': '指定/登錄', 'officialDocNo': '新北府文資字第1080431974號', 'registerDate': '2019-03-22 17:11:06.548'}]",寺廟,新北市
1437,20200217000001,六張犁高氏古厝,"{'code': 'A3', 'name': '宅第'}",<<歷史建築紀念建築登錄廢止審查及輔助辦法>>第2條第1項第1、2、3款,121.5536674,25.0217193,"{'itemNo': 1, 'cityName': '臺北市', 'distName': '大安區', 'address': '和平東路三段212巷39號、41號'}",臺北市政府文化局,文化資產科,臺北市信義區市府路1號4樓東北區,(02)2720-8889,"<a href=""http://nchdb.boch.gov.tw/assets/advanceSearch/historicalBuilding/20200217000001"" target=""_blank"">http://nchdb.boch.gov.tw/assets/advanceSearch/historicalBuilding/20200217000001</a>","[{'classification': '指定/登錄', 'officialDocNo': '北市文化文資字第10930125021號', 'registerDate': '2020-02-14 00:00:00.0', 'note': '公告'}]",宅第,臺北市
1438,20200218000001,原臺南庶民信用組合日式建物,"{'code': 'A99', 'name': '其他設施', 'other': ''}",<<歷史建築紀念建築登錄廢止審查及輔助辦法>>第2條第1項第3款,120.203545,22.9919376,"{'itemNo': 1, 'cityName': '臺南市', 'distName': '中西區', 'address': '中正路7號'}",臺南市政府,臺南市文化資產管理處,臺南市中西區中正路5巷1號3樓,06-2213569,"<a href=""http://nchdb.boch.gov.tw/assets/advanceSearch/historicalBuilding/20200218000001"" target=""_blank"">http://nchdb.boch.gov.tw/assets/advanceSearch/historicalBuilding/20200218000001</a>","[{'classification': '指定/登錄', 'officialDocNo': '南市文資字第1090137076A號', 'registerDate': '2020-01-31 10:40:22.789'}]",其他設施,臺南市
1439,20200218000002,臺南市利源巷隘門,"{'code': 'A99', 'name': '其他設施', 'other': ''}",<<歷史建築紀念建築登錄廢止審查及輔助辦法>>第2條第1項第3款,120.2013926,22.9959416,"{'itemNo': 1, 'cityName': '臺南市', 'distName': '中西區', 'address': '永福路二段197巷'}",臺南市政府,臺南市文化資產管理處,臺南市中西區中正路5巷1號3樓,06-2213569,"<a href=""http://nchdb.boch.gov.tw/assets/advanceSearch/historicalBuilding/20200218000002"" target=""_blank"">http://nchdb.boch.gov.tw/assets/advanceSearch/historicalBuilding/20200218000002</a>","[{'classification': '指定/登錄', 'officialDocNo': '南市文資字第1090137076A號', 'registerDate': '2020-01-31 10:57:54.226'}]",其他設施,臺南市
1440,20200225000002,擺接義塚大墓公,"{'code': 'A12', 'name': '墓葬'}",<<歷史建築紀念建築登錄廢止審查及輔助辦法>>第2條第1項第1款,121.44045,24.96801,"{'itemNo': 1, 'cityName': '新北市', 'distName': '土城區', 'address': '忠義路 61 號'}",新北市政府,文化局,新北市板橋區中山路一段161號28樓,(02)29603456,"<a href=""http://nchdb.boch.gov.tw/assets/advanceSearch/historicalBuilding/20200225000002"" target=""_blank"">http://nchdb.boch.gov.tw/assets/advanceSearch/historicalBuilding/20200225000002</a>","[{'classification': '指定/登錄', 'officialDocNo': '新北府文資字第1082275089號', 'registerDate': '2019-12-11 00:00:00.0'}, {'classification': '指定/登錄', 'officialDocNo': '新北府文資字第1100898272號', 'registerDate': '2021-05-17 11:28:56.173'}]",墓葬,新北市
1441,20201230000006,竹東圳入水口,"{'code': 'A16', 'name': '產業'}",歷史建築紀念建築登錄廢止審查及輔助辦法第2條第1項第1、2、3款之登錄基準。,121.095886,24.698727,"{'itemNo': 1, 'cityName': '新竹縣', 'distName': '竹東鎮', 'address': '軟橋里竹東圳第一號隧道入口'}",新竹縣政府文化局,文化資產科,302新竹縣竹北市縣政九路146號,03-5510201分機600~612,"<a href=""http://nchdb.boch.gov.tw/assets/advanceSearch/historicalBuilding/20201230000006"" target=""_blank"">http://nchdb.boch.gov.tw/assets/advanceSearch/historicalBuilding/20201230000006</a>","[{'classification': '指定/登錄', 'officialDocNo': '府授文資字第1089050073號', 'registerDate': '2019-06-11 13:46:32.361'}]",產業,新竹縣
1442,20200309000002,原金源吉宅第,"{'code': 'A3', 'name': '宅第'}",文化資產保存法第15條、歷史建築登錄廢止審查及輔助辦法第3及第4條,120.69319023558197,24.195078554690326,"{'itemNo': 1, 'cityName': '臺中市', 'distName': '北屯區', 'address': '昌平東七路與崇德十六路口'}",文化資產處,古蹟歷建課,臺中市西區市府路41巷19號,04-2229-0280,"<a href=""http://nchdb.boch.gov.tw/assets/advanceSearch/historicalBuilding/20200309000002"" target=""_blank"">http://nchdb.boch.gov.tw/assets/advanceSearch/historicalBuilding/20200309000002</a>","[{'classification': '指定/登錄', 'officialDocNo': '府授文資字第0980050619號', 'registerDate': '2009-03-10 13:38:37.165'}, {'classification': '變更/修正', 'officialDocNo': '府授文資古字第10500058061號', 'registerDate': '2016-01-19 00:00:00.0'}]",宅第,臺中市
1443,20200310000003,臺中驛第一貨物倉庫群(新民街11-17號倉庫),"{'code': 'A99', 'name': '其他設施', 'other': '倉庫'}",<<歷史建築紀念建築登錄廢止審查及輔助辦法>>第2條第1項第1、2、3款,120.6892291,24.1386199,"{'itemNo': 1, 'cityName': '臺中市', 'distName': '東區', 'address': '臺中市東區新民街51號、53號、55號、57號、59號、61號、63號、65號、67號、69號、71號、73號、75號、77號、79號'}",臺中市政府,文化資產處,403420 臺中市西區市府路41巷19號,04-22290280~205,"<a href=""http://nchdb.boch.gov.tw/assets/advanceSearch/historicalBuilding/20200310000003"" target=""_blank"">http://nchdb.boch.gov.tw/assets/advanceSearch/historicalBuilding/20200310000003</a>","[{'classification': '指定/登錄', 'officialDocNo': '府授文資古字第10500013923號', 'registerDate': '2016-01-12 00:00:00.0'}, {'classification': '變更/修正', 'officialDocNo': '府授文資古字第10501279011號', 'registerDate': '2016-06-23 00:00:00.0'}, {'classification': '變更/修正', 'officialDocNo': '府授文資古字第10801307021號', 'registerDate': '2019-06-19 00:00:00.0'}]",其他設施,臺中市
1444,20200323000001,臺灣基督長老教會文山教會,"{'code': 'A10', 'name': '教堂'}",<<歷史建築紀念建築登錄廢止審查及輔助辦法>>第2條第1項第1、3款,121.569731,24.989147,"{'itemNo': 1, 'cityName': '臺北市', 'distName': '文山區', 'address': '開元街25號'}",臺北市政府文化局,文化資產科,臺北市信義區市府路1號4樓東北區,(02)2720-8889,"<a href=""http://nchdb.boch.gov.tw/assets/advanceSearch/historicalBuilding/20200323000001"" target=""_blank"">http://nchdb.boch.gov.tw/assets/advanceSearch/historicalBuilding/20200323000001</a>","[{'classification': '指定/登錄', 'officialDocNo': '北市文化文資字10930147631號', 'registerDate': '2020-03-09 00:00:00.0', 'note': '登錄「臺灣基督長老教會文山教會」為本市歷史建築'}]",教堂,臺北市
1445,20200325000003,浦邊何敬宙洋樓,"{'code': 'A3', 'name': '宅第'}",舊版《歷史建築登陸廢止審查及補助辦法》第2條第1項第1款,118.389028,24.479254,"{'itemNo': 1, 'cityName': '金門縣', 'distName': '金沙鎮', 'address': '浦邊30號'}",金門縣文化局,文化資產科,金門縣金城鎮環島北路一段66號,082-325643#812,"<a href=""http://nchdb.boch.gov.tw/assets/advanceSearch/historicalBuilding/20200325000003"" target=""_blank"">http://nchdb.boch.gov.tw/assets/advanceSearch/historicalBuilding/20200325000003</a>","[{'classification': '指定/登錄', 'officialDocNo': '府教社字第0920057150號', 'registerDate': '2003-12-01 10:06:03.0'}, {'classification': '廢止/撤銷', 'officialDocNo': '府文資字第1090015025號', 'registerDate': '2020-02-20 09:49:01.624', 'note': '原名稱廢止'}]",宅第,金門縣
1446,20200326000001,原日軍臺中飛行場機槍堡,"{'code': 'A99', 'name': '其他設施', 'other': '軍事設施'}",文化資產保存法第15條、歷史建築登錄廢止審查及輔助辦法第3、4條規定,120.65852753775472,24.188586373298055,"{'itemNo': 1, 'cityName': '臺中市', 'distName': '北屯區', 'address': ' 臺中市北屯區經貿三路二段與經貿東路口'}",臺中市政府,臺中市文化資產處,臺中市西區市府路41巷19號,04-22290280,"<a href=""http://nchdb.boch.gov.tw/assets/advanceSearch/historicalBuilding/20200326000001"" target=""_blank"">http://nchdb.boch.gov.tw/assets/advanceSearch/historicalBuilding/20200326000001</a>","[{'classification': '指定/登錄', 'officialDocNo': '府授文資字第0950071514號', 'registerDate': '2006-04-24 10:53:11.982'}, {'classification': '變更/修正', 'officialDocNo': '府授文資古字第1030072577號', 'registerDate': '2014-04-29 00:00:00.0'}]",其他設施,臺中市
1447,20200409000003,金沙戲院,"{'code': 'A26', 'name': '戲劇院'}",《歷史建築紀念建築登錄廢止審查及輔助辦法》第2條第1項第3款,118.413132,24.488898,"{'itemNo': 1, 'cityName': '金門縣', 'distName': '金沙鎮', 'address': '復興街與中興街交會'}",金門縣文化局,文化資產科,金門縣金城鎮環島北路一段66號,082-325643#812,"<a href=""http://nchdb.boch.gov.tw/assets/advanceSearch/historicalBuilding/20200409000003"" target=""_blank"">http://nchdb.boch.gov.tw/assets/advanceSearch/historicalBuilding/20200409000003</a>","[{'classification': '指定/登錄', 'officialDocNo': '府文資字第1090018181號', 'registerDate': '2020-03-03 20:07:13.799'}, {'classification': '變更/修正', 'officialDocNo': '府文資字地1100090990號', 'registerDate': '2021-11-03 00:00:00.0'}]",戲劇院,金門縣
1448,20200414000001,大溪太武新村,"{'code': 'A99', 'name': '其他設施', 'other': '眷村'}",<<歷史建築登錄廢止審查及輔助辦法>>第2條第1項第1、2款,121.280700912287,24.9031417627622,"{'itemNo': 1, 'cityName': '桃園市', 'distName': '大溪區', 'address': '大溪鎮太武新村'}",桃園市政府文化局,文化資產科,桃園市桃園區縣府路21號,03-322592#8618,"<a href=""http://nchdb.boch.gov.tw/assets/advanceSearch/historicalBuilding/20200414000001"" target=""_blank"">http://nchdb.boch.gov.tw/assets/advanceSearch/historicalBuilding/20200414000001</a>","[{'classification': '指定/登錄', 'officialDocNo': '府文資字第0981060624號', 'registerDate': '2009-03-30 16:51:15.0'}, {'classification': '變更/修正', 'officialDocNo': '府文資字第10303236382號 ', 'registerDate': '2015-01-13 10:09:03.092', 'note': '行政改制'}]",其他設施,桃園市
1449,20200415000001,埔鹽南勢埔公館,"{'code': 'A3', 'name': '宅第'}",<<歷史建築紀念建築登錄廢止審查及輔助辦法>>第2條第1項第1、2、3款,120.45902119247397,23.99350731684323,"{'itemNo': 1, 'cityName': '彰化縣', 'distName': '埔鹽鄉', 'address': '南新村好金路65號'}",彰化縣政府,彰化縣文化局,彰化縣彰化市卦山路3號,04-7292201,"<a href=""http://nchdb.boch.gov.tw/assets/advanceSearch/historicalBuilding/20200415000001"" target=""_blank"">http://nchdb.boch.gov.tw/assets/advanceSearch/historicalBuilding/20200415000001</a>","[{'classification': '指定/登錄', 'officialDocNo': '府授文資字第1080418812B號', 'registerDate': '2019-12-04 00:00:00.0'}, {'classification': '變更/修正', 'officialDocNo': '府授文資字第1130388511B號', 'registerDate': '2024-10-15 17:16:46.864', 'note': '變更登錄範圍及理由'}]",宅第,彰化縣
1450,20200420000001,化龍一村眷舍群,"{'code': 'A3', 'name': '宅第'}",符合文化資產保存法第15條及「歷史建築登錄廢止審查及補助辦法」第2條第1項第2款登錄基準。,121.750006,24.756581,"{'itemNo': 1, 'cityName': '宜蘭縣', 'distName': '宜蘭市', 'address': '舊城西路、武營街、西後街與舊城南路圍塑之區域'}",宜蘭縣政府文化局,文化資產科,宜蘭縣五結鄉中正路二段6之8號,03-9322440*652,"<a href=""http://nchdb.boch.gov.tw/assets/advanceSearch/historicalBuilding/20200420000001"" target=""_blank"">http://nchdb.boch.gov.tw/assets/advanceSearch/historicalBuilding/20200420000001</a>","[{'classification': '指定/登錄', 'officialDocNo': '府文資字第1040001326C號', 'registerDate': '2015-03-02 00:00:00.0'}, {'classification': '變更/修正', 'officialDocNo': '府文資字第1080007520A號', 'registerDate': '2019-09-18 00:00:00.0', 'note': '新增範圍'}, {'classification': '變更/修正', 'officialDocNo': '府文資字第1080009949B號', 'registerDate': '2019-12-03 14:21:48.802', 'note': '補充範圍登錄理由及廢止原公告定著土地範圍面積及與地號'}]",宅第,宜蘭縣
1450,20200420000001,化龍一村眷舍群,"{'code': 'A3', 'name': '宅第'}",符合文化資產保存法第15條及「歷史建築登錄廢止審查及補助辦法」第2條第1項第2款登錄基準。,121.750006,24.756581,"{'itemNo': 2, 'cityName': '宜蘭縣', 'distName': '宜蘭市', 'address': '武營街與西安街路口西南側'}",宜蘭縣政府文化局,文化資產科,宜蘭縣五結鄉中正路二段6之8號,03-9322440*652,"<a href=""http://nchdb.boch.gov.tw/assets/advanceSearch/historicalBuilding/20200420000001"" target=""_blank"">http://nchdb.boch.gov.tw/assets/advanceSearch/historicalBuilding/20200420000001</a>","[{'classification': '指定/登錄', 'officialDocNo': '府文資字第1040001326C號', 'registerDate': '2015-03-02 00:00:00.0'}, {'classification': '變更/修正', 'officialDocNo': '府文資字第1080007520A號', 'registerDate': '2019-09-18 00:00:00.0', 'note': '新增範圍'}, {'classification': '變更/修正', 'officialDocNo': '府文資字第1080009949B號', 'registerDate': '2019-12-03 14:21:48.802', 'note': '補充範圍登錄理由及廢止原公告定著土地範圍面積及與地號'}]",宅第,宜蘭縣
1451,20200427000001,故新竹廳巡查五十嵐常輝外拾名之碑,"{'code': 'A9', 'name': '碑碣'}",<<歷史建築紀念建築登錄廢止審查及輔助辦法>>第2條第1項第3款,121.02684852219173,24.536498266908882,"{'itemNo': 1, 'cityName': '苗栗縣', 'distName': '南庄鄉', 'address': '風美段0346-000地號'}",苗栗縣政府文化觀光局,文化資產科,苗栗縣苗栗市自治路50號,037-352961#712,"<a href=""http://nchdb.boch.gov.tw/assets/advanceSearch/historicalBuilding/20200427000001"" target=""_blank"">http://nchdb.boch.gov.tw/assets/advanceSearch/historicalBuilding/20200427000001</a>","[{'classification': '指定/登錄', 'officialDocNo': '府文資字1080016208B號', 'registerDate': '2019-12-26 14:26:08.718'}]",碑碣,苗栗縣
1452,20200429000001,華山貨運站,"{'code': 'A7', 'name': '車站'}",<<歷史建築紀念建築登錄廢止審查及輔助辦法>>第2條第1項第1、2、3款,121.52425013433786,25.047125381013213,"{'itemNo': 1, 'cityName': '臺北市', 'distName': '中正區', 'address': '林森北路 27 號'}",臺北市政府文化局,文化資產科,臺北市信義區市府路1號4樓東北區,(02)2720-8889,"<a href=""http://nchdb.boch.gov.tw/assets/advanceSearch/historicalBuilding/20200429000001"" target=""_blank"">http://nchdb.boch.gov.tw/assets/advanceSearch/historicalBuilding/20200429000001</a>","[{'classification': '指定/登錄', 'officialDocNo': '北市文化文資字第10930158051號', 'registerDate': '2020-03-25 00:00:00.0', 'note': '第一次登錄'}]",車站,臺北市
1453,20200429000002,新埔警分局長宿舍,"{'code': 'A3', 'name': '宅第'}",歷史建築紀念建築登錄廢止審查及輔助辦法第2條第1項1、2、3款登錄基準。,121.0743414,24.8277865,"{'itemNo': 1, 'cityName': '新竹縣', 'distName': '新埔鎮', 'address': '新民里中正路475號'}",新竹縣政府文化局,文化資產科,302新竹縣竹北市縣政九路146號,03-5510201分機600~612,"<a href=""http://nchdb.boch.gov.tw/assets/advanceSearch/historicalBuilding/20200429000002"" target=""_blank"">http://nchdb.boch.gov.tw/assets/advanceSearch/historicalBuilding/20200429000002</a>","[{'classification': '指定/登錄', 'officialDocNo': '府授文資字第1099050033A號', 'registerDate': '2020-03-13 00:00:00.0'}, {'classification': '變更/修正', 'officialDocNo': '府授文資字第1119050076B號', 'registerDate': '2022-04-07 10:51:13.401'}]",宅第,新竹縣
1454,20200515000002,員林郡官舍,"{'code': 'A3', 'name': '宅第'}",<<歷史建築紀念建築登錄廢止審查及輔助辦法>>第2條第1項第1、2、3款,120.5730126,23.9596777,"{'itemNo': 1, 'cityName': '彰化縣', 'distName': '員林市', 'address': '博愛路142巷16號'}",彰化縣政府,彰化縣文化局,彰化縣彰化市卦山路3號,04-7250057,"<a href=""http://nchdb.boch.gov.tw/assets/advanceSearch/historicalBuilding/20200515000002"" target=""_blank"">http://nchdb.boch.gov.tw/assets/advanceSearch/historicalBuilding/20200515000002</a>","[{'classification': '指定/登錄', 'officialDocNo': '府授文資字第1080403969B號', 'registerDate': '2019-11-25 00:00:00.0'}, {'classification': '變更/修正', 'officialDocNo': '府授文資字第1090282423B號', 'registerDate': '2020-08-13 13:32:53.898', 'note': '補充建築本體面積'}]",宅第,彰化縣
1454,20200515000002,員林郡官舍,"{'code': 'A3', 'name': '宅第'}",<<歷史建築紀念建築登錄廢止審查及輔助辦法>>第2條第1項第1、2、3款,120.5730126,23.9596777,"{'itemNo': 2, 'cityName': '彰化縣', 'distName': '員林市', 'address': '博愛路142巷20號'}",彰化縣政府,彰化縣文化局,彰化縣彰化市卦山路3號,04-7250057,"<a href=""http://nchdb.boch.gov.tw/assets/advanceSearch/historicalBuilding/20200515000002"" target=""_blank"">http://nchdb.boch.gov.tw/assets/advanceSearch/historicalBuilding/20200515000002</a>","[{'classification': '指定/登錄', 'officialDocNo': '府授文資字第1080403969B號', 'registerDate': '2019-11-25 00:00:00.0'}, {'classification': '變更/修正', 'officialDocNo': '府授文資字第1090282423B號', 'registerDate': '2020-08-13 13:32:53.898', 'note': '補充建築本體面積'}]",宅第,彰化縣
1455,20200518000003,退輔會彰化工廠大門,"{'code': 'A99', 'name': '其他設施', 'other': '大門及圍牆'}",<<歷史建築紀念建築登錄廢止審查及輔助辦法>>第2條第1項第1、2、3款,120.988108,24.778289,"{'itemNo': 1, 'cityName': '彰化縣', 'distName': '溪州鄉', 'address': '榮光村國光路1號'}",彰化縣政府,彰化縣文化局,彰化縣彰化市卦山路3號,04-7292201,"<a href=""http://nchdb.boch.gov.tw/assets/advanceSearch/historicalBuilding/20200518000003"" target=""_blank"">http://nchdb.boch.gov.tw/assets/advanceSearch/historicalBuilding/20200518000003</a>","[{'classification': '指定/登錄', 'officialDocNo': '府授文資字第1080328864B號', 'registerDate': '2019-10-01 08:29:19.254'}, {'classification': '變更/修正', 'officialDocNo': '府授文資字第1110137242A號', 'registerDate': '2022-04-22 00:00:00.0', 'note': '調整地號'}]",其他設施,彰化縣
1456,20200528000001,原太保庄役場,"{'code': 'A19', 'name': '機關'}",《歷史建築紀念建築登錄廢止審查及輔助辦法》第2條第1項第1、2、3款登錄基準。,120.3323479,23.458967,"{'itemNo': 1, 'cityName': '嘉義縣', 'distName': '太保市', 'address': '太保里66號'}",嘉義縣文化觀光局,文化資產科,嘉義縣太保市太子大道158號,05-3628123*310,"<a href=""http://nchdb.boch.gov.tw/assets/advanceSearch/historicalBuilding/20200528000001"" target=""_blank"">http://nchdb.boch.gov.tw/assets/advanceSearch/historicalBuilding/20200528000001</a>","[{'classification': '指定/登錄', 'officialDocNo': '府授文資字第1090003219號函', 'registerDate': '2020-01-16 00:00:00.0'}]",機關,嘉義縣
1457,20200528000002,原義竹圍分教場教師宿舍,"{'code': 'A99', 'name': '其他設施', 'other': '宿舍'}",《歷史建築紀念建築登錄廢止審查及輔助辦法》第2條第1項第1、2款登錄基準。,120.2555998,23.335357899999998,"{'itemNo': 1, 'cityName': '嘉義縣', 'distName': '義竹鄉', 'address': '義竹村六桂段第14鄰239及240號'}",嘉義縣文化觀光局,文化資產科,嘉義縣太保市太子大道158號,05-3628123*310,"<a href=""http://nchdb.boch.gov.tw/assets/advanceSearch/historicalBuilding/20200528000002"" target=""_blank"">http://nchdb.boch.gov.tw/assets/advanceSearch/historicalBuilding/20200528000002</a>","[{'classification': '指定/登錄', 'officialDocNo': '府授文資字第1080267193號', 'registerDate': '2019-12-24 15:15:18.712'}]",其他設施,嘉義縣
1458,20200603000001,林邊鄉林邊村姚家古厝,"{'code': 'A3', 'name': '宅第'}","文化資產保存法第18條
歷史建築紀念建築登錄廢止審查及輔助辦法第2條第1項第1、2、3款",120.518944,22.433588,"{'itemNo': 1, 'cityName': '屏東縣', 'distName': '林邊鄉', 'address': '屏東縣林邊鄉林邊村忠孝路18號'}",屏東縣政府,屏東縣文化資產保護所,屏東縣屏東市菸廠路1號	,08-7210234,"<a href=""http://nchdb.boch.gov.tw/assets/advanceSearch/historicalBuilding/20200603000001"" target=""_blank"">http://nchdb.boch.gov.tw/assets/advanceSearch/historicalBuilding/20200603000001</a>","[{'classification': '指定/登錄', 'officialDocNo': '屏府文保字第10930273100號', 'registerDate': '2020-06-01 14:46:43.604'}]",宅第,屏東縣
1459,20200608000001,番路陸軍第五彈藥儲備庫(第一分庫)H01、H03、H07 倉庫,"{'code': 'A99', 'name': '其他設施', 'other': '軍事設施'}",《歷史建築紀念建築登錄廢止審查及輔助辦法》第2條第1項第2、3款登錄基準。,120.525978,23.457658,"{'itemNo': 1, 'cityName': '嘉義縣', 'distName': '番路鄉', 'address': '轆子腳段 141-3地號'}",嘉義縣文化觀光局,文化資產科,嘉義縣太保市太子大道158號,05-3628123*310,"<a href=""http://nchdb.boch.gov.tw/assets/advanceSearch/historicalBuilding/20200608000001"" target=""_blank"">http://nchdb.boch.gov.tw/assets/advanceSearch/historicalBuilding/20200608000001</a>","[{'classification': '指定/登錄', 'officialDocNo': '府授文資字第 1090004911 號', 'registerDate': '2020-02-11 11:25:03.032'}]",其他設施,嘉義縣
1460,20200618000002,朴子原東石神社,"{'code': 'A99', 'name': '其他設施', 'other': ''}",《歷史建築紀念建築登錄廢止審查及輔助辦法》第2條第1項第1、2款登錄基準。,120.242475,23.4644589,"{'itemNo': 1, 'cityName': '嘉義縣', 'distName': '朴子市', 'address': '山通路2之9號內'}",文化觀光局,文化資產科,嘉義縣太保市太子大道158號,05-3628123*310,"<a href=""http://nchdb.boch.gov.tw/assets/advanceSearch/historicalBuilding/20200618000002"" target=""_blank"">http://nchdb.boch.gov.tw/assets/advanceSearch/historicalBuilding/20200618000002</a>","[{'classification': '指定/登錄', 'officialDocNo': '府授文資字1080267389號', 'registerDate': '2019-12-17 14:20:40.386'}]",其他設施,嘉義縣
1461,20200623000001,原臺灣土木建築協會,"{'code': 'A20', 'name': '辦公廳舍'}",符合歷史建築紀念建築登錄廢止審查及輔助辦法第2條第1項第1、2、3款登錄基準。,121.5099849182178,25.044717488861878,"{'itemNo': 1, 'cityName': '臺北市', 'distName': '中正區', 'address': '延平南路84巷2號'}",臺北市政府文化局,文化資產科,臺北市信義區市府路1號4樓東北區,(02)2720-8889,"<a href=""http://nchdb.boch.gov.tw/assets/advanceSearch/historicalBuilding/20200623000001"" target=""_blank"">http://nchdb.boch.gov.tw/assets/advanceSearch/historicalBuilding/20200623000001</a>","[{'classification': '指定/登錄', 'officialDocNo': '北市文化文資字第10930208971號', 'registerDate': '2020-05-29 00:00:00.0', 'note': '臺北市政府文化局公告'}]",辦公廳舍,臺北市
1462,20200908000001,埔心舊館保甲事務所,"{'code': 'A6', 'name': '衙署'}",<<歷史建築紀念建築登錄廢止審查及輔助辦法>>第2條第1項第1、2、3款,120.525873,23.9481508,"{'itemNo': 1, 'cityName': '彰化縣', 'distName': '埔心鄉', 'address': '舊館村員鹿路四段184號'}",彰化縣政府,彰化縣文化局,彰化縣彰化市卦山路3號,04-7292201,"<a href=""http://nchdb.boch.gov.tw/assets/advanceSearch/historicalBuilding/20200908000001"" target=""_blank"">http://nchdb.boch.gov.tw/assets/advanceSearch/historicalBuilding/20200908000001</a>","[{'classification': '指定/登錄', 'officialDocNo': '府授文資字第1090213586B號', 'registerDate': '2020-06-24 13:44:53.862'}]",衙署,彰化縣
1463,20200706000001,大溪林宅梅鶴山莊,"{'code': 'A3', 'name': '宅第'}",<<歷史建築登錄廢止審查及輔助辦法>>第2條第1項第1、3款,121.28505515837,24.8390862028688,"{'itemNo': 1, 'cityName': '桃園市', 'distName': '大溪區', 'address': '頭寮一路111號'}",桃園市政府,文化局文化資產科,桃園市桃園區縣府路21號,03-3322592分機8618,"<a href=""http://nchdb.boch.gov.tw/assets/advanceSearch/historicalBuilding/20200706000001"" target=""_blank"">http://nchdb.boch.gov.tw/assets/advanceSearch/historicalBuilding/20200706000001</a>","[{'classification': '指定/登錄', 'officialDocNo': '府文資字第0930534224號', 'registerDate': '2004-01-13 00:00:00.0'}, {'classification': '變更/修正', 'officialDocNo': '府文資字第10303236382號 ', 'registerDate': '2015-01-13 00:00:00.0', 'note': '行政改制'}, {'classification': '變更/修正', 'officialDocNo': '府文資字第1090004677號', 'registerDate': '2020-01-15 00:00:00.0'}]",宅第,桃園市
1464,20200708000001,湯圍溫泉溝,"{'code': 'A99', 'name': '其他設施', 'other': '其他歷史遺蹟'}",文化資產保存法第廿七條之一暨歷史建築登錄及補助辦法第七條,121.769944616884,24.8287656698235,"{'itemNo': 1, 'cityName': '宜蘭縣', 'distName': '礁溪鄉', 'address': '德陽村仁愛路(春和山莊飯站旁)'}",宜蘭縣政府文化局,文化資產科,宜蘭縣五結鄉中正路二段6之8號,03-9322440*652,"<a href=""http://nchdb.boch.gov.tw/assets/advanceSearch/historicalBuilding/20200708000001"" target=""_blank"">http://nchdb.boch.gov.tw/assets/advanceSearch/historicalBuilding/20200708000001</a>","[{'classification': '指定/登錄', 'officialDocNo': '府文資字第0940005498號', 'registerDate': '2005-10-24 17:07:04.0'}]",其他設施,宜蘭縣
1465,20200717000001,天祥營區連級兵舍,"{'code': 'A99', 'name': '其他設施', 'other': '兵舍'}",<<歷史建築紀念建築登錄廢止審查及輔助辦法>>第2條第1項第1、3款,119.587009,23.566043,"{'itemNo': 1, 'cityName': '澎湖縣', 'distName': '馬公市', 'address': '中衛段1337地號'}",澎湖縣政府文化局,文化資產科,澎湖縣馬公市中華路230號,06-9261141#138,"<a href=""http://nchdb.boch.gov.tw/assets/advanceSearch/historicalBuilding/20200717000001"" target=""_blank"">http://nchdb.boch.gov.tw/assets/advanceSearch/historicalBuilding/20200717000001</a>","[{'classification': '指定/登錄', 'officialDocNo': '府授文資字10837022261號', 'registerDate': '2019-07-23 00:00:00.0'}]",其他設施,澎湖縣
1466,20200717000002,成功蕭克讓古宅,"{'code': 'A3', 'name': '宅第'}",<<歷史建築紀念建築登錄廢止審查及輔助辦法>>第2條第1項第1、3款,119.62163,23.577974,"{'itemNo': 1, 'cityName': '澎湖縣', 'distName': '湖西鄉', 'address': '成功村8號'}",澎湖縣政府文化局,文化資產科,澎湖縣馬公市中華路230號,06-9261141#138,"<a href=""http://nchdb.boch.gov.tw/assets/advanceSearch/historicalBuilding/20200717000002"" target=""_blank"">http://nchdb.boch.gov.tw/assets/advanceSearch/historicalBuilding/20200717000002</a>","[{'classification': '指定/登錄', 'officialDocNo': '府授文資字第10837039722號', 'registerDate': '2019-12-02 10:30:39.171'}]",宅第,澎湖縣
1467,20200717000003,池西41號古宅,"{'code': 'A3', 'name': '宅第'}",<<歷史建築紀念建築登錄廢止審查及輔助辦法>>第2條第1項第1、3款,119.506484,23.603483,"{'itemNo': 1, 'cityName': '澎湖縣', 'distName': '西嶼鄉', 'address': '池西村41號'}",澎湖縣政府文化局,文化資產科,澎湖縣馬公市中華路230號,06-9261141#138,"<a href=""http://nchdb.boch.gov.tw/assets/advanceSearch/historicalBuilding/20200717000003"" target=""_blank"">http://nchdb.boch.gov.tw/assets/advanceSearch/historicalBuilding/20200717000003</a>","[{'classification': '指定/登錄', 'officialDocNo': '府授文資字第10937004372號', 'registerDate': '2020-02-11 11:23:50.527'}]",宅第,澎湖縣
1468,20200717000004,澎湖金龍頭青年活動中心,"{'code': 'A99', 'name': '其他設施', 'other': '青年活動中心'}",<<歷史建築紀念建築登錄廢止審查及輔助辦法>>第2條第1項第2、3款,119.558902,23.561415,"{'itemNo': 1, 'cityName': '澎湖縣', 'distName': '馬公市', 'address': '馬公段2665地號'}",澎湖縣政府文化局,文化資產科,澎湖縣馬公市中華路230號,06-9261141#138,"<a href=""http://nchdb.boch.gov.tw/assets/advanceSearch/historicalBuilding/20200717000004"" target=""_blank"">http://nchdb.boch.gov.tw/assets/advanceSearch/historicalBuilding/20200717000004</a>","[{'classification': '指定/登錄', 'officialDocNo': '府授文資字第10937003922號', 'registerDate': '2020-02-11 14:46:19.992'}]",其他設施,澎湖縣
1468,20200717000004,澎湖金龍頭青年活動中心,"{'code': 'A99', 'name': '其他設施', 'other': '青年活動中心'}",<<歷史建築紀念建築登錄廢止審查及輔助辦法>>第2條第1項第2、3款,119.558902,23.561415,"{'itemNo': 2, 'cityName': '澎湖縣', 'distName': '馬公市', 'address': '馬公段2665-1地號'}",澎湖縣政府文化局,文化資產科,澎湖縣馬公市中華路230號,06-9261141#138,"<a href=""http://nchdb.boch.gov.tw/assets/advanceSearch/historicalBuilding/20200717000004"" target=""_blank"">http://nchdb.boch.gov.tw/assets/advanceSearch/historicalBuilding/20200717000004</a>","[{'classification': '指定/登錄', 'officialDocNo': '府授文資字第10937003922號', 'registerDate': '2020-02-11 14:46:19.992'}]",其他設施,澎湖縣
1468,20200717000004,澎湖金龍頭青年活動中心,"{'code': 'A99', 'name': '其他設施', 'other': '青年活動中心'}",<<歷史建築紀念建築登錄廢止審查及輔助辦法>>第2條第1項第2、3款,119.558902,23.561415,"{'itemNo': 3, 'cityName': '澎湖縣', 'distName': '馬公市', 'address': '馬公段2667-9地號'}",澎湖縣政府文化局,文化資產科,澎湖縣馬公市中華路230號,06-9261141#138,"<a href=""http://nchdb.boch.gov.tw/assets/advanceSearch/historicalBuilding/20200717000004"" target=""_blank"">http://nchdb.boch.gov.tw/assets/advanceSearch/historicalBuilding/20200717000004</a>","[{'classification': '指定/登錄', 'officialDocNo': '府授文資字第10937003922號', 'registerDate': '2020-02-11 14:46:19.992'}]",其他設施,澎湖縣
1469,20200720000001,忠孝西路二段9號,"{'code': 'A3', 'name': '宅第'}",<<歷史建築紀念建築登錄廢止審查及輔助辦法>>第2條第1項第1、3款,121.5095537394633,25.04846402252154,"{'itemNo': 1, 'cityName': '臺北市', 'distName': '大同區', 'address': '忠孝西路二段9號'}",臺北市政府文化局,文化資產科,臺北市信義區市府路1號4樓東北區,(02)2720-8889,"<a href=""http://nchdb.boch.gov.tw/assets/advanceSearch/historicalBuilding/20200720000001"" target=""_blank"">http://nchdb.boch.gov.tw/assets/advanceSearch/historicalBuilding/20200720000001</a>","[{'classification': '指定/登錄', 'officialDocNo': '北市文化文資字第10930212081號', 'registerDate': '2020-06-01 00:00:00.0', 'note': ' '}]",宅第,臺北市
1470,20200720000003,忠孝西路二段13號,"{'code': 'A3', 'name': '宅第'}",<<歷史建築紀念建築登錄廢止審查及輔助辦法>>第2條第1項第1、3款,121.50938900933531,25.048455017701457,"{'itemNo': 1, 'cityName': '臺北市', 'distName': '大同區', 'address': '忠孝西路二段13號'}",臺北市政府文化局,文化資產科,臺北市信義區市府路1號4樓東北區,(02)2720-8889,"<a href=""http://nchdb.boch.gov.tw/assets/advanceSearch/historicalBuilding/20200720000003"" target=""_blank"">http://nchdb.boch.gov.tw/assets/advanceSearch/historicalBuilding/20200720000003</a>","[{'classification': '指定/登錄', 'officialDocNo': '北市文化文資字第10930212081號', 'registerDate': '2020-06-01 00:00:00.0'}]",宅第,臺北市
1471,20200720000004,鄭州路26巷7號,"{'code': 'A19', 'name': '機關'}",<<歷史建築紀念建築登錄廢止審查及輔助辦法>>第2條第1項第1、3款,121.50958167072714,25.049379036993734,"{'itemNo': 1, 'cityName': '臺北市', 'distName': '大同區', 'address': '鄭州路26巷7號'}",臺北市政府文化局,文化資產科,臺北市信義區市府路1號4樓東北區,(02)2720-8889,"<a href=""http://nchdb.boch.gov.tw/assets/advanceSearch/historicalBuilding/20200720000004"" target=""_blank"">http://nchdb.boch.gov.tw/assets/advanceSearch/historicalBuilding/20200720000004</a>","[{'classification': '指定/登錄', 'officialDocNo': '北市文化文資字第10930212081號', 'registerDate': '2020-06-01 00:00:00.0', 'note': ' '}]",機關,臺北市
1471,20200720000004,鄭州路26巷7號,"{'code': 'A22', 'name': '集會堂'}",<<歷史建築紀念建築登錄廢止審查及輔助辦法>>第2條第1項第1、3款,121.50958167072714,25.049379036993734,"{'itemNo': 1, 'cityName': '臺北市', 'distName': '大同區', 'address': '鄭州路26巷7號'}",臺北市政府文化局,文化資產科,臺北市信義區市府路1號4樓東北區,(02)2720-8889,"<a href=""http://nchdb.boch.gov.tw/assets/advanceSearch/historicalBuilding/20200720000004"" target=""_blank"">http://nchdb.boch.gov.tw/assets/advanceSearch/historicalBuilding/20200720000004</a>","[{'classification': '指定/登錄', 'officialDocNo': '北市文化文資字第10930212081號', 'registerDate': '2020-06-01 00:00:00.0', 'note': ' '}]",集會堂,臺北市
1472,20200720000005,西寧北路1巷2號,"{'code': 'A3', 'name': '宅第'}",<<歷史建築紀念建築登錄廢止審查及輔助辦法>>第2條第1項第1、3款,121.50830694027104,25.049255298786594,"{'itemNo': 1, 'cityName': '臺北市', 'distName': '大同區', 'address': '西寧北路1巷2號'}",臺北市政府文化局,文化資產科,臺北市信義區市府路1號4樓東北區,(02)2720-8889,"<a href=""http://nchdb.boch.gov.tw/assets/advanceSearch/historicalBuilding/20200720000005"" target=""_blank"">http://nchdb.boch.gov.tw/assets/advanceSearch/historicalBuilding/20200720000005</a>","[{'classification': '指定/登錄', 'officialDocNo': '北市文化文資字第10930212081號', 'registerDate': '2020-06-01 00:00:00.0', 'note': ' '}]",宅第,臺北市
1473,20200722000001,沅陵街42號店屋,"{'code': 'A18', 'name': '商店'}",<<歷史建築紀念建築登錄廢止審查及輔助辦法>>第2條第1項第2、3款,121.51184296914903,25.04276357771595,"{'itemNo': 1, 'cityName': '臺北市', 'distName': '中正區', 'address': '沅陵街42號'}",臺北市政府文化局,文化資產科,臺北市信義區市府路1號4樓東北區,(02)2720-8889,"<a href=""http://nchdb.boch.gov.tw/assets/advanceSearch/historicalBuilding/20200722000001"" target=""_blank"">http://nchdb.boch.gov.tw/assets/advanceSearch/historicalBuilding/20200722000001</a>","[{'classification': '指定/登錄', 'officialDocNo': '北市文化文資字第10930236221號', 'registerDate': '2020-07-02 00:00:00.0', 'note': '公告字號'}]",商店,臺北市
1474,20200727000001,國立政治大學「四維堂」、「果夫樓」、「志希樓」,"{'code': 'A24', 'name': '學校'}",<<歷史建築紀念建築登錄廢止審查及輔助辦法>>第2條第1項第1、2款,121.57650420635156,24.98741922739502,"{'itemNo': 1, 'cityName': '臺北市', 'distName': '文山區', 'address': '指南路二段64號'}",臺北市政府文化局,文化資產科,臺北市信義區市府路1號4樓東北區,(02)2720-8889,"<a href=""http://nchdb.boch.gov.tw/assets/advanceSearch/historicalBuilding/20200727000001"" target=""_blank"">http://nchdb.boch.gov.tw/assets/advanceSearch/historicalBuilding/20200727000001</a>","[{'classification': '指定/登錄', 'officialDocNo': '北市文化文資字第10930246591號', 'registerDate': '2020-07-13 00:00:00.0', 'note': '登錄歷史建築'}]",學校,臺北市
1475,20200806000003,原高雄市議會,"{'code': 'A20', 'name': '辦公廳舍'}",<<歷史建築登錄廢止審查及輔助辦法>>第2條第1項第1、2、3款,120.293192,22.629325,"{'itemNo': 1, 'cityName': '高雄市', 'distName': '前金區', 'address': '中正四路192號'}",高雄市政府文化局,文化資產中心,高雄市苓雅區五福一路67號,07-2225136分機8322,"<a href=""http://nchdb.boch.gov.tw/assets/advanceSearch/historicalBuilding/20200806000003"" target=""_blank"">http://nchdb.boch.gov.tw/assets/advanceSearch/historicalBuilding/20200806000003</a>","[{'classification': '指定/登錄', 'officialDocNo': '高市府文資字第10931339401號', 'registerDate': '2020-05-18 13:50:59.032'}, {'classification': '變更/修正', 'officialDocNo': '高市府文資字第11231864001號', 'registerDate': '2023-11-02 00:00:00.0'}]",辦公廳舍,高雄市
1476,20220308000004,里港蔡家古厝,"{'code': 'A3', 'name': '宅第'}","文化資產保存法第18條
歷史建築紀念建築登錄廢止審查及輔助辦法第2條第1項第1、2、3款",120.494222,22.776278,"{'itemNo': 1, 'cityName': '屏東縣', 'distName': '里港鄉', 'address': '中山路27號'}",屏東縣政府	,屏東縣文化資產保護所	,屏東縣屏東市菸廠路1號	,08-7210234,"<a href=""http://nchdb.boch.gov.tw/assets/advanceSearch/historicalBuilding/20220308000004"" target=""_blank"">http://nchdb.boch.gov.tw/assets/advanceSearch/historicalBuilding/20220308000004</a>","[{'classification': '指定/登錄', 'officialDocNo': '屏府文保字第10930517000號', 'registerDate': '2020-10-06 00:00:00.0'}]",宅第,屏東縣
1477,20200821000001,永樂國小（原永樂公學校）校舍,"{'code': 'A24', 'name': '學校'}",<<歷史建築紀念建築登錄廢止審查及輔助辦法>>第2條第1項第1、2、3款,121.51113383486312,25.06169366568404,"{'itemNo': 1, 'cityName': '臺北市', 'distName': '大同區', 'address': '延平北路2段266號'}",臺北市政府文化局,文化資產科,臺北市信義區市府路1號4樓東北區,(02)2720-8889,"<a href=""http://nchdb.boch.gov.tw/assets/advanceSearch/historicalBuilding/20200821000001"" target=""_blank"">http://nchdb.boch.gov.tw/assets/advanceSearch/historicalBuilding/20200821000001</a>","[{'classification': '指定/登錄', 'officialDocNo': '北市文化文資字第10930266191號', 'registerDate': '2020-08-10 00:00:00.0', 'note': '登錄歷史建築'}]",學校,臺北市
1478,20200902000001,社子島中洲埔李宅,"{'code': 'A3', 'name': '宅第'}",<<歷史建築登錄廢止審查及輔助辦法>>第2條第1項第1、3款,121.47762690288707,25.106045826820143,"{'itemNo': 1, 'cityName': '臺北市', 'distName': '士林區', 'address': '延平北路9段92巷15號'}",臺北市政府文化局,文化資產科,臺北市信義區市府路1號4樓東北區,(02)2720-8889,"<a href=""http://nchdb.boch.gov.tw/assets/advanceSearch/historicalBuilding/20200902000001"" target=""_blank"">http://nchdb.boch.gov.tw/assets/advanceSearch/historicalBuilding/20200902000001</a>","[{'classification': '指定/登錄', 'officialDocNo': '北市文化文資字第10930170787號', 'registerDate': '2020-04-08 00:00:00.0', 'note': '本建物位於士林社子島地區細部計畫(草案)公園用地(公十七)範圍內，得配合社子島地區開發計畫提高本建物高程。'}]",宅第,臺北市
1479,20200902000002,社子島下溪砂尾陳家祖厝,"{'code': 'A3', 'name': '宅第'}",<<歷史建築登錄廢止審查及輔助辦法>>第2條第1項第1、3款,121.47990320019964,25.107179302248646,"{'itemNo': 1, 'cityName': '臺北市', 'distName': '士林區', 'address': '延平北路8段242巷46號'}",臺北市政府文化局,文化資產科,臺北市信義區市府路1號4樓東北區,(02)2720-8889,"<a href=""http://nchdb.boch.gov.tw/assets/advanceSearch/historicalBuilding/20200902000002"" target=""_blank"">http://nchdb.boch.gov.tw/assets/advanceSearch/historicalBuilding/20200902000002</a>","[{'classification': '指定/登錄', 'officialDocNo': '北市文化文資字第10930170786號', 'registerDate': '2020-04-08 00:00:00.0', 'note': '本建物位於士林社子島地區細部計畫(草案)公園用地(公十)範圍內，得配合社子島地區開發計畫提高本建物高程。'}]",宅第,臺北市
1480,20200902000003,社子島頂溪砂尾陳宅,"{'code': 'A3', 'name': '宅第'}",<<歷史建築登錄廢止審查及輔助辦法>>第2條第1項第1、3款,121.48546142905107,25.104818691099364,"{'itemNo': 1, 'cityName': '臺北市', 'distName': '士林區', 'address': '延平北路八段55巷13號'}",臺北市政府文化局,文化資產科,臺北市信義區市府路1號4樓東北區,(02)2720-8889,"<a href=""http://nchdb.boch.gov.tw/assets/advanceSearch/historicalBuilding/20200902000003"" target=""_blank"">http://nchdb.boch.gov.tw/assets/advanceSearch/historicalBuilding/20200902000003</a>","[{'classification': '指定/登錄', 'officialDocNo': '北市文化文資字第10930170785號', 'registerDate': '2020-04-08 00:00:00.0', 'note': '本建物位於士林社子島地區細部計畫(草案)公園用地(公十)範圍內，得配合社子島地區開發計畫提高本建物高程。'}]",宅第,臺北市
1480,20200902000003,社子島頂溪砂尾陳宅,"{'code': 'A3', 'name': '宅第'}",<<歷史建築登錄廢止審查及輔助辦法>>第2條第1項第1、3款,121.48546142905107,25.104818691099364,"{'itemNo': 2, 'cityName': '臺北市', 'distName': '士林區', 'address': '延平北路八段55巷15號'}",臺北市政府文化局,文化資產科,臺北市信義區市府路1號4樓東北區,(02)2720-8889,"<a href=""http://nchdb.boch.gov.tw/assets/advanceSearch/historicalBuilding/20200902000003"" target=""_blank"">http://nchdb.boch.gov.tw/assets/advanceSearch/historicalBuilding/20200902000003</a>","[{'classification': '指定/登錄', 'officialDocNo': '北市文化文資字第10930170785號', 'registerDate': '2020-04-08 00:00:00.0', 'note': '本建物位於士林社子島地區細部計畫(草案)公園用地(公十)範圍內，得配合社子島地區開發計畫提高本建物高程。'}]",宅第,臺北市
1481,20200902000004,社子島溪洲底街屋,"{'code': 'A3', 'name': '宅第'}",<<歷史建築登錄廢止審查及輔助辦法>>第2條第1項第1、3款,121.49576398503106,25.096169355359393,"{'itemNo': 1, 'cityName': '臺北市', 'distName': '士林區', 'address': '延平北路7段101巷32號'}",臺北市政府文化局,文化資產科,臺北市信義區市府路1號4樓東北區,(02)2720-8889,"<a href=""http://nchdb.boch.gov.tw/assets/advanceSearch/historicalBuilding/20200902000004"" target=""_blank"">http://nchdb.boch.gov.tw/assets/advanceSearch/historicalBuilding/20200902000004</a>","[{'classification': '指定/登錄', 'officialDocNo': '北市文化文資字第10930170784號', 'registerDate': '2020-04-08 00:00:00.0', 'note': '本建物位於士林社子島地區細部計畫(草案)公園用地(公十三)範圍內，得配合社子島地區開發計畫提高本建物高程。'}]",宅第,臺北市
1481,20200902000004,社子島溪洲底街屋,"{'code': 'A3', 'name': '宅第'}",<<歷史建築登錄廢止審查及輔助辦法>>第2條第1項第1、3款,121.49576398503106,25.096169355359393,"{'itemNo': 2, 'cityName': '臺北市', 'distName': '士林區', 'address': '延平北路7段101巷34號'}",臺北市政府文化局,文化資產科,臺北市信義區市府路1號4樓東北區,(02)2720-8889,"<a href=""http://nchdb.boch.gov.tw/assets/advanceSearch/historicalBuilding/20200902000004"" target=""_blank"">http://nchdb.boch.gov.tw/assets/advanceSearch/historicalBuilding/20200902000004</a>","[{'classification': '指定/登錄', 'officialDocNo': '北市文化文資字第10930170784號', 'registerDate': '2020-04-08 00:00:00.0', 'note': '本建物位於士林社子島地區細部計畫(草案)公園用地(公十三)範圍內，得配合社子島地區開發計畫提高本建物高程。'}]",宅第,臺北市
1482,20200902000005,社子島善居室,"{'code': 'A3', 'name': '宅第'}",<<歷史建築登錄廢止審查及輔助辦法>>第2條第1項第1、3款,121.4955854828883,25.095710411464683,"{'itemNo': 1, 'cityName': '臺北市', 'distName': '士林區', 'address': '延平北路七段63巷12弄5號'}",臺北市政府文化局,文化資產科,臺北市信義區市府路1號4樓東北區,(02)2720-8889,"<a href=""http://nchdb.boch.gov.tw/assets/advanceSearch/historicalBuilding/20200902000005"" target=""_blank"">http://nchdb.boch.gov.tw/assets/advanceSearch/historicalBuilding/20200902000005</a>","[{'classification': '指定/登錄', 'officialDocNo': '北市文化文資字第10930170783號', 'registerDate': '2020-04-08 00:00:00.0', 'note': '本建物位於士林社子島地區細部計畫(草案)公園用地(公十三)範圍內，得配合社子島地區開發計畫提高本建物高程。'}]",宅第,臺北市
1483,20200902000006,社子島溪洲底王宅,"{'code': 'A3', 'name': '宅第'}",<<歷史建築登錄廢止審查及輔助辦法>>第2條第1項第1、3款,121.49557501951111,25.099377429257864,"{'itemNo': 1, 'cityName': '臺北市', 'distName': '士林區', 'address': '延平北路七段106巷24、26、26-1、28、30號'}",臺北市政府文化局,文化資產科,臺北市信義區市府路1號4樓東北區,(02)2720-8889,"<a href=""http://nchdb.boch.gov.tw/assets/advanceSearch/historicalBuilding/20200902000006"" target=""_blank"">http://nchdb.boch.gov.tw/assets/advanceSearch/historicalBuilding/20200902000006</a>","[{'classification': '指定/登錄', 'officialDocNo': '北市文化文資字第10930170782號', 'registerDate': '2020-04-08 00:00:00.0', 'note': '本建物位於士林社子島地區細部計畫(草案)公園用地(公十一)範圍內，得配合社子島地區開發計畫提高本建物高程。'}]",宅第,臺北市
1484,20200902000007,社子島溪洲底郭宅,"{'code': 'A3', 'name': '宅第'}",<<歷史建築登錄廢止審查及輔助辦法>>第2條第1項第1、3款,121.4954862507509,25.0977720057046,"{'itemNo': 1, 'cityName': '臺北市', 'distName': '士林區', 'address': '延平北路7段106巷34號'}",臺北市政府文化局,文化資產科,臺北市信義區市府路1號4樓東北區,(02)2720-8889,"<a href=""http://nchdb.boch.gov.tw/assets/advanceSearch/historicalBuilding/20200902000007"" target=""_blank"">http://nchdb.boch.gov.tw/assets/advanceSearch/historicalBuilding/20200902000007</a>","[{'classification': '指定/登錄', 'officialDocNo': '北市文化文資字第10930170781號', 'registerDate': '2020-04-08 00:00:00.0', 'note': '本建物位於士林社子島地區細部計畫(草案)公園用地(公十一)範圍內，得配合社子島地區開發計畫提高本建物高程。'}]",宅第,臺北市
1484,20200902000007,社子島溪洲底郭宅,"{'code': 'A3', 'name': '宅第'}",<<歷史建築登錄廢止審查及輔助辦法>>第2條第1項第1、3款,121.4954862507509,25.0977720057046,"{'itemNo': 2, 'cityName': '臺北市', 'distName': '士林區', 'address': '延平北路7段106巷36號'}",臺北市政府文化局,文化資產科,臺北市信義區市府路1號4樓東北區,(02)2720-8889,"<a href=""http://nchdb.boch.gov.tw/assets/advanceSearch/historicalBuilding/20200902000007"" target=""_blank"">http://nchdb.boch.gov.tw/assets/advanceSearch/historicalBuilding/20200902000007</a>","[{'classification': '指定/登錄', 'officialDocNo': '北市文化文資字第10930170781號', 'registerDate': '2020-04-08 00:00:00.0', 'note': '本建物位於士林社子島地區細部計畫(草案)公園用地(公十一)範圍內，得配合社子島地區開發計畫提高本建物高程。'}]",宅第,臺北市
1485,20200910000001,建國國中南棟折版教室（圖書館）,"{'code': 'A99', 'name': '其他設施', 'other': '校舍'}",<<歷史建築登錄廢止審查及輔助辦法>>第2條第1項第1、2、3、4款,120.295572,23.574055,"{'itemNo': 1, 'cityName': '雲林縣', 'distName': '北港鎮', 'address': '大同路468號'}",雲林縣政府,文化觀光處,雲林縣斗六市大學路三段310號,05-5523218,"<a href=""http://nchdb.boch.gov.tw/assets/advanceSearch/historicalBuilding/20200910000001"" target=""_blank"">http://nchdb.boch.gov.tw/assets/advanceSearch/historicalBuilding/20200910000001</a>","[{'classification': '指定/登錄', 'officialDocNo': '府文資二字第1063804315B號', 'registerDate': '2017-05-03 00:00:00.0'}]",其他設施,雲林縣
1486,20200910000003,原水林鄉美軍營養工作站,"{'code': 'A19', 'name': '機關'}",<<歷史建築紀念建築登錄廢止審查及輔助辦法>>第2條第1項第1、2、3款,120.2471,23.57475,"{'itemNo': 1, 'cityName': '雲林縣', 'distName': '水林鄉', 'address': '水北村水林路6號'}",雲林縣政府,文化觀光處,雲林縣斗六市大學路三段310號, 05-5523218,"<a href=""http://nchdb.boch.gov.tw/assets/advanceSearch/historicalBuilding/20200910000003"" target=""_blank"">http://nchdb.boch.gov.tw/assets/advanceSearch/historicalBuilding/20200910000003</a>","[{'classification': '指定/登錄', 'officialDocNo': '府文資二字第1093804743B號 ', 'registerDate': '2020-04-27 15:43:00.114'}]",機關,雲林縣
1487,20200910000004,舊東勢鄉公所辦公廳舍及附屬倉庫,"{'code': 'A20', 'name': '辦公廳舍'}",<<歷史建築紀念建築登錄廢止審查及輔助辦法>>第2條第1項第1、2、3款,120.2526672,23.6752844,"{'itemNo': 1, 'cityName': '雲林縣', 'distName': '東勢鄉', 'address': '雲林縣東勢鄉東南村所前街1號(附屬倉庫)、5號(辦公廳舍)。'}",雲林縣政府,文化觀光處,雲林縣斗六市大學路3段310號,05-5523152,"<a href=""http://nchdb.boch.gov.tw/assets/advanceSearch/historicalBuilding/20200910000004"" target=""_blank"">http://nchdb.boch.gov.tw/assets/advanceSearch/historicalBuilding/20200910000004</a>","[{'classification': '指定/登錄', 'officialDocNo': '府文資二字第1093804743C號', 'registerDate': '2020-04-27 16:52:26.188'}, {'classification': '變更/修正', 'officialDocNo': '府文資二字第1093807739B號', 'registerDate': '2020-07-03 22:06:03.656'}]",辦公廳舍,雲林縣
1488,20200910000005,北港登記所,"{'code': 'A19', 'name': '機關'}",<<歷史建築紀念建築登錄廢止審查及輔助辦法>>第2條第1項第1、2、3款,120.3051087,23.5688996,"{'itemNo': 1, 'cityName': '雲林縣', 'distName': '北港鎮', 'address': '雲林縣北港鎮仁和路11號。'}",雲林縣政府,文化觀光處,雲林縣斗六市大學路3段310號,05-5523152,"<a href=""http://nchdb.boch.gov.tw/assets/advanceSearch/historicalBuilding/20200910000005"" target=""_blank"">http://nchdb.boch.gov.tw/assets/advanceSearch/historicalBuilding/20200910000005</a>","[{'classification': '指定/登錄', 'officialDocNo': '府文資二字第1093801760C號', 'registerDate': '2020-03-16 17:23:16.639'}]",機關,雲林縣
1489,20210704000001,原雲林縣警察局,"{'code': 'A6', 'name': '衙署'}",<<歷史建築紀念建築登錄廢止審查及輔助辦法>>第2條第1項第1、2、3款,120.540377,23.707789,"{'itemNo': 1, 'cityName': '雲林縣', 'distName': '斗六市', 'address': '中山路88號'}",雲林縣政府,文化觀光處,雲林縣斗六市大學路3段310號, 05-5523218,"<a href=""http://nchdb.boch.gov.tw/assets/advanceSearch/historicalBuilding/20210704000001"" target=""_blank"">http://nchdb.boch.gov.tw/assets/advanceSearch/historicalBuilding/20210704000001</a>","[{'classification': '指定/登錄', 'officialDocNo': '府文資二字第1083800038B號 ', 'registerDate': '2019-01-23 00:00:00.0'}]",衙署,雲林縣
1490,20200910000007,北辰國小宿舍群(民政路2、6、12、14號),"{'code': 'A3', 'name': '宅第'}",<<歷史建築紀念建築登錄廢止審查及輔助辦法>>第2條第1項第1、2、3款,120.30268,23.576649,"{'itemNo': 1, 'cityName': '雲林縣', 'distName': '北港鎮', 'address': '雲林縣北港鎮民政路2、6、12、14號。'}",雲林縣政府,文化觀光處,雲林縣斗六市大學路3段310號,05-5523152,"<a href=""http://nchdb.boch.gov.tw/assets/advanceSearch/historicalBuilding/20200910000007"" target=""_blank"">http://nchdb.boch.gov.tw/assets/advanceSearch/historicalBuilding/20200910000007</a>","[{'classification': '指定/登錄', 'officialDocNo': '府文資二字第1093801760B號', 'registerDate': '2020-03-16 17:54:56.354'}]",宅第,雲林縣
1491,20200915000001,關西南陽堂鄧屋,"{'code': 'A3', 'name': '宅第'}",<<歷史建築登錄廢止審查及輔助辦法>>第2條規定,121.114183371867,24.8261845334945,"{'itemNo': 1, 'cityName': '新竹縣', 'distName': '關西鎮', 'address': '東平里6鄰大旱坑24號'}",新竹縣政府文化局,文化資產科,302新竹縣竹北市縣政九路146號,03-5510201分機600~612,"<a href=""http://nchdb.boch.gov.tw/assets/advanceSearch/historicalBuilding/20200915000001"" target=""_blank"">http://nchdb.boch.gov.tw/assets/advanceSearch/historicalBuilding/20200915000001</a>","[{'classification': '指定/登錄', 'officialDocNo': '府文資字第0990107415號', 'registerDate': '2010-11-03 00:00:00.0'}, {'classification': '指定/登錄', 'officialDocNo': '府文資字第1000105117號', 'registerDate': '2011-06-14 00:00:00.0', 'note': '補正'}]",宅第,新竹縣
1492,20200915000002,關西台灣紅茶公司,"{'code': 'A16', 'name': '產業'}","一、文化資產保存法第102條、歷史建築登錄廢止審查及補助辦法。
二、依據95年5月18日「新竹縣古蹟指定暨歷史建築登錄審議會議」決議辦理。",121.175726888993,24.7913086942947,"{'itemNo': 1, 'cityName': '新竹縣', 'distName': '關西鎮', 'address': '中山路73號'}",新竹縣政府文化局,文化資產科,302新竹縣竹北市縣政九路146號,03-5510201分機600~612,"<a href=""http://nchdb.boch.gov.tw/assets/advanceSearch/historicalBuilding/20200915000002"" target=""_blank"">http://nchdb.boch.gov.tw/assets/advanceSearch/historicalBuilding/20200915000002</a>","[{'classification': '指定/登錄', 'officialDocNo': '府授文文字第0950095760號', 'registerDate': '2006-08-08 14:29:53.0'}]",產業,新竹縣
1493,20200915000003,農業用碾米用礱穀機(東港鎮農會),"{'code': 'A16', 'name': '產業'}","文化資產保存法第18條
歷史建築紀念建築登錄廢止審查及輔助辦法第2條第1項第1、2、3款",120.455578,22.464173,"{'itemNo': 1, 'cityName': '屏東縣', 'distName': '東港鎮', 'address': '船頭里船頭路1-5號'}",屏東縣政府,屏東縣文化資產保護所,屏東縣屏東市菸廠路1號	,08-7210234,"<a href=""http://nchdb.boch.gov.tw/assets/advanceSearch/historicalBuilding/20200915000003"" target=""_blank"">http://nchdb.boch.gov.tw/assets/advanceSearch/historicalBuilding/20200915000003</a>","[{'classification': '指定/登錄', 'officialDocNo': '屏府文保字第10830573500號', 'registerDate': '2019-12-27 16:53:39.557'}]",產業,屏東縣
1494,20200915000004,潮州郡守官舍,"{'code': 'A17', 'name': '官邸'}","文化資產保存法第18條
歷史建築紀念建築登錄廢止審查及輔助辦法第2條第1項第1、2、3款",120.544,22.549611,"{'itemNo': 1, 'cityName': '屏東縣', 'distName': '潮州鎮', 'address': '中山路25、25-2號'}",屏東縣政府,屏東縣文化資產保護所,屏東縣屏東市菸廠路1號	,08-7210234,"<a href=""http://nchdb.boch.gov.tw/assets/advanceSearch/historicalBuilding/20200915000004"" target=""_blank"">http://nchdb.boch.gov.tw/assets/advanceSearch/historicalBuilding/20200915000004</a>","[{'classification': '指定/登錄', 'officialDocNo': '屏府文保字第10930273000號', 'registerDate': '2020-06-01 17:30:58.543'}]",官邸,屏東縣
1495,20200929000001,台電新竹變電所控制室,"{'code': 'A16', 'name': '產業'}",<<歷史建築紀念建築登錄廢止審查及輔助辦法>>第2條第1項第2款,121.0082169,24.7887148,"{'itemNo': 1, 'cityName': '新竹市', 'distName': '東區', 'address': '新竹市光復路一段566號'}",台灣電力股份有限公司,台灣電力股份有限公司新桃供電區營運處,30080新竹市光復路1段681號,03-5770766轉131,"<a href=""http://nchdb.boch.gov.tw/assets/advanceSearch/historicalBuilding/20200929000001"" target=""_blank"">http://nchdb.boch.gov.tw/assets/advanceSearch/historicalBuilding/20200929000001</a>","[{'classification': '指定/登錄', 'officialDocNo': '中華民國109年8月27日府授文資字第1090130514號公告', 'registerDate': '2020-08-27 14:53:29.547'}]",產業,新竹市
1496,20201020000001,宜蘭國民小學科學教育中心,"{'code': 'A24', 'name': '學校'}",「文化資產保存法」第18條及「歷史建築紀念建築登錄廢止審查」第2條,121.7540428,24.7531326,"{'itemNo': 1, 'cityName': '宜蘭縣', 'distName': '宜蘭市', 'address': '崇聖街2號'}",宜蘭縣政府文化局,文化資產科,宜蘭縣五結鄉中正路二段6之8號,03-9322440*652,"<a href=""http://nchdb.boch.gov.tw/assets/advanceSearch/historicalBuilding/20201020000001"" target=""_blank"">http://nchdb.boch.gov.tw/assets/advanceSearch/historicalBuilding/20201020000001</a>","[{'classification': '指定/登錄', 'officialDocNo': '府文資字第1080002150B號', 'registerDate': '2019-03-27 00:00:00.0'}, {'classification': '變更/修正', 'officialDocNo': '府文資字第1120004471C號', 'registerDate': '2023-05-08 09:00:09.664', 'note': '修正其登錄理由（三），並廢止原公告之登錄理由（三）。'}]",學校,宜蘭縣
1497,20201020000002,藍田雅舍,"{'code': 'A99', 'name': '其他設施', 'other': '具有歷史、文化、藝術價值之建造物'}",<<歷史建築紀念建築登錄廢止審查及輔助辦法>>第2條第1項第3款,120.6836377,23.9099609,"{'itemNo': 1, 'cityName': '南投縣', 'distName': '南投市', 'address': '南投縣南投市彰南路2段83號'}",南投縣政府文化局,文化資產科,南投市建國路135號,049-2331191,"<a href=""http://nchdb.boch.gov.tw/assets/advanceSearch/historicalBuilding/20201020000002"" target=""_blank"">http://nchdb.boch.gov.tw/assets/advanceSearch/historicalBuilding/20201020000002</a>","[{'classification': '指定/登錄', 'officialDocNo': '府授文資字第10901631601號', 'registerDate': '2020-07-17 11:37:23.113'}]",其他設施,南投縣
1498,20201027000001,原新化回生院,"{'code': 'A27', 'name': '醫院'}",<<歷史建築紀念建築登錄廢止審查及輔助辦法>>第2條第1項第3款,120.3050429,23.034393,"{'itemNo': 1, 'cityName': '臺南市', 'distName': '新化區', 'address': '健康路143號'}",臺南市政府,臺南市文化資產管理處,臺南市中西區中正路5巷1號3樓,06-2213569,"<a href=""http://nchdb.boch.gov.tw/assets/advanceSearch/historicalBuilding/20201027000001"" target=""_blank"">http://nchdb.boch.gov.tw/assets/advanceSearch/historicalBuilding/20201027000001</a>","[{'classification': '指定/登錄', 'officialDocNo': '南市文資字第1090482534A號', 'registerDate': '2020-05-04 14:21:55.08'}]",醫院,臺南市
1499,20201105000003,新莊挑水巷隘門,"{'code': 'A5', 'name': '關塞'}",<<歷史建築紀念建築登錄廢止審查及輔助辦法>>第2條第1項第2、3款,121.45142304693289,25.03420875640953,"{'itemNo': 1, 'cityName': '新北市', 'distName': '新莊區', 'address': '新莊路278巷'}",新北市政府,文化局,新北市板橋區中山路一段161號28樓,02-29603456,"<a href=""http://nchdb.boch.gov.tw/assets/advanceSearch/historicalBuilding/20201105000003"" target=""_blank"">http://nchdb.boch.gov.tw/assets/advanceSearch/historicalBuilding/20201105000003</a>","[{'classification': '指定/登錄', 'officialDocNo': '新北府文資字1092066011號', 'registerDate': '2020-10-29 15:53:55.894'}, {'classification': '變更/修正', 'officialDocNo': '新北府文資字1100498254號', 'registerDate': '2021-03-19 00:00:00.0', 'note': '定著土地調整'}]",關塞,新北市
1500,20201109000001,國立故宮博物院,"{'code': 'A25', 'name': '博物館'}",<<歷史建築紀念建築登錄廢止審查及輔助辦法>>第2條第1項第1、2款,121.55055368112036,25.100656169565042,"{'itemNo': 1, 'cityName': '臺北市', 'distName': '士林區', 'address': '至善路2段221號'}",臺北市政府文化局,文化資產科,臺北市信義區市府路1號4樓東北區,(02)2720-8889,"<a href=""http://nchdb.boch.gov.tw/assets/advanceSearch/historicalBuilding/20201109000001"" target=""_blank"">http://nchdb.boch.gov.tw/assets/advanceSearch/historicalBuilding/20201109000001</a>","[{'classification': '指定/登錄', 'officialDocNo': '北市文化文資字第10930377481', 'registerDate': '2020-10-26 00:00:00.0', 'note': '登錄「國立故宮博物院」為本市歷史建築'}]",博物館,臺北市
1501,20201116000002,莿桐饒平保甲事務所,"{'code': 'A6', 'name': '衙署'}",<<歷史建築登錄廢止審查及輔助辦法>>第2條第1項第2、3、4款,120.5189354,23.7798208,"{'itemNo': 1, 'cityName': '雲林縣', 'distName': '莿桐鄉', 'address': '饒平村饒平路179號'}",雲林縣政府,文化觀光處,雲林縣斗六市大學路三段310號, 05-5523218,"<a href=""http://nchdb.boch.gov.tw/assets/advanceSearch/historicalBuilding/20201116000002"" target=""_blank"">http://nchdb.boch.gov.tw/assets/advanceSearch/historicalBuilding/20201116000002</a>","[{'classification': '指定/登錄', 'officialDocNo': '府文資二字第1083806892B號', 'registerDate': '2019-07-01 11:25:26.59'}]",衙署,雲林縣
1502,20201116000003,台鐵斗南站宿舍群,"{'code': 'A99', 'name': '其他設施', 'other': ''}",<<歷史建築登錄廢止審查及輔助辦法>>第2條第1項第1、2、3、4款,120.47846,23.67365,"{'itemNo': 1, 'cityName': '雲林縣', 'distName': '斗南鎮', 'address': '南昌里民權路37號'}",雲林縣政府,文化觀光處,雲林縣斗六市大學路三段310號,05-5523218,"<a href=""http://nchdb.boch.gov.tw/assets/advanceSearch/historicalBuilding/20201116000003"" target=""_blank"">http://nchdb.boch.gov.tw/assets/advanceSearch/historicalBuilding/20201116000003</a>","[{'classification': '指定/登錄', 'officialDocNo': '府文資二字第1047400868B號', 'registerDate': '2015-02-02 19:06:18.0'}, {'classification': '指定/登錄', 'officialDocNo': '府文資二字第1047409063B號', 'registerDate': '2015-08-26 00:00:00.0'}]",其他設施,雲林縣
1502,20201116000003,台鐵斗南站宿舍群,"{'code': 'A99', 'name': '其他設施', 'other': ''}",<<歷史建築登錄廢止審查及輔助辦法>>第2條第1項第1、2、3、4款,120.47846,23.67365,"{'itemNo': 2, 'cityName': '雲林縣', 'distName': '斗南鎮', 'address': '南昌里民權路39號'}",雲林縣政府,文化觀光處,雲林縣斗六市大學路三段310號,05-5523218,"<a href=""http://nchdb.boch.gov.tw/assets/advanceSearch/historicalBuilding/20201116000003"" target=""_blank"">http://nchdb.boch.gov.tw/assets/advanceSearch/historicalBuilding/20201116000003</a>","[{'classification': '指定/登錄', 'officialDocNo': '府文資二字第1047400868B號', 'registerDate': '2015-02-02 19:06:18.0'}, {'classification': '指定/登錄', 'officialDocNo': '府文資二字第1047409063B號', 'registerDate': '2015-08-26 00:00:00.0'}]",其他設施,雲林縣
1502,20201116000003,台鐵斗南站宿舍群,"{'code': 'A99', 'name': '其他設施', 'other': ''}",<<歷史建築登錄廢止審查及輔助辦法>>第2條第1項第1、2、3、4款,120.47846,23.67365,"{'itemNo': 3, 'cityName': '雲林縣', 'distName': '斗南鎮', 'address': '南昌里民權路41號'}",雲林縣政府,文化觀光處,雲林縣斗六市大學路三段310號,05-5523218,"<a href=""http://nchdb.boch.gov.tw/assets/advanceSearch/historicalBuilding/20201116000003"" target=""_blank"">http://nchdb.boch.gov.tw/assets/advanceSearch/historicalBuilding/20201116000003</a>","[{'classification': '指定/登錄', 'officialDocNo': '府文資二字第1047400868B號', 'registerDate': '2015-02-02 19:06:18.0'}, {'classification': '指定/登錄', 'officialDocNo': '府文資二字第1047409063B號', 'registerDate': '2015-08-26 00:00:00.0'}]",其他設施,雲林縣
1502,20201116000003,台鐵斗南站宿舍群,"{'code': 'A99', 'name': '其他設施', 'other': ''}",<<歷史建築登錄廢止審查及輔助辦法>>第2條第1項第1、2、3、4款,120.47846,23.67365,"{'itemNo': 4, 'cityName': '雲林縣', 'distName': '斗南鎮', 'address': '南昌里民權路43號'}",雲林縣政府,文化觀光處,雲林縣斗六市大學路三段310號,05-5523218,"<a href=""http://nchdb.boch.gov.tw/assets/advanceSearch/historicalBuilding/20201116000003"" target=""_blank"">http://nchdb.boch.gov.tw/assets/advanceSearch/historicalBuilding/20201116000003</a>","[{'classification': '指定/登錄', 'officialDocNo': '府文資二字第1047400868B號', 'registerDate': '2015-02-02 19:06:18.0'}, {'classification': '指定/登錄', 'officialDocNo': '府文資二字第1047409063B號', 'registerDate': '2015-08-26 00:00:00.0'}]",其他設施,雲林縣
1502,20201116000003,台鐵斗南站宿舍群,"{'code': 'A99', 'name': '其他設施', 'other': ''}",<<歷史建築登錄廢止審查及輔助辦法>>第2條第1項第1、2、3、4款,120.47846,23.67365,"{'itemNo': 5, 'cityName': '雲林縣', 'distName': '斗南鎮', 'address': '南昌里民權路45號'}",雲林縣政府,文化觀光處,雲林縣斗六市大學路三段310號,05-5523218,"<a href=""http://nchdb.boch.gov.tw/assets/advanceSearch/historicalBuilding/20201116000003"" target=""_blank"">http://nchdb.boch.gov.tw/assets/advanceSearch/historicalBuilding/20201116000003</a>","[{'classification': '指定/登錄', 'officialDocNo': '府文資二字第1047400868B號', 'registerDate': '2015-02-02 19:06:18.0'}, {'classification': '指定/登錄', 'officialDocNo': '府文資二字第1047409063B號', 'registerDate': '2015-08-26 00:00:00.0'}]",其他設施,雲林縣
1502,20201116000003,台鐵斗南站宿舍群,"{'code': 'A99', 'name': '其他設施', 'other': ''}",<<歷史建築登錄廢止審查及輔助辦法>>第2條第1項第1、2、3、4款,120.47846,23.67365,"{'itemNo': 6, 'cityName': '雲林縣', 'distName': '斗南鎮', 'address': '南昌里民權路47號'}",雲林縣政府,文化觀光處,雲林縣斗六市大學路三段310號,05-5523218,"<a href=""http://nchdb.boch.gov.tw/assets/advanceSearch/historicalBuilding/20201116000003"" target=""_blank"">http://nchdb.boch.gov.tw/assets/advanceSearch/historicalBuilding/20201116000003</a>","[{'classification': '指定/登錄', 'officialDocNo': '府文資二字第1047400868B號', 'registerDate': '2015-02-02 19:06:18.0'}, {'classification': '指定/登錄', 'officialDocNo': '府文資二字第1047409063B號', 'registerDate': '2015-08-26 00:00:00.0'}]",其他設施,雲林縣
1502,20201116000003,台鐵斗南站宿舍群,"{'code': 'A99', 'name': '其他設施', 'other': ''}",<<歷史建築登錄廢止審查及輔助辦法>>第2條第1項第1、2、3、4款,120.47846,23.67365,"{'itemNo': 7, 'cityName': '雲林縣', 'distName': '斗南鎮', 'address': '南昌里民權路49號'}",雲林縣政府,文化觀光處,雲林縣斗六市大學路三段310號,05-5523218,"<a href=""http://nchdb.boch.gov.tw/assets/advanceSearch/historicalBuilding/20201116000003"" target=""_blank"">http://nchdb.boch.gov.tw/assets/advanceSearch/historicalBuilding/20201116000003</a>","[{'classification': '指定/登錄', 'officialDocNo': '府文資二字第1047400868B號', 'registerDate': '2015-02-02 19:06:18.0'}, {'classification': '指定/登錄', 'officialDocNo': '府文資二字第1047409063B號', 'registerDate': '2015-08-26 00:00:00.0'}]",其他設施,雲林縣
1502,20201116000003,台鐵斗南站宿舍群,"{'code': 'A99', 'name': '其他設施', 'other': ''}",<<歷史建築登錄廢止審查及輔助辦法>>第2條第1項第1、2、3、4款,120.47846,23.67365,"{'itemNo': 8, 'cityName': '雲林縣', 'distName': '斗南鎮', 'address': '南昌里民權路51號'}",雲林縣政府,文化觀光處,雲林縣斗六市大學路三段310號,05-5523218,"<a href=""http://nchdb.boch.gov.tw/assets/advanceSearch/historicalBuilding/20201116000003"" target=""_blank"">http://nchdb.boch.gov.tw/assets/advanceSearch/historicalBuilding/20201116000003</a>","[{'classification': '指定/登錄', 'officialDocNo': '府文資二字第1047400868B號', 'registerDate': '2015-02-02 19:06:18.0'}, {'classification': '指定/登錄', 'officialDocNo': '府文資二字第1047409063B號', 'registerDate': '2015-08-26 00:00:00.0'}]",其他設施,雲林縣
1502,20201116000003,台鐵斗南站宿舍群,"{'code': 'A99', 'name': '其他設施', 'other': ''}",<<歷史建築登錄廢止審查及輔助辦法>>第2條第1項第1、2、3、4款,120.47846,23.67365,"{'itemNo': 9, 'cityName': '雲林縣', 'distName': '斗南鎮', 'address': '南昌里民權路53號'}",雲林縣政府,文化觀光處,雲林縣斗六市大學路三段310號,05-5523218,"<a href=""http://nchdb.boch.gov.tw/assets/advanceSearch/historicalBuilding/20201116000003"" target=""_blank"">http://nchdb.boch.gov.tw/assets/advanceSearch/historicalBuilding/20201116000003</a>","[{'classification': '指定/登錄', 'officialDocNo': '府文資二字第1047400868B號', 'registerDate': '2015-02-02 19:06:18.0'}, {'classification': '指定/登錄', 'officialDocNo': '府文資二字第1047409063B號', 'registerDate': '2015-08-26 00:00:00.0'}]",其他設施,雲林縣
1502,20201116000003,台鐵斗南站宿舍群,"{'code': 'A99', 'name': '其他設施', 'other': ''}",<<歷史建築登錄廢止審查及輔助辦法>>第2條第1項第1、2、3、4款,120.47846,23.67365,"{'itemNo': 10, 'cityName': '雲林縣', 'distName': '斗南鎮', 'address': '南昌里民權路55號'}",雲林縣政府,文化觀光處,雲林縣斗六市大學路三段310號,05-5523218,"<a href=""http://nchdb.boch.gov.tw/assets/advanceSearch/historicalBuilding/20201116000003"" target=""_blank"">http://nchdb.boch.gov.tw/assets/advanceSearch/historicalBuilding/20201116000003</a>","[{'classification': '指定/登錄', 'officialDocNo': '府文資二字第1047400868B號', 'registerDate': '2015-02-02 19:06:18.0'}, {'classification': '指定/登錄', 'officialDocNo': '府文資二字第1047409063B號', 'registerDate': '2015-08-26 00:00:00.0'}]",其他設施,雲林縣
1502,20201116000003,台鐵斗南站宿舍群,"{'code': 'A99', 'name': '其他設施', 'other': ''}",<<歷史建築登錄廢止審查及輔助辦法>>第2條第1項第1、2、3、4款,120.47846,23.67365,"{'itemNo': 11, 'cityName': '雲林縣', 'distName': '斗南鎮', 'address': '南昌里民權路57號'}",雲林縣政府,文化觀光處,雲林縣斗六市大學路三段310號,05-5523218,"<a href=""http://nchdb.boch.gov.tw/assets/advanceSearch/historicalBuilding/20201116000003"" target=""_blank"">http://nchdb.boch.gov.tw/assets/advanceSearch/historicalBuilding/20201116000003</a>","[{'classification': '指定/登錄', 'officialDocNo': '府文資二字第1047400868B號', 'registerDate': '2015-02-02 19:06:18.0'}, {'classification': '指定/登錄', 'officialDocNo': '府文資二字第1047409063B號', 'registerDate': '2015-08-26 00:00:00.0'}]",其他設施,雲林縣
1502,20201116000003,台鐵斗南站宿舍群,"{'code': 'A99', 'name': '其他設施', 'other': ''}",<<歷史建築登錄廢止審查及輔助辦法>>第2條第1項第1、2、3、4款,120.47846,23.67365,"{'itemNo': 12, 'cityName': '雲林縣', 'distName': '斗南鎮', 'address': '南昌里新興街155號'}",雲林縣政府,文化觀光處,雲林縣斗六市大學路三段310號,05-5523218,"<a href=""http://nchdb.boch.gov.tw/assets/advanceSearch/historicalBuilding/20201116000003"" target=""_blank"">http://nchdb.boch.gov.tw/assets/advanceSearch/historicalBuilding/20201116000003</a>","[{'classification': '指定/登錄', 'officialDocNo': '府文資二字第1047400868B號', 'registerDate': '2015-02-02 19:06:18.0'}, {'classification': '指定/登錄', 'officialDocNo': '府文資二字第1047409063B號', 'registerDate': '2015-08-26 00:00:00.0'}]",其他設施,雲林縣
1502,20201116000003,台鐵斗南站宿舍群,"{'code': 'A99', 'name': '其他設施', 'other': ''}",<<歷史建築登錄廢止審查及輔助辦法>>第2條第1項第1、2、3、4款,120.47846,23.67365,"{'itemNo': 13, 'cityName': '雲林縣', 'distName': '斗南鎮', 'address': '南昌里新興街157號'}",雲林縣政府,文化觀光處,雲林縣斗六市大學路三段310號,05-5523218,"<a href=""http://nchdb.boch.gov.tw/assets/advanceSearch/historicalBuilding/20201116000003"" target=""_blank"">http://nchdb.boch.gov.tw/assets/advanceSearch/historicalBuilding/20201116000003</a>","[{'classification': '指定/登錄', 'officialDocNo': '府文資二字第1047400868B號', 'registerDate': '2015-02-02 19:06:18.0'}, {'classification': '指定/登錄', 'officialDocNo': '府文資二字第1047409063B號', 'registerDate': '2015-08-26 00:00:00.0'}]",其他設施,雲林縣
1503,20201126000002,月眉公學校宿舍,"{'code': 'A99', 'name': '其他設施', 'other': '宿舍'}",<<歷史建築紀念建築登錄廢止審查及輔助辦法>>第2條第1項第1款,120.69090067176798,24.31429410702963,"{'itemNo': 1, 'cityName': '臺中市', 'distName': '后里區', 'address': '甲后路二段588號'}",臺中市政府文化局,臺中市文化資產處,臺中市西區市府路41巷19號,04-22290280,"<a href=""http://nchdb.boch.gov.tw/assets/advanceSearch/historicalBuilding/20201126000002"" target=""_blank"">http://nchdb.boch.gov.tw/assets/advanceSearch/historicalBuilding/20201126000002</a>","[{'classification': '指定/登錄', 'officialDocNo': '府授文資古字第10902659621號', 'registerDate': '2020-11-11 17:17:06.776'}]",其他設施,臺中市
1504,20201123000001,大溪郡役所舊構及留置場,"{'code': 'A20', 'name': '辦公廳舍'}",<<歷史建築紀念建築登錄廢止審查及輔助辦法>>第2條第1項第1、2、3款規定。,121.28685,24.88015,"{'itemNo': 1, 'cityName': '桃園市', 'distName': '大溪區', 'address': '普濟路9號'}",桃園市政府文化局,文化資產科,桃園市桃園區縣府路21號,3322592#8624,"<a href=""http://nchdb.boch.gov.tw/assets/advanceSearch/historicalBuilding/20201123000001"" target=""_blank"">http://nchdb.boch.gov.tw/assets/advanceSearch/historicalBuilding/20201123000001</a>","[{'classification': '指定/登錄', 'officialDocNo': '府文資字第10901985161號', 'registerDate': '2020-09-25 10:12:13.738'}]",辦公廳舍,桃園市
1505,20201125000001,大林濟陽衍派街屋,"{'code': 'A3', 'name': '宅第'}",《歷史建築紀念建築登錄廢止審查及輔助辦法》第2條第1項第1、2、3款登錄基準。,120.44663942883605,23.596049472799372,"{'itemNo': 1, 'cityName': '嘉義縣', 'distName': '大林鎮', 'address': '中山路70號'}",嘉義縣政府,文化觀光局,嘉義縣太保市太子大道158號,05-3628123*310,"<a href=""http://nchdb.boch.gov.tw/assets/advanceSearch/historicalBuilding/20201125000001"" target=""_blank"">http://nchdb.boch.gov.tw/assets/advanceSearch/historicalBuilding/20201125000001</a>","[{'classification': '指定/登錄', 'officialDocNo': '府授文資字第1090156824號', 'registerDate': '2020-07-28 09:08:21.63'}]",宅第,嘉義縣
1506,20201125000002,南靖糖廠倉庫群,"{'code': 'A99', 'name': '其他設施', 'other': '倉庫'}",<<歷史建築紀念建築登錄廢止審查及輔助辦法>>第2條第1項第1、2款登錄基準。,120.3841976,23.4144935,"{'itemNo': 1, 'cityName': '嘉義縣', 'distName': '水上鄉', 'address': '靖和村1號'}",嘉義縣政府,文化觀光局,嘉義縣太保市太子大道158號,053628123,"<a href=""http://nchdb.boch.gov.tw/assets/advanceSearch/historicalBuilding/20201125000002"" target=""_blank"">http://nchdb.boch.gov.tw/assets/advanceSearch/historicalBuilding/20201125000002</a>","[{'classification': '指定/登錄', 'officialDocNo': '府授文資字第1090176318號', 'registerDate': '2020-08-17 09:57:21.159'}]",其他設施,嘉義縣
1507,20201125000004,國立臺灣師範大學附屬高級中學「舊北樓」,"{'code': 'A24', 'name': '學校'}",<<歷史建築紀念建築登錄廢止審查及輔助辦法>>第2條第1項第1、2、3款,121.54079684585867,25.035297794657865,"{'itemNo': 1, 'cityName': '臺北市', 'distName': '大安區', 'address': '信義路3段143號'}",臺北市政府文化局,文化資產科,臺北市信義區市府路1號4樓東北區,(02)2720-8889,"<a href=""http://nchdb.boch.gov.tw/assets/advanceSearch/historicalBuilding/20201125000004"" target=""_blank"">http://nchdb.boch.gov.tw/assets/advanceSearch/historicalBuilding/20201125000004</a>","[{'classification': '指定/登錄', 'officialDocNo': '北市文化文資字第10930393131號', 'registerDate': '2020-11-17 00:00:00.0', 'note': '登錄'}]",學校,臺北市
1508,20201127000001,西子灣隧道及其防空設施,"{'code': 'A99', 'name': '其他設施', 'other': '隧道'}",<<歷史建築登錄廢止審查及輔助辦法>>第2條第1項第1款,120.269065796311,22.6245077332976,"{'itemNo': 1, 'cityName': '高雄市', 'distName': '鼓山區', 'address': '臨海二路與哨船街口'}",高雄市政府文化局,文化資產中心,高雄市苓雅區 五福一路67號,(07)222-5136#8783,"<a href=""http://nchdb.boch.gov.tw/assets/advanceSearch/historicalBuilding/20201127000001"" target=""_blank"">http://nchdb.boch.gov.tw/assets/advanceSearch/historicalBuilding/20201127000001</a>","[{'classification': '指定/登錄', 'officialDocNo': '高市府文二字第0930020248號', 'registerDate': '2004-04-09 11:00:08.0'}]",其他設施,高雄市
1509,20201127000002,高雄代天宮,"{'code': 'A2', 'name': '寺廟'}",<<歷史建築登錄廢止審查及輔助辦法>>第2條第1項第1、2、3款,120.271064081143,22.6225505259049,"{'itemNo': 1, 'cityName': '高雄市', 'distName': '鼓山區', 'address': '高雄市鼓山區鼓波街27號'}",高雄市政府文化局,文化資產中心,高雄市苓雅區五福一路67號,(07)222-5136分機8629,"<a href=""http://nchdb.boch.gov.tw/assets/advanceSearch/historicalBuilding/20201127000002"" target=""_blank"">http://nchdb.boch.gov.tw/assets/advanceSearch/historicalBuilding/20201127000002</a>","[{'classification': '指定/登錄', 'officialDocNo': '高市府文二字第0980019665號', 'registerDate': '2009-04-03 09:30:18.0'}]",寺廟,高雄市
1510,20201127000003,茂林得樂的卡(瑪雅)部落舊址,"{'code': 'A99', 'name': '其他設施', 'other': '傳統聚落類'}",<<歷史建築登錄廢止審查及輔助辦法>>第2條第1項第1、2、3款,120.68553653841,22.9266432324274,"{'itemNo': 1, 'cityName': '高雄市', 'distName': '茂林區', 'address': '高雄市茂林區萬山地區'}",高雄市政府文化局,文化資產中心,高雄市苓雅區五福一路67號,(07)222-5136分機8523,"<a href=""http://nchdb.boch.gov.tw/assets/advanceSearch/historicalBuilding/20201127000003"" target=""_blank"">http://nchdb.boch.gov.tw/assets/advanceSearch/historicalBuilding/20201127000003</a>","[{'classification': '指定/登錄', 'officialDocNo': '府文資字第0920159158 號', 'registerDate': '2003-09-08 09:43:15.0'}, {'classification': '變更/修正', 'officialDocNo': '高市府文資字第11032364800號', 'registerDate': '2022-01-03 14:52:42.942', 'note': '定著土地地號變更'}]",其他設施,高雄市
1511,20201129000002,盤山忠勇部隊伏地堡,"{'code': 'A99', 'name': '其他設施', 'other': '軍事設施（碉堡）'}",<<歷史建築紀念建築登錄廢止審查及輔助辦法>>第2條第1項第3款,118.33732,24.44093,"{'itemNo': 1, 'cityName': '金門縣', 'distName': '金寧鄉', 'address': '中三劃測段488、517地號'}",金門縣文化局,文化資產科,金門縣金城鎮環島北路一段66號,082-323169#812,"<a href=""http://nchdb.boch.gov.tw/assets/advanceSearch/historicalBuilding/20201129000002"" target=""_blank"">http://nchdb.boch.gov.tw/assets/advanceSearch/historicalBuilding/20201129000002</a>","[{'classification': '指定/登錄', 'officialDocNo': '府文資字第1090095188號', 'registerDate': '2020-10-29 22:58:02.072'}]",其他設施,金門縣
1512,20201130000001,阿蓮中路吳厝,"{'code': 'A3', 'name': '宅第'}",<<歷史建築登錄廢止審查及輔助辦法>>第2條第1項第1、2、3款,120.296558328292,22.8948995573536,"{'itemNo': 1, 'cityName': '高雄市', 'distName': '阿蓮區', 'address': '中路里中路1 號'}",高雄市政府文化局,文化資產中心,高雄市苓雅區五福一路67號,(07)222-5136分機8725,"<a href=""http://nchdb.boch.gov.tw/assets/advanceSearch/historicalBuilding/20201130000001"" target=""_blank"">http://nchdb.boch.gov.tw/assets/advanceSearch/historicalBuilding/20201130000001</a>","[{'classification': '指定/登錄', 'officialDocNo': '府文資字第0920216617A 號', 'registerDate': '2003-12-15 10:50:04.0'}]",宅第,高雄市
1513,20201201000003,美濃警察分駐所,"{'code': 'A6', 'name': '衙署'}",<<歷史建築登錄廢止審查及輔助辦法>>第2條第1項第1、3、4款,120.542446199398,22.8998611041204,"{'itemNo': 1, 'cityName': '高雄市', 'distName': '美濃區', 'address': '永安路212號'}",高雄市政府文化局,文資中心,高雄市苓雅區五福一路67號,(07)222-5136分機8521,"<a href=""http://nchdb.boch.gov.tw/assets/advanceSearch/historicalBuilding/20201201000003"" target=""_blank"">http://nchdb.boch.gov.tw/assets/advanceSearch/historicalBuilding/20201201000003</a>","[{'classification': '指定/登錄', 'officialDocNo': '府文資字第0960082301號', 'registerDate': '2007-04-09 10:31:34.0'}]",衙署,高雄市
1514,20201201000012,原岡山日本海軍航空隊宿舍群（醒村）,"{'code': 'A3', 'name': '宅第'}",<<歷史建築登錄廢止審查及輔助辦法>>第2條第1項第1、3款,120.285071804106,22.7841955341041,"{'itemNo': 1, 'cityName': '高雄市', 'distName': '岡山區', 'address': '白米路與介壽西路交接處'}",高雄市政府文化局,文化資產中心,高雄市苓雅區五福一路67號,(07)222-5136分機8327,"<a href=""http://nchdb.boch.gov.tw/assets/advanceSearch/historicalBuilding/20201201000012"" target=""_blank"">http://nchdb.boch.gov.tw/assets/advanceSearch/historicalBuilding/20201201000012</a>","[{'classification': '指定/登錄', 'officialDocNo': '府文資字第0980006761A號', 'registerDate': '2009-04-08 09:30:03.0'}]",宅第,高雄市
1515,20201202000001,左營海軍中山堂,"{'code': 'A99', 'name': '其他設施', 'other': '歷史記憶場所'}",<<歷史建築登錄廢止審查及輔助辦法>>第2條第1項第1、3款,120.291942,22.689529,"{'itemNo': 1, 'cityName': '高雄市', 'distName': '左營區', 'address': '高雄市左營區實踐路71號'}",高雄市政府文化局,文化資產中心,高雄市苓雅區 五福一路67號,07-2225136#8326,"<a href=""http://nchdb.boch.gov.tw/assets/advanceSearch/historicalBuilding/20201202000001"" target=""_blank"">http://nchdb.boch.gov.tw/assets/advanceSearch/historicalBuilding/20201202000001</a>","[{'classification': '指定/登錄', 'officialDocNo': '高市府文資字第10231897000號', 'registerDate': '2013-12-11 15:39:42.0'}]",其他設施,高雄市
1516,20201202000002,原臺灣總督府農業試驗所鳳山熱帶園藝試驗支所辦公廳舍,"{'code': 'A99', 'name': '其他設施', 'other': '辦公廳舍'}",<<歷史建築登錄廢止審查及輔助辦法>>第2條第1項第1、2、3、4款,120.35981,22.645036,"{'itemNo': 1, 'cityName': '高雄市', 'distName': '鳳山區', 'address': '高雄市鳳山區文龍東路530號'}",高雄市政府,高雄市政府文化局,高雄市苓雅區五福一路67號,(07)222-5136分機8529,"<a href=""http://nchdb.boch.gov.tw/assets/advanceSearch/historicalBuilding/20201202000002"" target=""_blank"">http://nchdb.boch.gov.tw/assets/advanceSearch/historicalBuilding/20201202000002</a>","[{'classification': '指定/登錄', 'officialDocNo': '高市府文資字第10531488901號', 'registerDate': '2016-11-01 00:00:00.0'}]",其他設施,高雄市
1517,20201202000003,王沃、王石定故居,"{'code': 'A3', 'name': '宅第'}",<<歷史建築登錄廢止審查及輔助辦法>>第2條第1項第1、2、3、4款,120.27126,22.620646999999998,"{'itemNo': 1, 'cityName': '高雄市', 'distName': '鼓山區', 'address': '高雄市鼓山區延平街33、35、37號、鼓南街27號、濱海一路88巷60號'}",高雄市政府文化局,文化資產中心,高雄市苓雅區五福一路67號,(07)222-5136分機8323,"<a href=""http://nchdb.boch.gov.tw/assets/advanceSearch/historicalBuilding/20201202000003"" target=""_blank"">http://nchdb.boch.gov.tw/assets/advanceSearch/historicalBuilding/20201202000003</a>","[{'classification': '指定/登錄', 'officialDocNo': '高市府文資字第10630519401號', 'registerDate': '2017-05-04 00:00:00.0'}]",宅第,高雄市
1518,20201202000004,原台塑高雄廠區及宿舍區,"{'code': 'A3', 'name': '宅第'}",<<歷史建築登錄廢止審查及輔助辦法>>第2條第1項第1款,120.3098044,22.6033862,"{'itemNo': 1, 'cityName': '高雄市', 'distName': '前鎮區', 'address': '高雄市前鎮區中山三路39號。'}",高雄市政府文化局,文化資產中心,高雄市苓雅區五福一路374號,07-2225136,"<a href=""http://nchdb.boch.gov.tw/assets/advanceSearch/historicalBuilding/20201202000004"" target=""_blank"">http://nchdb.boch.gov.tw/assets/advanceSearch/historicalBuilding/20201202000004</a>","[{'classification': '指定/登錄', 'officialDocNo': '高市府文資10731980501號', 'registerDate': '2018-12-05 00:00:00.0'}]",宅第,高雄市
1519,20201202000005,高雄市私立三信家商波浪教室,"{'code': 'A24', 'name': '學校'}",<<歷史建築紀念建築登錄廢止審查及輔助辦法>>第2條第1項第2、3款,120.3287805,22.622051,"{'itemNo': 1, 'cityName': '高雄市', 'distName': '苓雅區', 'address': '高雄市苓雅區三多一路 186 號'}",高雄市政府文化局,文化資產中心,高雄市苓雅區五福一路67號,07-2225136,"<a href=""http://nchdb.boch.gov.tw/assets/advanceSearch/historicalBuilding/20201202000005"" target=""_blank"">http://nchdb.boch.gov.tw/assets/advanceSearch/historicalBuilding/20201202000005</a>","[{'classification': '指定/登錄', 'officialDocNo': '高市府文資字第10830261601號', 'registerDate': '2019-02-20 16:28:34.547'}]",學校,高雄市
1520,20201202000006,高雄市私立三信家商學生活動中心,"{'code': 'A24', 'name': '學校'}",<<歷史建築登錄廢止審查及輔助辦法>>第2條第1項第2款,120.3287805,22.622051,"{'itemNo': 1, 'cityName': '高雄市', 'distName': '苓雅區', 'address': '高雄市苓雅區三多一路186號'}",高雄市政府文化局,文化資產中心,高雄市苓雅區中正一路374號,07-2225136,"<a href=""http://nchdb.boch.gov.tw/assets/advanceSearch/historicalBuilding/20201202000006"" target=""_blank"">http://nchdb.boch.gov.tw/assets/advanceSearch/historicalBuilding/20201202000006</a>","[{'classification': '指定/登錄', 'officialDocNo': '高市府文資字第10830261602號', 'registerDate': '2019-02-20 17:03:08.41'}]",學校,高雄市
1521,20201202000008,原淺野水泥台灣工場（紅磚倉庫及石灰窯),"{'code': 'A16', 'name': '產業'}",<<歷史建築紀念建築登錄廢止審查及輔助辦法>>第2條第1項第1、2、3款,120.276834,22.6486543,"{'itemNo': 1, 'cityName': '高雄市', 'distName': '鼓山區', 'address': '高雄市鼓山區鼓山三路1號'}",高雄市政府文化局,文化資產中心,高雄市苓雅區五福一路67號,07-2225136 #8428,"<a href=""http://nchdb.boch.gov.tw/assets/advanceSearch/historicalBuilding/20201202000008"" target=""_blank"">http://nchdb.boch.gov.tw/assets/advanceSearch/historicalBuilding/20201202000008</a>","[{'classification': '指定/登錄', 'officialDocNo': '高市府文資字第10930578103號', 'registerDate': '2020-03-26 14:13:58.892'}]",產業,高雄市
1522,20201202000009,原臺灣省菸酒公賣局高雄分局,"{'code': 'A20', 'name': '辦公廳舍'}",<<歷史建築紀念建築登錄廢止審查及輔助辦法>>第2條第1項第1、2、3款,120.2796634,22.6209569,"{'itemNo': 1, 'cityName': '高雄市', 'distName': '鹽埕區', 'address': '高雄市鹽埕區七賢三路2號'}",高雄市政府文化局,文化資產中心,高雄市苓雅區五福一路67號,07-2225136,"<a href=""http://nchdb.boch.gov.tw/assets/advanceSearch/historicalBuilding/20201202000009"" target=""_blank"">http://nchdb.boch.gov.tw/assets/advanceSearch/historicalBuilding/20201202000009</a>","[{'classification': '指定/登錄', 'officialDocNo': '高市府文資字第10931568900號', 'registerDate': '2020-06-18 18:27:48.984'}]",辦公廳舍,高雄市
1523,20201203000002,東門國小忠孝樓、仁愛樓,"{'code': 'A24', 'name': '學校'}",<<歷史建築紀念建築登錄廢止審查及輔助辦法>>第2條第1項第2、3款,121.52055452345337,25.03859758847014,"{'itemNo': 1, 'cityName': '臺北市', 'distName': '中正區', 'address': '仁愛路1段2之4號'}",臺北市政府文化局,文化資產科,臺北市信義區市府路1號4樓東北區,(02)2720-8889,"<a href=""http://nchdb.boch.gov.tw/assets/advanceSearch/historicalBuilding/20201203000002"" target=""_blank"">http://nchdb.boch.gov.tw/assets/advanceSearch/historicalBuilding/20201203000002</a>","[{'classification': '指定/登錄', 'officialDocNo': '北市文化文資字第10930392401號', 'registerDate': '2020-11-16 00:00:00.0', 'note': '登錄歷史建築'}]",學校,臺北市
1524,20201204000006,華亭街31號店屋,"{'code': 'A3', 'name': '宅第'}",<<歷史建築紀念建築登錄廢止審查及輔助辦法>>第2條第1項第1、3款,121.51390902079488,25.052843227830564,"{'itemNo': 1, 'cityName': '臺北市', 'distName': '大同區', 'address': '華亭街31號'}",臺北市政府文化局,文化資產科,臺北市信義區市府路1號4樓東北區,(02)2720-8889,"<a href=""http://nchdb.boch.gov.tw/assets/advanceSearch/historicalBuilding/20201204000006"" target=""_blank"">http://nchdb.boch.gov.tw/assets/advanceSearch/historicalBuilding/20201204000006</a>","[{'classification': '指定/登錄', 'officialDocNo': '北市文化文資字第10930402331號函', 'registerDate': '2020-11-24 00:00:00.0', 'note': '  '}]",宅第,臺北市
1525,20201215000012,原臺灣重要物資營團,"{'code': 'A20', 'name': '辦公廳舍'}",<<歷史建築紀念建築登錄廢止審查及輔助辦法>>第2條第1項第2、3款,121.52703654771139,25.044143595006624,"{'itemNo': 1, 'cityName': '臺北市', 'distName': '中正區', 'address': '忠孝東路二段1號'}",臺北市政府文化局,文化資產科,臺北市信義區市府路1號4樓東北區,(02)2720-8889,"<a href=""http://nchdb.boch.gov.tw/assets/advanceSearch/historicalBuilding/20201215000012"" target=""_blank"">http://nchdb.boch.gov.tw/assets/advanceSearch/historicalBuilding/20201215000012</a>","[{'classification': '指定/登錄', 'officialDocNo': '北市文化文資字第 10930407351號', 'registerDate': '2020-12-03 00:00:00.0', 'note': '登錄歷史建築'}]",辦公廳舍,臺北市
1526,20201221000001,彰化八卦山大佛,"{'code': 'A99', 'name': '其他設施', 'other': '大佛'}",<<文化資產保存法>>第27條第1款暨<<歷史建築登錄及輔助辦法>>第7條,120.548768742324,24.0784658623773,"{'itemNo': 1, 'cityName': '彰化縣', 'distName': '彰化市', 'address': '中山里溫泉路31 號'}",彰化縣政府,彰化縣文化局,彰化縣彰化市卦山路3號,04-7292201,"<a href=""http://nchdb.boch.gov.tw/assets/advanceSearch/historicalBuilding/20201221000001"" target=""_blank"">http://nchdb.boch.gov.tw/assets/advanceSearch/historicalBuilding/20201221000001</a>","[{'classification': '指定/登錄', 'officialDocNo': '府授文資字第09100062415 號', 'registerDate': '2002-11-20 10:50:58.0'}]",其他設施,彰化縣
1527,20201229000001,原臺中州員林郡青果同業組合檢查所,"{'code': 'A20', 'name': '辦公廳舍'}",<<歷史建築紀念建築登錄廢止審查及輔助辦法>>第2條第1項第1、2、3款,120.570415,23.961338,"{'itemNo': 1, 'cityName': '彰化縣', 'distName': '員林市', 'address': '中山路二段75號'}",彰化縣政府,彰化縣文化局,彰化縣彰化市卦山路3號,04-7292201,"<a href=""http://nchdb.boch.gov.tw/assets/advanceSearch/historicalBuilding/20201229000001"" target=""_blank"">http://nchdb.boch.gov.tw/assets/advanceSearch/historicalBuilding/20201229000001</a>","[{'classification': '指定/登錄', 'officialDocNo': '府授文資字第1090145575B', 'registerDate': '2020-05-06 13:54:31.183'}]",辦公廳舍,彰化縣
1528,20201230000005,重慶北路三段283巷1號（大龍峒四十四坎店屋二落）,"{'code': 'A3', 'name': '宅第'}",<<歷史建築紀念建築登錄廢止審查及輔助辦法>>第2條第1項第1、3款,121.514004,25.072776,"{'itemNo': 1, 'cityName': '臺北市', 'distName': '大同區', 'address': '重慶北路三段283巷1號'}",臺北市政府文化局,文化資產科,臺北市信義區市府路1號4樓東北區,(02)2720-8889,"<a href=""http://nchdb.boch.gov.tw/assets/advanceSearch/historicalBuilding/20201230000005"" target=""_blank"">http://nchdb.boch.gov.tw/assets/advanceSearch/historicalBuilding/20201230000005</a>","[{'classification': '指定/登錄', 'officialDocNo': '北市文化文資字第1093042453號', 'registerDate': '2020-12-16 00:00:00.0', 'note': '登錄'}]",宅第,臺北市
1529,20201230000007,儒醫吳天祐紀念碑,"{'code': 'A11', 'name': '牌坊'}",歷史建築紀念建築登錄廢止審查及輔助辦法第2條第1項第1、2、3款之登錄基準,121.08687438523955,24.734034620204472,"{'itemNo': 1, 'cityName': '新竹縣', 'distName': '竹東鎮', 'address': '康寧街1號'}",新竹縣政府文化局,文化資產科,302新竹縣竹北市縣政九路146號,03-5510201分機600~612,"<a href=""http://nchdb.boch.gov.tw/assets/advanceSearch/historicalBuilding/20201230000007"" target=""_blank"">http://nchdb.boch.gov.tw/assets/advanceSearch/historicalBuilding/20201230000007</a>","[{'classification': '指定/登錄', 'officialDocNo': '府授文資字第1080102423號', 'registerDate': '2019-02-14 16:27:07.02', 'note': ''}]",牌坊,新竹縣
1529,20201230000007,儒醫吳天祐紀念碑,"{'code': 'A9', 'name': '碑碣'}",歷史建築紀念建築登錄廢止審查及輔助辦法第2條第1項第1、2、3款之登錄基準,121.08687438523955,24.734034620204472,"{'itemNo': 1, 'cityName': '新竹縣', 'distName': '竹東鎮', 'address': '康寧街1號'}",新竹縣政府文化局,文化資產科,302新竹縣竹北市縣政九路146號,03-5510201分機600~612,"<a href=""http://nchdb.boch.gov.tw/assets/advanceSearch/historicalBuilding/20201230000007"" target=""_blank"">http://nchdb.boch.gov.tw/assets/advanceSearch/historicalBuilding/20201230000007</a>","[{'classification': '指定/登錄', 'officialDocNo': '府授文資字第1080102423號', 'registerDate': '2019-02-14 16:27:07.02', 'note': ''}]",碑碣,新竹縣
1530,20210702000007,斗南派出所,"{'code': 'A6', 'name': '衙署'}",<<歷史建築登錄廢止審查及輔助辦法>>第2條第1項第1、2、3、4款,120.47808,23.6731,"{'itemNo': 1, 'cityName': '雲林縣', 'distName': '斗南鎮', 'address': '中山路11號'}",雲林縣政府,文化觀光處,雲林縣斗六市大學路三段310號,(05)5523218,"<a href=""http://nchdb.boch.gov.tw/assets/advanceSearch/historicalBuilding/20210702000007"" target=""_blank"">http://nchdb.boch.gov.tw/assets/advanceSearch/historicalBuilding/20210702000007</a>","[{'classification': '指定/登錄', 'officialDocNo': '府文資二字第1047404218B號', 'registerDate': '2015-04-30 00:00:00.0'}]",衙署,雲林縣
1531,20210703000001,糖鐵原烏麻園車站,"{'code': 'A7', 'name': '車站'}",<<歷史建築登錄廢止審查及輔助辦法>>第2條第1項第1、2、3、4款,120.186715,23.584826,"{'itemNo': 1, 'cityName': '雲林縣', 'distName': '口湖鄉', 'address': '口湖路39號'}",雲林縣政府,文化觀光處,雲林縣斗六市大學路三段310號,(05)5523218,"<a href=""http://nchdb.boch.gov.tw/assets/advanceSearch/historicalBuilding/20210703000001"" target=""_blank"">http://nchdb.boch.gov.tw/assets/advanceSearch/historicalBuilding/20210703000001</a>","[{'classification': '指定/登錄', 'officialDocNo': '府文資二字第1053813803B號', 'registerDate': '2016-12-23 20:37:55.804'}]",車站,雲林縣
1532,20210113000001,崙背分駐所宿舍群,"{'code': 'A99', 'name': '其他設施', 'other': '日式宿舍'}",符合文化資產保存法第15條暨歷史建築登錄廢止審查及輔助辦法第2條第1、2、3、4項登錄評定基準。,120.35516332262658,23.76228226349818,"{'itemNo': 1, 'cityName': '雲林縣', 'distName': '崙背鄉', 'address': '民權路114號-4、114號-5、114號-6、114號-7、114號-8'}",雲林縣政府,文化觀光處,雲林縣斗六市大學路3段310號,05-5523152,"<a href=""http://nchdb.boch.gov.tw/assets/advanceSearch/historicalBuilding/20210113000001"" target=""_blank"">http://nchdb.boch.gov.tw/assets/advanceSearch/historicalBuilding/20210113000001</a>","[{'classification': '指定/登錄', 'officialDocNo': '府文資字第09924018831號', 'registerDate': '2010-10-18 00:00:00.0'}]",其他設施,雲林縣
1533,20210116000001,迪化街一段132號店屋,"{'code': 'A3', 'name': '宅第'}",<<歷史建築紀念建築登錄廢止審查及輔助辦法>>第2條第1項第1、2、3款,121.50970690287758,25.0575048923593,"{'itemNo': 1, 'cityName': '臺北市', 'distName': '大同區', 'address': '迪化街一段132號'}",臺北市政府文化局,文化資產科,臺北市信義區市府路1號4樓東北區,(02)2720-8889,"<a href=""http://nchdb.boch.gov.tw/assets/advanceSearch/historicalBuilding/20210116000001"" target=""_blank"">http://nchdb.boch.gov.tw/assets/advanceSearch/historicalBuilding/20210116000001</a>","[{'classification': '指定/登錄', 'officialDocNo': '北市文化文資字弟10930185861號', 'registerDate': '2020-04-30 00:00:00.0', 'note': '歷史建築'}]",宅第,臺北市
1534,20210208000001,日本豐里移民村大橋組指導官舍,"{'code': 'A3', 'name': '宅第'}",<<歷史建築紀念建築登錄廢止審查及輔助辦法>>第2條第1項第1、2、3款,120.514913,23.86715,"{'itemNo': 1, 'cityName': '彰化縣', 'distName': '北斗鎮', 'address': '西德里舜耕路27號'}",彰化縣政府,彰化縣文化局,彰化縣彰化市卦山路3號,04-7292201,"<a href=""http://nchdb.boch.gov.tw/assets/advanceSearch/historicalBuilding/20210208000001"" target=""_blank"">http://nchdb.boch.gov.tw/assets/advanceSearch/historicalBuilding/20210208000001</a>","[{'classification': '指定/登錄', 'officialDocNo': '府授文資字第1090274380B', 'registerDate': '2020-08-07 10:40:24.03'}]",宅第,彰化縣
1535,20210126000001,員林郡高等官舍,"{'code': 'A17', 'name': '官邸'}",<<歷史建築紀念建築登錄廢止審查及輔助辦法>>第2條第1項第1、2、3款,120.5753824149523,23.95882102806559,"{'itemNo': 1, 'cityName': '彰化縣', 'distName': '員林市', 'address': '三民東街6號'}",彰化縣政府,彰化縣文化局,彰化縣彰化市卦山路3號,04-7292201,"<a href=""http://nchdb.boch.gov.tw/assets/advanceSearch/historicalBuilding/20210126000001"" target=""_blank"">http://nchdb.boch.gov.tw/assets/advanceSearch/historicalBuilding/20210126000001</a>","[{'classification': '指定/登錄', 'officialDocNo': '府授文資字第1090228068B號', 'registerDate': '2020-07-07 11:07:43.404'}, {'classification': '變更/修正', 'officialDocNo': '府授文資字第1120487752號', 'registerDate': '2023-12-08 11:43:15.368', 'note': '修正登錄理由'}]",官邸,彰化縣
1536,20210526000004,東引鄉劉依祥宅,"{'code': 'A3', 'name': '宅第'}","文化資產保存法第18條
歷史建築紀念建築登錄廢止審查及輔助辦法第2條、第4條、第5條",120.48723128962297,26.36720111249033,"{'itemNo': 1, 'cityName': '連江縣', 'distName': '東引鄉', 'address': '樂華村36號'}",連江縣政府,連江縣政府文化處,連江縣南竿鄉清水村136-1號,0836-22393,"<a href=""http://nchdb.boch.gov.tw/assets/advanceSearch/historicalBuilding/20210526000004"" target=""_blank"">http://nchdb.boch.gov.tw/assets/advanceSearch/historicalBuilding/20210526000004</a>","[{'classification': '指定/登錄', 'officialDocNo': '連文推字第1050001326號', 'registerDate': '2016-01-08 13:44:41.973'}]",宅第,連江縣
1537,20210201000001,安西街2、4、6號店屋,"{'code': 'A3', 'name': '宅第'}",<<歷史建築紀念建築登錄廢止審查及輔助辦法>>第2條第1項第1、3款,121.510132,25.058402,"{'itemNo': 1, 'cityName': '臺北市', 'distName': '大同區', 'address': '安西街2號'}",臺北市政府文化局,文化資產科,臺北市信義區市府路1號4樓東北區,(02)2720-8889,"<a href=""http://nchdb.boch.gov.tw/assets/advanceSearch/historicalBuilding/20210201000001"" target=""_blank"">http://nchdb.boch.gov.tw/assets/advanceSearch/historicalBuilding/20210201000001</a>","[{'classification': '指定/登錄', 'officialDocNo': '北市文化文資字第11030062611 號', 'registerDate': '2021-01-19 00:00:00.0', 'note': '歷史建築'}]",宅第,臺北市
1537,20210201000001,安西街2、4、6號店屋,"{'code': 'A3', 'name': '宅第'}",<<歷史建築紀念建築登錄廢止審查及輔助辦法>>第2條第1項第1、3款,121.510132,25.058402,"{'itemNo': 2, 'cityName': '臺北市', 'distName': '大同區', 'address': '安西街4號'}",臺北市政府文化局,文化資產科,臺北市信義區市府路1號4樓東北區,(02)2720-8889,"<a href=""http://nchdb.boch.gov.tw/assets/advanceSearch/historicalBuilding/20210201000001"" target=""_blank"">http://nchdb.boch.gov.tw/assets/advanceSearch/historicalBuilding/20210201000001</a>","[{'classification': '指定/登錄', 'officialDocNo': '北市文化文資字第11030062611 號', 'registerDate': '2021-01-19 00:00:00.0', 'note': '歷史建築'}]",宅第,臺北市
1537,20210201000001,安西街2、4、6號店屋,"{'code': 'A3', 'name': '宅第'}",<<歷史建築紀念建築登錄廢止審查及輔助辦法>>第2條第1項第1、3款,121.510132,25.058402,"{'itemNo': 3, 'cityName': '臺北市', 'distName': '大同區', 'address': '安西街6號'}",臺北市政府文化局,文化資產科,臺北市信義區市府路1號4樓東北區,(02)2720-8889,"<a href=""http://nchdb.boch.gov.tw/assets/advanceSearch/historicalBuilding/20210201000001"" target=""_blank"">http://nchdb.boch.gov.tw/assets/advanceSearch/historicalBuilding/20210201000001</a>","[{'classification': '指定/登錄', 'officialDocNo': '北市文化文資字第11030062611 號', 'registerDate': '2021-01-19 00:00:00.0', 'note': '歷史建築'}]",宅第,臺北市
1538,20210203000001,高雄港港史館,"{'code': 'A99', 'name': '其他設施'}",<<歷史建築登錄廢止審查及輔助辦法>>第2條第1項第1款,120.279267,22.618469,"{'itemNo': 1, 'cityName': '高雄市', 'distName': '鼓山區', 'address': '蓬萊路3號'}",高雄市政府文化局,文化資產中心,高雄市苓雅區五福一路67號,(07)222-5136分機8323,"<a href=""http://nchdb.boch.gov.tw/assets/advanceSearch/historicalBuilding/20210203000001"" target=""_blank"">http://nchdb.boch.gov.tw/assets/advanceSearch/historicalBuilding/20210203000001</a>","[{'classification': '指定/登錄', 'officialDocNo': '高市府文二字第0920010663號', 'registerDate': '2003-02-26 17:35:11.07'}]",其他設施,高雄市
1539,20210222000001,大寮共益磚窯廠,"{'code': 'A16', 'name': '產業'}",<<歷史建築紀念建築登錄廢止審查及輔助辦法>>第2條第1項第2、3款,120.38214613475664,22.619134603282113,"{'itemNo': 1, 'cityName': '高雄市', 'distName': '大寮區', 'address': '鳳林四路353號後方'}",高雄市政府文化局,文化資產中心,高雄市苓雅區五福一路67號,(07)222-5136分機8128,"<a href=""http://nchdb.boch.gov.tw/assets/advanceSearch/historicalBuilding/20210222000001"" target=""_blank"">http://nchdb.boch.gov.tw/assets/advanceSearch/historicalBuilding/20210222000001</a>","[{'classification': '指定/登錄', 'officialDocNo': '高市府文資字第10930566400號', 'registerDate': '2020-03-20 00:00:00.0'}]",產業,高雄市
1540,20210222000002,大寮瑞榮紅磚工廠,"{'code': 'A16', 'name': '產業'}",<<歷史建築紀念建築登錄廢止審查及輔助辦法>>第2條第1項第2、3款,120.385081,22.616565,"{'itemNo': 1, 'cityName': '高雄市', 'distName': '大寮區', 'address': '高雄市大寮區鳳林四路207-1號後方'}",高雄市政府文化局,文化資產中心,高雄市苓雅區五福一路67號,(07)222-5136分機8128,"<a href=""http://nchdb.boch.gov.tw/assets/advanceSearch/historicalBuilding/20210222000002"" target=""_blank"">http://nchdb.boch.gov.tw/assets/advanceSearch/historicalBuilding/20210222000002</a>","[{'classification': '指定/登錄', 'officialDocNo': '高市府文資字第10932355500號', 'registerDate': '2020-10-07 11:42:48.868'}]",產業,高雄市
1541,20210305000001,新店和美煤礦,"{'code': 'A16', 'name': '產業'}",<<歷史建築紀念建築登錄廢止審查及輔助辦法>>第2條第1項第1、2款,121.5357,24.95137,"{'itemNo': 1, 'cityName': '新北市', 'distName': '新店區', 'address': '直潭段灣潭小段8-23地號'}",新北市政府,文化局,新北市板橋區中山路一段161號28樓,(02)29603456分機4550,"<a href=""http://nchdb.boch.gov.tw/assets/advanceSearch/historicalBuilding/20210305000001"" target=""_blank"">http://nchdb.boch.gov.tw/assets/advanceSearch/historicalBuilding/20210305000001</a>","[{'classification': '指定/登錄', 'officialDocNo': '新北府文資字第1092236875號', 'registerDate': '2020-11-23 16:21:56.221'}]",產業,新北市
1542,20210309000001,新生街5號、7號、9號,"{'code': 'A3', 'name': '宅第'}",<<歷史建築紀念建築登錄廢止審查及輔助辦法>>第2條第1項第1、2、3款,121.5385269,25.1545065,"{'itemNo': 1, 'cityName': '臺北市', 'distName': '北投區', 'address': '北投區新生街5號'}",臺北市政府文化局,文化資產科,臺北市信義區市府路1號4樓東北區,(02)2720-8889,"<a href=""http://nchdb.boch.gov.tw/assets/advanceSearch/historicalBuilding/20210309000001"" target=""_blank"">http://nchdb.boch.gov.tw/assets/advanceSearch/historicalBuilding/20210309000001</a>","[{'classification': '指定/登錄', 'officialDocNo': '北市文化文資字第11030084741號', 'registerDate': '2021-02-23 00:00:00.0', 'note': '歷史建築'}]",宅第,臺北市
1542,20210309000001,新生街5號、7號、9號,"{'code': 'A3', 'name': '宅第'}",<<歷史建築紀念建築登錄廢止審查及輔助辦法>>第2條第1項第1、2、3款,121.5385269,25.1545065,"{'itemNo': 2, 'cityName': '臺北市', 'distName': '北投區', 'address': '北投區新生街7號'}",臺北市政府文化局,文化資產科,臺北市信義區市府路1號4樓東北區,(02)2720-8889,"<a href=""http://nchdb.boch.gov.tw/assets/advanceSearch/historicalBuilding/20210309000001"" target=""_blank"">http://nchdb.boch.gov.tw/assets/advanceSearch/historicalBuilding/20210309000001</a>","[{'classification': '指定/登錄', 'officialDocNo': '北市文化文資字第11030084741號', 'registerDate': '2021-02-23 00:00:00.0', 'note': '歷史建築'}]",宅第,臺北市
1542,20210309000001,新生街5號、7號、9號,"{'code': 'A3', 'name': '宅第'}",<<歷史建築紀念建築登錄廢止審查及輔助辦法>>第2條第1項第1、2、3款,121.5385269,25.1545065,"{'itemNo': 3, 'cityName': '臺北市', 'distName': '北投區', 'address': '北投區新生街9號'}",臺北市政府文化局,文化資產科,臺北市信義區市府路1號4樓東北區,(02)2720-8889,"<a href=""http://nchdb.boch.gov.tw/assets/advanceSearch/historicalBuilding/20210309000001"" target=""_blank"">http://nchdb.boch.gov.tw/assets/advanceSearch/historicalBuilding/20210309000001</a>","[{'classification': '指定/登錄', 'officialDocNo': '北市文化文資字第11030084741號', 'registerDate': '2021-02-23 00:00:00.0', 'note': '歷史建築'}]",宅第,臺北市
1543,20210311000002,原高雄工專北棟教學大樓,"{'code': 'A24', 'name': '學校'}",<<歷史建築紀念建築登錄廢止審查及輔助辦法>>第2條第1項第2、3款,120.328344,22.651577,"{'itemNo': 1, 'cityName': '高雄市', 'distName': '三民區', 'address': '建工路415號'}",高雄市政府,文化局,高雄市苓雅區五福一路67號,2225136,"<a href=""http://nchdb.boch.gov.tw/assets/advanceSearch/historicalBuilding/20210311000002"" target=""_blank"">http://nchdb.boch.gov.tw/assets/advanceSearch/historicalBuilding/20210311000002</a>","[{'classification': '指定/登錄', 'officialDocNo': '11030445001', 'registerDate': '2021-03-08 14:20:55.942'}]",學校,高雄市
1544,20210322000001,大溪李金興公店,"{'code': 'A99', 'name': '其他設施', 'other': '騎樓、牌樓'}",歷史建築紀念建築登錄廢止審查及輔助辦法第2條第1項第1款、第2款及第3款規定。,121.28763,24.88134,"{'itemNo': 1, 'cityName': '桃園市', 'distName': '大溪區', 'address': '中央路99號'}",桃園市政府文化局,文化資產科,桃園市桃園區縣府路21號,3322592*8624,"<a href=""http://nchdb.boch.gov.tw/assets/advanceSearch/historicalBuilding/20210322000001"" target=""_blank"">http://nchdb.boch.gov.tw/assets/advanceSearch/historicalBuilding/20210322000001</a>","[{'classification': '指定/登錄', 'officialDocNo': '府文資字第11000056911號', 'registerDate': '2021-01-19 13:54:16.119'}]",其他設施,桃園市
1545,20210401000001,專賣局臺北支局大溪樟腦收納場宿舍,"{'code': 'A3', 'name': '宅第'}",<<歷史建築紀念建築登錄廢止審查及輔助辦法>>第2條第1項第1、2、3款,121.28984541604629,24.880305685754287,"{'itemNo': 1, 'cityName': '桃園市', 'distName': '大溪區', 'address': '復興路39、41號'}",桃園市政府文化局,文化資產科,桃園市桃園區縣府路21號,03-3322592分機8610,"<a href=""http://nchdb.boch.gov.tw/assets/advanceSearch/historicalBuilding/20210401000001"" target=""_blank"">http://nchdb.boch.gov.tw/assets/advanceSearch/historicalBuilding/20210401000001</a>","[{'classification': '指定/登錄', 'officialDocNo': '府文資字第11000374751號', 'registerDate': '2021-03-02 16:46:06.928'}, {'classification': '變更/修正', 'officialDocNo': '府文資字第11103383591號', 'registerDate': '2022-12-15 00:00:00.0', 'note': '地籍重測變更地號名稱'}, {'classification': '變更/修正', 'officialDocNo': '府文資字第11302255651號', 'registerDate': '2024-08-28 16:51:00.466'}]",宅第,桃園市
1546,20210526000007,連江縣政府舊址,"{'code': 'A99', 'name': '其他設施', 'other': ''}","文化資產保存法第18條
歷史建築紀念建築登錄廢止審查及輔助辦法第2條、第4條、第5條",119.92561482756415,26.143208170740515,"{'itemNo': 1, 'cityName': '連江縣', 'distName': '南竿鄉', 'address': '仁愛村19號'}",連江縣政府,連江縣政府文化處,連江縣南竿鄉清水村136-1號,0836-22393,"<a href=""http://nchdb.boch.gov.tw/assets/advanceSearch/historicalBuilding/20210526000007"" target=""_blank"">http://nchdb.boch.gov.tw/assets/advanceSearch/historicalBuilding/20210526000007</a>","[{'classification': '指定/登錄', 'officialDocNo': '連文推字第1010036432號', 'registerDate': '2012-10-04 00:00:00.0'}]",其他設施,連江縣
1547,20210331000001,雙園國小健康樓,"{'code': 'A24', 'name': '學校'}",<<歷史建築紀念建築登錄廢止審查及輔助辦法>>第2條第1項第2、3款,121.49886546559479,25.03054093652826,"{'itemNo': 1, 'cityName': '臺北市', 'distName': '萬華區', 'address': '莒光路315號'}",臺北市政府文化局,文化資產科,臺北市信義區市府路1號4樓東北區,(02)2720-8889,"<a href=""http://nchdb.boch.gov.tw/assets/advanceSearch/historicalBuilding/20210331000001"" target=""_blank"">http://nchdb.boch.gov.tw/assets/advanceSearch/historicalBuilding/20210331000001</a>","[{'classification': '指定/登錄', 'officialDocNo': '北市文化文資字第 10830429591 號', 'registerDate': '2019-12-24 00:00:00.0', 'note': ' '}]",學校,臺北市
1548,20210401000002,中原大學建築系館,"{'code': 'A24', 'name': '學校'}",<<歷史建築紀念建築登錄廢止審查及輔助辦法>>第2條第1項第1、2款,121.240348,24.957279,"{'itemNo': 1, 'cityName': '桃園市', 'distName': '中壢區', 'address': '中北路200號'}",桃園市政府文化局,文化資產科,桃園市桃園區縣府路21號,03-3322592分機8618,"<a href=""http://nchdb.boch.gov.tw/assets/advanceSearch/historicalBuilding/20210401000002"" target=""_blank"">http://nchdb.boch.gov.tw/assets/advanceSearch/historicalBuilding/20210401000002</a>","[{'classification': '指定/登錄', 'officialDocNo': '府文資字第11000107261號', 'registerDate': '2021-01-20 00:00:00.0'}, {'classification': '變更/修正', 'officialDocNo': '府文資字第11000601461號', 'registerDate': '2021-03-18 00:00:00.0', 'note': '更新爰引法令依據'}]",學校,桃園市
1549,20210429000001,新莊原興直公學校舊校舍,"{'code': 'A24', 'name': '學校'}",<<歷史建築紀念建築登錄廢止審查及輔助辦法>>第2條第1項第1、2款,121.45589728676917,25.037337385955535,"{'itemNo': 1, 'cityName': '新北市', 'distName': '新莊區', 'address': '中正路86號'}",新北市政府,文化局,新北市板橋區中山路一段161號28樓,(02)29603456,"<a href=""http://nchdb.boch.gov.tw/assets/advanceSearch/historicalBuilding/20210429000001"" target=""_blank"">http://nchdb.boch.gov.tw/assets/advanceSearch/historicalBuilding/20210429000001</a>","[{'classification': '指定/登錄', 'officialDocNo': '新北府文資字第1100783856號', 'registerDate': '2021-04-29 14:24:40.381'}]",學校,新北市
1550,20210413000001,迪化街1段98號店屋,"{'code': 'A3', 'name': '宅第'}",<<歷史建築紀念建築登錄廢止審查及輔助辦法>>第2條第1項第2、3款,121.51025546143632,25.05653559416858,"{'itemNo': 1, 'cityName': '臺北市', 'distName': '大同區', 'address': '迪化街1段98號'}",臺北市政府文化局,文化資產科,臺北市信義區市府路1號4樓東北區,(02)2720-8889,"<a href=""http://nchdb.boch.gov.tw/assets/advanceSearch/historicalBuilding/20210413000001"" target=""_blank"">http://nchdb.boch.gov.tw/assets/advanceSearch/historicalBuilding/20210413000001</a>","[{'classification': '指定/登錄', 'officialDocNo': '北市文化文資字第11030063561 號', 'registerDate': '2021-01-21 00:00:00.0', 'note': '歷史建築'}]",宅第,臺北市
1551,20210413000002,迪化街1段121號店屋,"{'code': 'A3', 'name': '宅第'}",<<歷史建築紀念建築登錄廢止審查及輔助辦法>>第2條第1項第3款,121.50986964947388,25.057436667959866,"{'itemNo': 1, 'cityName': '臺北市', 'distName': '大同區', 'address': '迪化街1段121號'}",臺北市政府文化局,文化資產科,臺北市信義區市府路1號4樓東北區,(02)2720-8889,"<a href=""http://nchdb.boch.gov.tw/assets/advanceSearch/historicalBuilding/20210413000002"" target=""_blank"">http://nchdb.boch.gov.tw/assets/advanceSearch/historicalBuilding/20210413000002</a>","[{'classification': '指定/登錄', 'officialDocNo': '北市文化文資字第11030065181 號', 'registerDate': '2021-01-25 00:00:00.0', 'note': '歷史建築'}]",宅第,臺北市
1552,20210415000002,濟生醫院,"{'code': 'A27', 'name': '醫院'}",歷史建築紀念建築登錄廢止審查及輔助辦法第2條第1項第2、3款,120.18795926014988,22.99811952737286,"{'itemNo': 1, 'cityName': '臺南市', 'distName': '中西區', 'address': '民生路二段463巷'}",臺南市政府,臺南市文化資產管理處,臺南市中西區中正路5巷1號3樓,06-2213569,"<a href=""http://nchdb.boch.gov.tw/assets/advanceSearch/historicalBuilding/20210415000002"" target=""_blank"">http://nchdb.boch.gov.tw/assets/advanceSearch/historicalBuilding/20210415000002</a>","[{'classification': '指定/登錄', 'officialDocNo': '南市文資字第1100349927A', 'registerDate': '2021-03-25 00:00:00.0'}]",醫院,臺南市
1553,20210415000003,清代考棚遺構,"{'code': 'A6', 'name': '衙署'}",歷史建築紀念建築登錄廢止審查及輔助辦法第2條第1項第3款,120.208686,22.993089,"{'itemNo': 1, 'cityName': '臺南市', 'distName': '中西區', 'address': '衛民街101號'}",臺南市政府,臺南市文化資產管理處,臺南市中西區中正路5巷1號3樓,06-2213569 ,"<a href=""http://nchdb.boch.gov.tw/assets/advanceSearch/historicalBuilding/20210415000003"" target=""_blank"">http://nchdb.boch.gov.tw/assets/advanceSearch/historicalBuilding/20210415000003</a>","[{'classification': '指定/登錄', 'officialDocNo': '南市文資字第1100349927A', 'registerDate': '2021-03-25 09:27:07.078'}]",衙署,臺南市
1554,20210415000005,迪化街一段329號店屋,"{'code': 'A3', 'name': '宅第'}",<<歷史建築登錄廢止審查及輔助辦法>>第2條第1項第1、2、3、4款,121.50931901683623,25.06252360509873,"{'itemNo': 1, 'cityName': '臺北市', 'distName': '大同區', 'address': '迪化街一段329號'}",臺北市政府文化局,文化資產科,臺北市信義區市府路1號4樓東北區,(02)2720-8889,"<a href=""http://nchdb.boch.gov.tw/assets/advanceSearch/historicalBuilding/20210415000005"" target=""_blank"">http://nchdb.boch.gov.tw/assets/advanceSearch/historicalBuilding/20210415000005</a>","[{'classification': '指定/登錄', 'officialDocNo': '北市文化文資字第10930184411號', 'registerDate': '2020-04-28 00:00:00.0', 'note': '登錄'}]",宅第,臺北市
1555,20210423000002,延平北路二段70號店屋,"{'code': 'A18', 'name': '商店'}",<<歷史建築紀念建築登錄廢止審查及輔助辦法>>第2條第1項第2、3款,121.51256444780407,25.055864457056398,"{'itemNo': 1, 'cityName': '臺北市', 'distName': '大同區', 'address': '延平北路二段70號'}",臺北市政府文化局,文化資產科,臺北市信義區市府路1號4樓東北區,(02)2720-8889,"<a href=""http://nchdb.boch.gov.tw/assets/advanceSearch/historicalBuilding/20210423000002"" target=""_blank"">http://nchdb.boch.gov.tw/assets/advanceSearch/historicalBuilding/20210423000002</a>","[{'classification': '指定/登錄', 'officialDocNo': '北市文化文資字第11030165701號函', 'registerDate': '2021-04-06 00:00:00.0', 'note': '登錄'}]",商店,臺北市
1556,20210423000003,新慶利碾米廠,"{'code': 'A99', 'name': '其他設施'}",<<歷史建築紀念建築登錄廢止審查及輔助辦法>>第2條第1項第2、3款,121.50936317738585,25.06087764413759,"{'itemNo': 1, 'cityName': '臺北市', 'distName': '大同區', 'address': '迪化街1段257號'}",臺北市政府文化局,文化資產科,臺北市信義區市府路1號4樓東北區,(02)2720-8889,"<a href=""http://nchdb.boch.gov.tw/assets/advanceSearch/historicalBuilding/20210423000003"" target=""_blank"">http://nchdb.boch.gov.tw/assets/advanceSearch/historicalBuilding/20210423000003</a>","[{'classification': '指定/登錄', 'officialDocNo': '北市文化文資字第11030165651號', 'registerDate': '2021-04-06 00:00:00.0', 'note': '歷史建築'}, {'classification': '變更/修正', 'officialDocNo': '北市文化文資字第11130112441號', 'registerDate': '2022-03-22 00:00:00.0', 'note': '新增定著土地範圍'}]",其他設施,臺北市
1557,20210505000002,大湖竹篙屋吳屋伙房,"{'code': 'A3', 'name': '宅第'}",<<歷史建築紀念建築登錄廢止審查及輔助辦法>>第2條第1項第2、3款,120.862093,24.416772,"{'itemNo': 1, 'cityName': '苗栗縣', 'distName': '大湖鄉', 'address': '大寮村5鄰竹高屋42號'}",苗栗縣政府文化觀光局,文化資產科,苗栗縣苗栗市自治路50號,037-352961#712,"<a href=""http://nchdb.boch.gov.tw/assets/advanceSearch/historicalBuilding/20210505000002"" target=""_blank"">http://nchdb.boch.gov.tw/assets/advanceSearch/historicalBuilding/20210505000002</a>","[{'classification': '指定/登錄', 'officialDocNo': '府文資字第1100002652B號', 'registerDate': '2021-03-16 00:00:00.0'}]",宅第,苗栗縣
1558,20210428000001,三峽蘇萬利古厝,"{'code': 'A3', 'name': '宅第'}",<<歷史建築紀念建築登錄廢止審查及輔助辦法>>第2條第1項第1、2、3款,121.390912,24.934687,"{'itemNo': 1, 'cityName': '新北市', 'distName': '三峽區', 'address': '介壽路2段24-5號'}",新北市政府,文化局,新北市板橋區中山路一段161號28樓,(02)2960-3456＃4632,"<a href=""http://nchdb.boch.gov.tw/assets/advanceSearch/historicalBuilding/20210428000001"" target=""_blank"">http://nchdb.boch.gov.tw/assets/advanceSearch/historicalBuilding/20210428000001</a>","[{'classification': '指定/登錄', 'officialDocNo': '新北府文資字第1100486712號', 'registerDate': '2021-03-22 10:22:04.302'}]",宅第,新北市
1559,20210428000003,臺鐵苗栗站5號倉庫,"{'code': 'A16', 'name': '產業'}",<<歷史建築紀念建築登錄廢止審查及輔助辦法>>第2條第1項第2、3款,120.82287,24.56894,"{'itemNo': 1, 'cityName': '苗栗縣', 'distName': '苗栗市', 'address': '北苗段441地號'}",苗栗縣政府文化觀光局,文化資產科,苗栗縣苗栗市自治路50號,037-352961#712,"<a href=""http://nchdb.boch.gov.tw/assets/advanceSearch/historicalBuilding/20210428000003"" target=""_blank"">http://nchdb.boch.gov.tw/assets/advanceSearch/historicalBuilding/20210428000003</a>","[{'classification': '指定/登錄', 'officialDocNo': '府文資字第1090006054B號', 'registerDate': '2020-05-08 14:45:37.844'}, {'classification': '變更/修正', 'officialDocNo': '府文資字第1110011984B', 'registerDate': '2022-10-04 16:27:21.841', 'note': '更正名稱'}]",產業,苗栗縣
1560,20210428000004,出磺坑13號宿舍,"{'code': 'A16', 'name': '產業'}",<<歷史建築紀念建築登錄廢止審查及輔助辦法>>第2條第1項第1、2款,120.84957,24.44762,"{'itemNo': 1, 'cityName': '苗栗縣', 'distName': '公館鄉', 'address': '開礦村開礦187號'}",苗栗縣政府文化觀光局,文化資產科,苗栗縣苗栗市自治路50號,037-352961#712,"<a href=""http://nchdb.boch.gov.tw/assets/advanceSearch/historicalBuilding/20210428000004"" target=""_blank"">http://nchdb.boch.gov.tw/assets/advanceSearch/historicalBuilding/20210428000004</a>","[{'classification': '指定/登錄', 'officialDocNo': '府文資字第1090006055B號', 'registerDate': '2020-05-08 15:08:05.076'}]",產業,苗栗縣
1561,20210428000005,原苑裡中繼所,"{'code': 'A16', 'name': '產業'}",<<歷史建築紀念建築登錄廢止審查及輔助辦法>>第2條第1項第1、3款,120.654709,24.448131,"{'itemNo': 1, 'cityName': '苗栗縣', 'distName': '苑裡鎮', 'address': '中山路32號'}",苗栗縣政府文化觀光局,文化資產科,苗栗縣苗栗市自治路50號,037-352961#712,"<a href=""http://nchdb.boch.gov.tw/assets/advanceSearch/historicalBuilding/20210428000005"" target=""_blank"">http://nchdb.boch.gov.tw/assets/advanceSearch/historicalBuilding/20210428000005</a>","[{'classification': '指定/登錄', 'officialDocNo': '府文資字第1080015043B號', 'registerDate': '2019-12-04 16:30:38.253'}]",產業,苗栗縣
1562,20210524000001,原日本海軍航空隊下士官兵集會所(岡山新生社),"{'code': 'A22', 'name': '集會堂'}","1.	依文化資產保存法第18條及歷史建築紀念建築登錄廢止審查及輔
助辦法第2、4條規定。
2.	符合歷史建築紀念建築登錄廢止審查及輔助辦法第2條第1項規定。",120.29016,22.7903,"{'itemNo': 1, 'cityName': '高雄市', 'distName': '岡山區', 'address': '柳橋西路一號'}",國防部,軍備局,台北市南港區忠孝東路6段360號,02-27851751,"<a href=""http://nchdb.boch.gov.tw/assets/advanceSearch/historicalBuilding/20210524000001"" target=""_blank"">http://nchdb.boch.gov.tw/assets/advanceSearch/historicalBuilding/20210524000001</a>","[{'classification': '指定/登錄', 'officialDocNo': '高市府文資字第11030215102號', 'registerDate': '2021-02-03 00:00:00.0'}]",集會堂,高雄市
1563,20210505000003,明治糖廠南員林站,"{'code': 'A7', 'name': '車站'}",<<歷史建築紀念建築登錄廢止審查及輔助辦法>>第2條第1項第1、2、3款,120.56918,23.95666,"{'itemNo': 1, 'cityName': '彰化縣', 'distName': '員林市', 'address': '新生路15號'}",彰化縣文化局,文化資產科,彰化縣彰化市卦山路3號,04-7292201,"<a href=""http://nchdb.boch.gov.tw/assets/advanceSearch/historicalBuilding/20210505000003"" target=""_blank"">http://nchdb.boch.gov.tw/assets/advanceSearch/historicalBuilding/20210505000003</a>","[{'classification': '指定/登錄', 'officialDocNo': '府授文資字第1090326192B號', 'registerDate': '2020-09-16 00:00:00.0'}]",車站,彰化縣
1564,20210510000001,臺灣總督府臺北師範學校「創立三十周年紀念碑」,"{'code': 'A9', 'name': '碑碣'}",<<歷史建築登錄廢止審查及輔助辦法>>第2條第1項第1、4款,121.51358,25.035558,"{'itemNo': 1, 'cityName': '臺北市', 'distName': '中正區', 'address': '愛國西路1號'}",臺北市政府文化局,文化資產科,臺北市信義區市府路1號4樓東北區,(02)2720-8889,"<a href=""http://nchdb.boch.gov.tw/assets/advanceSearch/historicalBuilding/20210510000001"" target=""_blank"">http://nchdb.boch.gov.tw/assets/advanceSearch/historicalBuilding/20210510000001</a>","[{'classification': '指定/登錄', 'officialDocNo': '北市文化文資字第10630437400號', 'registerDate': '2017-04-24 00:00:00.0', 'note': '登錄歷史建築'}]",碑碣,臺北市
1565,20210510000002,安西街9巷4、6、7號店屋,"{'code': 'A3', 'name': '宅第'}",符合歷史建築紀念建築登錄廢止審查及輔助辦法第2條第1項第1款、第2款、第3款登錄評定基準。,121.510223,25.059469,"{'itemNo': 1, 'cityName': '臺北市', 'distName': '大同區', 'address': '安西街9巷4號'}",臺北市政府文化局,文化資產科,臺北市信義區市府路1號4樓東北區,(02)2720-8889,"<a href=""http://nchdb.boch.gov.tw/assets/advanceSearch/historicalBuilding/20210510000002"" target=""_blank"">http://nchdb.boch.gov.tw/assets/advanceSearch/historicalBuilding/20210510000002</a>","[{'classification': '指定/登錄', 'officialDocNo': '北市文化文資字第10930215141 號', 'registerDate': '2020-06-09 00:00:00.0', 'note': '歷史建築'}]",宅第,臺北市
1565,20210510000002,安西街9巷4、6、7號店屋,"{'code': 'A3', 'name': '宅第'}",符合歷史建築紀念建築登錄廢止審查及輔助辦法第2條第1項第1款、第2款、第3款登錄評定基準。,121.510223,25.059469,"{'itemNo': 2, 'cityName': '臺北市', 'distName': '大同區', 'address': '安西街9巷6號'}",臺北市政府文化局,文化資產科,臺北市信義區市府路1號4樓東北區,(02)2720-8889,"<a href=""http://nchdb.boch.gov.tw/assets/advanceSearch/historicalBuilding/20210510000002"" target=""_blank"">http://nchdb.boch.gov.tw/assets/advanceSearch/historicalBuilding/20210510000002</a>","[{'classification': '指定/登錄', 'officialDocNo': '北市文化文資字第10930215141 號', 'registerDate': '2020-06-09 00:00:00.0', 'note': '歷史建築'}]",宅第,臺北市
1565,20210510000002,安西街9巷4、6、7號店屋,"{'code': 'A3', 'name': '宅第'}",符合歷史建築紀念建築登錄廢止審查及輔助辦法第2條第1項第1款、第2款、第3款登錄評定基準。,121.510223,25.059469,"{'itemNo': 3, 'cityName': '臺北市', 'distName': '大同區', 'address': '安西街9巷7號'}",臺北市政府文化局,文化資產科,臺北市信義區市府路1號4樓東北區,(02)2720-8889,"<a href=""http://nchdb.boch.gov.tw/assets/advanceSearch/historicalBuilding/20210510000002"" target=""_blank"">http://nchdb.boch.gov.tw/assets/advanceSearch/historicalBuilding/20210510000002</a>","[{'classification': '指定/登錄', 'officialDocNo': '北市文化文資字第10930215141 號', 'registerDate': '2020-06-09 00:00:00.0', 'note': '歷史建築'}]",宅第,臺北市
1566,20210510000003,迪化街一段372號店屋,"{'code': 'A3', 'name': '宅第'}",<<歷史建築紀念建築登錄廢止審查及輔助辦法>>第2條第1項第2、3款,121.50920989005549,25.06300569945488,"{'itemNo': 1, 'cityName': '臺北市', 'distName': '大同區', 'address': '迪化街一段372號'}",臺北市政府文化局,文化資產科,臺北市信義區市府路1號4樓東北區,(02)2720-8889,"<a href=""http://nchdb.boch.gov.tw/assets/advanceSearch/historicalBuilding/20210510000003"" target=""_blank"">http://nchdb.boch.gov.tw/assets/advanceSearch/historicalBuilding/20210510000003</a>","[{'classification': '指定/登錄', 'officialDocNo': '北市文化文資字第10930176351 號', 'registerDate': '2020-04-17 00:00:00.0', 'note': '無'}]",宅第,臺北市
1567,20210510000004,內湖葫蘆洲吊橋橋墩,"{'code': 'A15', 'name': '橋樑'}",<<歷史建築登錄廢止審查及輔助辦法>>第2條第1項第1款,121.606581860029,25.0601521420568,"{'itemNo': 1, 'cityName': '臺北市', 'distName': '內湖區', 'address': '內湖葫蘆洲吊橋橋墩QA'}",臺北市政府文化局,文化資產科,臺北市信義區市府路1號4樓東北區,(02)2720-8889,"<a href=""http://nchdb.boch.gov.tw/assets/advanceSearch/historicalBuilding/20210510000004"" target=""_blank"">http://nchdb.boch.gov.tw/assets/advanceSearch/historicalBuilding/20210510000004</a>","[{'classification': '指定/登錄', 'officialDocNo': '北市文化資產資字第10530392900號', 'registerDate': '2016-05-19 00:00:00.0', 'note': '登錄歷史建築'}]",橋樑,臺北市
1567,20210510000004,內湖葫蘆洲吊橋橋墩,"{'code': 'A15', 'name': '橋樑'}",<<歷史建築登錄廢止審查及輔助辦法>>第2條第1項第1款,121.606581860029,25.0601521420568,"{'itemNo': 2, 'cityName': '臺北市', 'distName': '內湖區', 'address': '內湖葫蘆洲吊橋橋墩QB'}",臺北市政府文化局,文化資產科,臺北市信義區市府路1號4樓東北區,(02)2720-8889,"<a href=""http://nchdb.boch.gov.tw/assets/advanceSearch/historicalBuilding/20210510000004"" target=""_blank"">http://nchdb.boch.gov.tw/assets/advanceSearch/historicalBuilding/20210510000004</a>","[{'classification': '指定/登錄', 'officialDocNo': '北市文化資產資字第10530392900號', 'registerDate': '2016-05-19 00:00:00.0', 'note': '登錄歷史建築'}]",橋樑,臺北市
1567,20210510000004,內湖葫蘆洲吊橋橋墩,"{'code': 'A15', 'name': '橋樑'}",<<歷史建築登錄廢止審查及輔助辦法>>第2條第1項第1款,121.606581860029,25.0601521420568,"{'itemNo': 3, 'cityName': '臺北市', 'distName': '內湖區', 'address': '內湖葫蘆洲吊橋橋墩QC'}",臺北市政府文化局,文化資產科,臺北市信義區市府路1號4樓東北區,(02)2720-8889,"<a href=""http://nchdb.boch.gov.tw/assets/advanceSearch/historicalBuilding/20210510000004"" target=""_blank"">http://nchdb.boch.gov.tw/assets/advanceSearch/historicalBuilding/20210510000004</a>","[{'classification': '指定/登錄', 'officialDocNo': '北市文化資產資字第10530392900號', 'registerDate': '2016-05-19 00:00:00.0', 'note': '登錄歷史建築'}]",橋樑,臺北市
1567,20210510000004,內湖葫蘆洲吊橋橋墩,"{'code': 'A15', 'name': '橋樑'}",<<歷史建築登錄廢止審查及輔助辦法>>第2條第1項第1款,121.606581860029,25.0601521420568,"{'itemNo': 4, 'cityName': '臺北市', 'distName': '內湖區', 'address': '內湖葫蘆洲吊橋橋墩QD'}",臺北市政府文化局,文化資產科,臺北市信義區市府路1號4樓東北區,(02)2720-8889,"<a href=""http://nchdb.boch.gov.tw/assets/advanceSearch/historicalBuilding/20210510000004"" target=""_blank"">http://nchdb.boch.gov.tw/assets/advanceSearch/historicalBuilding/20210510000004</a>","[{'classification': '指定/登錄', 'officialDocNo': '北市文化資產資字第10530392900號', 'registerDate': '2016-05-19 00:00:00.0', 'note': '登錄歷史建築'}]",橋樑,臺北市
1568,20210526000006,田沃村五靈公廟,"{'code': 'A99', 'name': '其他設施', 'other': '家廟'}","文化資產保存法第18條
歷史建築紀念建築登錄廢止審查及輔助辦法第2條、第4條、第5條",119.939882,25.976589,"{'itemNo': 1, 'cityName': '連江縣', 'distName': '莒光鄉', 'address': '田沃村6號'}",連江縣政府,連江縣政府文化處,連江縣南竿鄉清水村136-1號,0836-22393,"<a href=""http://nchdb.boch.gov.tw/assets/advanceSearch/historicalBuilding/20210526000006"" target=""_blank"">http://nchdb.boch.gov.tw/assets/advanceSearch/historicalBuilding/20210526000006</a>","[{'classification': '指定/登錄', 'officialDocNo': '連文推字第1050001332號', 'registerDate': '2016-01-08 09:26:18.121'}]",其他設施,連江縣
1569,20210526000005,北竿鄉五間排,"{'code': 'A3', 'name': '宅第'}","文化資產保存法第18條
歷史建築紀念建築登錄廢止審查及輔助辦法第2條、第4條、第5條",119.99391588261378,26.234348592548546,"{'itemNo': 1, 'cityName': '連江縣', 'distName': '北竿鄉', 'address': '橋仔村89號'}",連江縣政府,連江縣政府文化處,連江縣南竿鄉清水村136-1號,0836-22393,"<a href=""http://nchdb.boch.gov.tw/assets/advanceSearch/historicalBuilding/20210526000005"" target=""_blank"">http://nchdb.boch.gov.tw/assets/advanceSearch/historicalBuilding/20210526000005</a>","[{'classification': '指定/登錄', 'officialDocNo': '連文推字第1050001324號', 'registerDate': '2016-01-08 13:39:01.14'}]",宅第,連江縣
1569,20210526000005,北竿鄉五間排,"{'code': 'A3', 'name': '宅第'}","文化資產保存法第18條
歷史建築紀念建築登錄廢止審查及輔助辦法第2條、第4條、第5條",119.99391588261378,26.234348592548546,"{'itemNo': 2, 'cityName': '連江縣', 'distName': '北竿鄉', 'address': '橋仔村90號'}",連江縣政府,連江縣政府文化處,連江縣南竿鄉清水村136-1號,0836-22393,"<a href=""http://nchdb.boch.gov.tw/assets/advanceSearch/historicalBuilding/20210526000005"" target=""_blank"">http://nchdb.boch.gov.tw/assets/advanceSearch/historicalBuilding/20210526000005</a>","[{'classification': '指定/登錄', 'officialDocNo': '連文推字第1050001324號', 'registerDate': '2016-01-08 13:39:01.14'}]",宅第,連江縣
1570,20210526000003,東大路警察宿舍,"{'code': 'A3', 'name': '宅第'}",<<歷史建築紀念建築登錄廢止審查及輔助辦法>>第2條第1項第1、2款,120.967687,24.812954,"{'itemNo': 1, 'cityName': '新竹市', 'distName': '北區', 'address': '東大路二段81巷1弄3號、5號'}",新竹市文化局,新竹市文化局文化資產科,300新竹市北區中央路109號,03-5425079,"<a href=""http://nchdb.boch.gov.tw/assets/advanceSearch/historicalBuilding/20210526000003"" target=""_blank"">http://nchdb.boch.gov.tw/assets/advanceSearch/historicalBuilding/20210526000003</a>","[{'classification': '指定/登錄', 'officialDocNo': '110.05.18-府授文資字第1100081827號公告', 'registerDate': '2021-05-18 00:00:00.0'}]",宅第,新竹市
1571,20210525000001,原日本海軍高雄通信隊新庄分遣隊受信所,"{'code': 'A99', 'name': '其他設施', 'other': '軍事設施'}","依文化資產保存法第18條及歷史建築紀念建築登錄廢止審查及輔助辦法第2、4條規定
",120.29662,22.73333,"{'itemNo': 1, 'cityName': '高雄市', 'distName': '橋頭區', 'address': '明德路100號'}",國防部,軍備局工程營產中心,806高雄市前鎮區中山三路98號,07-3312981#410,"<a href=""http://nchdb.boch.gov.tw/assets/advanceSearch/historicalBuilding/20210525000001"" target=""_blank"">http://nchdb.boch.gov.tw/assets/advanceSearch/historicalBuilding/20210525000001</a>","[{'classification': '指定/登錄', 'officialDocNo': '高市府文資字第11030215103號', 'registerDate': '2021-02-03 00:00:00.0'}]",其他設施,高雄市
1572,20210528000001,傅斯年圖書館,"{'code': 'A20', 'name': '辦公廳舍'}",<<歷史建築登錄廢止審查及輔助辦法>>第2條第1項第2、3款,121.61664265371647,25.040380533041265,"{'itemNo': 1, 'cityName': '臺北市', 'distName': '南港區', 'address': '研究院路2段130號'}",臺北市政府文化局,文化資產科,臺北市信義區市府路1號4樓東北區,(02)2720-8889,"<a href=""http://nchdb.boch.gov.tw/assets/advanceSearch/historicalBuilding/20210528000001"" target=""_blank"">http://nchdb.boch.gov.tw/assets/advanceSearch/historicalBuilding/20210528000001</a>","[{'classification': '指定/登錄', 'officialDocNo': '北市文化文資字第11030190321號', 'registerDate': '2021-05-04 00:00:00.0', 'note': '  '}]",辦公廳舍,臺北市
1573,20210528000003,內湖郭氏墓,"{'code': 'A12', 'name': '墓葬'}",<<歷史建築登錄廢止審查及輔助辦法>>第2條第1項第1、3款登錄基準。,121.562186,25.089498,"{'itemNo': 1, 'cityName': '臺北市', 'distName': '內湖區', 'address': '內湖路1段91巷底'}",臺北市政府文化局,文化資產科,臺北市信義區市府路1號4樓東北區,(02)2720-8889,"<a href=""http://nchdb.boch.gov.tw/assets/advanceSearch/historicalBuilding/20210528000003"" target=""_blank"">http://nchdb.boch.gov.tw/assets/advanceSearch/historicalBuilding/20210528000003</a>","[{'classification': '指定/登錄', 'officialDocNo': '北市文化文資字第11030194234', 'registerDate': '2021-05-04 00:00:00.0', 'note': '登錄'}]",墓葬,臺北市
1574,20210528000004,原七星郡役所,"{'code': 'A20', 'name': '辦公廳舍'}",<<歷史建築紀念建築登錄廢止審查及輔助辦法>>第2條第1項第2、3款,121.5224284,25.0434606,"{'itemNo': 1, 'cityName': '臺北市', 'distName': '中正區', 'address': '青島東路10號'}",臺北市政府文化局,文化資產科,臺北市信義區市府路1號4樓東北區,(02)2720-8889,"<a href=""http://nchdb.boch.gov.tw/assets/advanceSearch/historicalBuilding/20210528000004"" target=""_blank"">http://nchdb.boch.gov.tw/assets/advanceSearch/historicalBuilding/20210528000004</a>","[{'classification': '指定/登錄', 'officialDocNo': '北市文化文資字第11030192471號', 'registerDate': '2021-05-07 00:00:00.0', 'note': '登錄'}]",辦公廳舍,臺北市
1575,20210609000001,埔心二重湳黃義故居,"{'code': 'A3', 'name': '宅第'}",<<歷史建築紀念建築登錄廢止審查及輔助辦法>>第2條第1項第1、2、3款,120.52676149746326,23.964290262228836,"{'itemNo': 1, 'cityName': '彰化縣', 'distName': '埔心鄉', 'address': '瑤鳳路三段438號'}",彰化縣文化局,文化資產科,彰化縣彰化市卦山路3號,04-7292201,"<a href=""http://nchdb.boch.gov.tw/assets/advanceSearch/historicalBuilding/20210609000001"" target=""_blank"">http://nchdb.boch.gov.tw/assets/advanceSearch/historicalBuilding/20210609000001</a>","[{'classification': '指定/登錄', 'officialDocNo': '府授文資字第1100198682B號', 'registerDate': '2021-06-08 09:31:17.174'}]",宅第,彰化縣
1576,20210615000001,延平北路二段6、8號店屋,"{'code': 'A99', 'name': '其他設施'}",<<歷史建築紀念建築登錄廢止審查及輔助辦法>>第2條第1項第3款,121.51165740896953,25.054130710214686,"{'itemNo': 1, 'cityName': '臺北市', 'distName': '大同區', 'address': '延平北路二段6號'}",臺北市政府文化局,文化資產科,臺北市信義區市府路1號4樓東北區,(02)2720-8889,"<a href=""http://nchdb.boch.gov.tw/assets/advanceSearch/historicalBuilding/20210615000001"" target=""_blank"">http://nchdb.boch.gov.tw/assets/advanceSearch/historicalBuilding/20210615000001</a>","[{'classification': '指定/登錄', 'officialDocNo': '北市文化文資字第11030263761號', 'registerDate': '2021-05-31 00:00:00.0', 'note': '登錄'}]",其他設施,臺北市
1576,20210615000001,延平北路二段6、8號店屋,"{'code': 'A99', 'name': '其他設施'}",<<歷史建築紀念建築登錄廢止審查及輔助辦法>>第2條第1項第3款,121.51165740896953,25.054130710214686,"{'itemNo': 2, 'cityName': '臺北市', 'distName': '大同區', 'address': '延平北路二段8號'}",臺北市政府文化局,文化資產科,臺北市信義區市府路1號4樓東北區,(02)2720-8889,"<a href=""http://nchdb.boch.gov.tw/assets/advanceSearch/historicalBuilding/20210615000001"" target=""_blank"">http://nchdb.boch.gov.tw/assets/advanceSearch/historicalBuilding/20210615000001</a>","[{'classification': '指定/登錄', 'officialDocNo': '北市文化文資字第11030263761號', 'registerDate': '2021-05-31 00:00:00.0', 'note': '登錄'}]",其他設施,臺北市
1577,20210617000004,總督府山林課宿舍群,"{'code': 'A3', 'name': '宅第'}",文化資產保存法,121.52750553348156,25.02796045765133,"{'itemNo': 1, 'cityName': '臺北市', 'distName': '大安區', 'address': '金山南路2段203巷19號'}",臺北市政府文化局,文化資產科,臺北市信義區市府路1號4樓東北區,(02)2720-8889,"<a href=""http://nchdb.boch.gov.tw/assets/advanceSearch/historicalBuilding/20210617000004"" target=""_blank"">http://nchdb.boch.gov.tw/assets/advanceSearch/historicalBuilding/20210617000004</a>","[{'classification': '指定/登錄', 'officialDocNo': '府文化二字第09530231700號', 'registerDate': '2006-03-31 00:00:00.0', 'note': '登錄歷史建築'}]",宅第,臺北市
1577,20210617000004,總督府山林課宿舍群,"{'code': 'A3', 'name': '宅第'}",文化資產保存法,121.52750553348156,25.02796045765133,"{'itemNo': 2, 'cityName': '臺北市', 'distName': '大安區', 'address': '金山南路2段203巷21號'}",臺北市政府文化局,文化資產科,臺北市信義區市府路1號4樓東北區,(02)2720-8889,"<a href=""http://nchdb.boch.gov.tw/assets/advanceSearch/historicalBuilding/20210617000004"" target=""_blank"">http://nchdb.boch.gov.tw/assets/advanceSearch/historicalBuilding/20210617000004</a>","[{'classification': '指定/登錄', 'officialDocNo': '府文化二字第09530231700號', 'registerDate': '2006-03-31 00:00:00.0', 'note': '登錄歷史建築'}]",宅第,臺北市
1577,20210617000004,總督府山林課宿舍群,"{'code': 'A3', 'name': '宅第'}",文化資產保存法,121.52750553348156,25.02796045765133,"{'itemNo': 3, 'cityName': '臺北市', 'distName': '大安區', 'address': '金山南路2段203巷23號'}",臺北市政府文化局,文化資產科,臺北市信義區市府路1號4樓東北區,(02)2720-8889,"<a href=""http://nchdb.boch.gov.tw/assets/advanceSearch/historicalBuilding/20210617000004"" target=""_blank"">http://nchdb.boch.gov.tw/assets/advanceSearch/historicalBuilding/20210617000004</a>","[{'classification': '指定/登錄', 'officialDocNo': '府文化二字第09530231700號', 'registerDate': '2006-03-31 00:00:00.0', 'note': '登錄歷史建築'}]",宅第,臺北市
1577,20210617000004,總督府山林課宿舍群,"{'code': 'A3', 'name': '宅第'}",文化資產保存法,121.52750553348156,25.02796045765133,"{'itemNo': 4, 'cityName': '臺北市', 'distName': '大安區', 'address': '金山南路2段203巷28號'}",臺北市政府文化局,文化資產科,臺北市信義區市府路1號4樓東北區,(02)2720-8889,"<a href=""http://nchdb.boch.gov.tw/assets/advanceSearch/historicalBuilding/20210617000004"" target=""_blank"">http://nchdb.boch.gov.tw/assets/advanceSearch/historicalBuilding/20210617000004</a>","[{'classification': '指定/登錄', 'officialDocNo': '府文化二字第09530231700號', 'registerDate': '2006-03-31 00:00:00.0', 'note': '登錄歷史建築'}]",宅第,臺北市
1577,20210617000004,總督府山林課宿舍群,"{'code': 'A3', 'name': '宅第'}",文化資產保存法,121.52750553348156,25.02796045765133,"{'itemNo': 5, 'cityName': '臺北市', 'distName': '大安區', 'address': '金山南路2段203巷30號'}",臺北市政府文化局,文化資產科,臺北市信義區市府路1號4樓東北區,(02)2720-8889,"<a href=""http://nchdb.boch.gov.tw/assets/advanceSearch/historicalBuilding/20210617000004"" target=""_blank"">http://nchdb.boch.gov.tw/assets/advanceSearch/historicalBuilding/20210617000004</a>","[{'classification': '指定/登錄', 'officialDocNo': '府文化二字第09530231700號', 'registerDate': '2006-03-31 00:00:00.0', 'note': '登錄歷史建築'}]",宅第,臺北市
1577,20210617000004,總督府山林課宿舍群,"{'code': 'A3', 'name': '宅第'}",文化資產保存法,121.52750553348156,25.02796045765133,"{'itemNo': 6, 'cityName': '臺北市', 'distName': '大安區', 'address': '金山南路2段203巷34號'}",臺北市政府文化局,文化資產科,臺北市信義區市府路1號4樓東北區,(02)2720-8889,"<a href=""http://nchdb.boch.gov.tw/assets/advanceSearch/historicalBuilding/20210617000004"" target=""_blank"">http://nchdb.boch.gov.tw/assets/advanceSearch/historicalBuilding/20210617000004</a>","[{'classification': '指定/登錄', 'officialDocNo': '府文化二字第09530231700號', 'registerDate': '2006-03-31 00:00:00.0', 'note': '登錄歷史建築'}]",宅第,臺北市
1577,20210617000004,總督府山林課宿舍群,"{'code': 'A3', 'name': '宅第'}",文化資產保存法,121.52750553348156,25.02796045765133,"{'itemNo': 7, 'cityName': '臺北市', 'distName': '大安區', 'address': '金山南路2段203巷36號'}",臺北市政府文化局,文化資產科,臺北市信義區市府路1號4樓東北區,(02)2720-8889,"<a href=""http://nchdb.boch.gov.tw/assets/advanceSearch/historicalBuilding/20210617000004"" target=""_blank"">http://nchdb.boch.gov.tw/assets/advanceSearch/historicalBuilding/20210617000004</a>","[{'classification': '指定/登錄', 'officialDocNo': '府文化二字第09530231700號', 'registerDate': '2006-03-31 00:00:00.0', 'note': '登錄歷史建築'}]",宅第,臺北市
1578,20210703000003,原北港武德殿附屬建築,"{'code': 'A3', 'name': '宅第'}",<<歷史建築紀念建築登錄廢止審查及輔助辦法>>第2條第1項第1、2、3款,120.302475,23.568867,"{'itemNo': 1, 'cityName': '雲林縣', 'distName': '北港鎮', 'address': '義民路57號'}",雲林縣政府,文化觀光處,雲林縣斗六巿雲林路二段310號,05-5523218,"<a href=""http://nchdb.boch.gov.tw/assets/advanceSearch/historicalBuilding/20210703000003"" target=""_blank"">http://nchdb.boch.gov.tw/assets/advanceSearch/historicalBuilding/20210703000003</a>","[{'classification': '指定/登錄', 'officialDocNo': '府文資二字第1093801760D號', 'registerDate': '2020-03-16 00:00:00.0'}, {'classification': '變更/修正', 'officialDocNo': '府文資二字第1113805567C號', 'registerDate': '2022-01-20 19:10:42.425'}]",宅第,雲林縣
1579,20210625000011,原員林街消費市場,"{'code': 'A23', 'name': '市場'}",<<歷史建築紀念建築登錄廢止審查及輔助辦法>>第2條第1項第1、2、3款,120.57350399746313,23.95654968325395,"{'itemNo': 1, 'cityName': '彰化縣', 'distName': '員林市', 'address': '民生里中正路346號'}",彰化縣文化局,文化資產科,彰化縣彰化市卦山路3號,04-7250057,"<a href=""http://nchdb.boch.gov.tw/assets/advanceSearch/historicalBuilding/20210625000011"" target=""_blank"">http://nchdb.boch.gov.tw/assets/advanceSearch/historicalBuilding/20210625000011</a>","[{'classification': '指定/登錄', 'officialDocNo': '府授文資字第1100035113B號', 'registerDate': '2021-02-03 00:00:00.0'}]",市場,彰化縣
1580,20210625000012,鹿港北方福德祠,"{'code': 'A2', 'name': '寺廟'}",<<歷史建築紀念建築登錄廢止審查及輔助辦法>>第2條第1項第1、2、3款,120.43015,24.0602,"{'itemNo': 1, 'cityName': '彰化縣', 'distName': '鹿港鎮', 'address': '玉順里三條巷1號'}",彰化縣文化局,文化資產科,彰化縣彰化縣彰化市卦山路3號,04-7250057,"<a href=""http://nchdb.boch.gov.tw/assets/advanceSearch/historicalBuilding/20210625000012"" target=""_blank"">http://nchdb.boch.gov.tw/assets/advanceSearch/historicalBuilding/20210625000012</a>","[{'classification': '指定/登錄', 'officialDocNo': '府授文資字第1100000639B號', 'registerDate': '2021-01-08 18:46:06.546'}]",寺廟,彰化縣
1581,20210701000002,莿桐饒平國小舊宿舍,"{'code': 'A3', 'name': '宅第'}",<<歷史建築登錄廢止審查及輔助辦法>>第2條第1項第1、2、3、4款,120.52133,23.77783,"{'itemNo': 1, 'cityName': '雲林縣', 'distName': '莿桐鄉', 'address': '饒平路3號'}",雲林縣政府,文化觀光處,雲林縣斗六市大學路三段310號,(05)5523218,"<a href=""http://nchdb.boch.gov.tw/assets/advanceSearch/historicalBuilding/20210701000002"" target=""_blank"">http://nchdb.boch.gov.tw/assets/advanceSearch/historicalBuilding/20210701000002</a>","[{'classification': '指定/登錄', 'officialDocNo': '府文資字第0992400546號 ', 'registerDate': '2010-04-02 16:04:42.482'}]",宅第,雲林縣
1581,20210701000002,莿桐饒平國小舊宿舍,"{'code': 'A3', 'name': '宅第'}",<<歷史建築登錄廢止審查及輔助辦法>>第2條第1項第1、2、3、4款,120.52133,23.77783,"{'itemNo': 2, 'cityName': '雲林縣', 'distName': '莿桐鄉', 'address': '饒平路5號'}",雲林縣政府,文化觀光處,雲林縣斗六市大學路三段310號,(05)5523218,"<a href=""http://nchdb.boch.gov.tw/assets/advanceSearch/historicalBuilding/20210701000002"" target=""_blank"">http://nchdb.boch.gov.tw/assets/advanceSearch/historicalBuilding/20210701000002</a>","[{'classification': '指定/登錄', 'officialDocNo': '府文資字第0992400546號 ', 'registerDate': '2010-04-02 16:04:42.482'}]",宅第,雲林縣
1582,20210701000003,古坑國小舊宿舍,"{'code': 'A99', 'name': '其他設施', 'other': '日式宿舍'}",<<歷史建築登錄廢止審查及輔助辦法>>第2條第1項第1、2、3款,120.56503898109887,23.645853954794493,"{'itemNo': 1, 'cityName': '雲林縣', 'distName': '古坑鄉', 'address': '古坑村朝陽路9號'}",雲林縣政府,文化觀光處,雲林縣斗六市大學路三段310號,(05)5523218,"<a href=""http://nchdb.boch.gov.tw/assets/advanceSearch/historicalBuilding/20210701000003"" target=""_blank"">http://nchdb.boch.gov.tw/assets/advanceSearch/historicalBuilding/20210701000003</a>","[{'classification': '指定/登錄', 'officialDocNo': '府文資字第10024014222號', 'registerDate': '2011-07-11 02:50:46.003'}]",其他設施,雲林縣
1582,20210701000003,古坑國小舊宿舍,"{'code': 'A99', 'name': '其他設施', 'other': '日式宿舍'}",<<歷史建築登錄廢止審查及輔助辦法>>第2條第1項第1、2、3款,120.56503898109887,23.645853954794493,"{'itemNo': 2, 'cityName': '雲林縣', 'distName': '古坑鄉', 'address': '古坑村朝陽路11號'}",雲林縣政府,文化觀光處,雲林縣斗六市大學路三段310號,(05)5523218,"<a href=""http://nchdb.boch.gov.tw/assets/advanceSearch/historicalBuilding/20210701000003"" target=""_blank"">http://nchdb.boch.gov.tw/assets/advanceSearch/historicalBuilding/20210701000003</a>","[{'classification': '指定/登錄', 'officialDocNo': '府文資字第10024014222號', 'registerDate': '2011-07-11 02:50:46.003'}]",其他設施,雲林縣
1582,20210701000003,古坑國小舊宿舍,"{'code': 'A99', 'name': '其他設施', 'other': '日式宿舍'}",<<歷史建築登錄廢止審查及輔助辦法>>第2條第1項第1、2、3款,120.56503898109887,23.645853954794493,"{'itemNo': 3, 'cityName': '雲林縣', 'distName': '古坑鄉', 'address': '古坑村朝陽路19號'}",雲林縣政府,文化觀光處,雲林縣斗六市大學路三段310號,(05)5523218,"<a href=""http://nchdb.boch.gov.tw/assets/advanceSearch/historicalBuilding/20210701000003"" target=""_blank"">http://nchdb.boch.gov.tw/assets/advanceSearch/historicalBuilding/20210701000003</a>","[{'classification': '指定/登錄', 'officialDocNo': '府文資字第10024014222號', 'registerDate': '2011-07-11 02:50:46.003'}]",其他設施,雲林縣
1582,20210701000003,古坑國小舊宿舍,"{'code': 'A99', 'name': '其他設施', 'other': '日式宿舍'}",<<歷史建築登錄廢止審查及輔助辦法>>第2條第1項第1、2、3款,120.56503898109887,23.645853954794493,"{'itemNo': 4, 'cityName': '雲林縣', 'distName': '古坑鄉', 'address': '古坑村朝陽路21號'}",雲林縣政府,文化觀光處,雲林縣斗六市大學路三段310號,(05)5523218,"<a href=""http://nchdb.boch.gov.tw/assets/advanceSearch/historicalBuilding/20210701000003"" target=""_blank"">http://nchdb.boch.gov.tw/assets/advanceSearch/historicalBuilding/20210701000003</a>","[{'classification': '指定/登錄', 'officialDocNo': '府文資字第10024014222號', 'registerDate': '2011-07-11 02:50:46.003'}]",其他設施,雲林縣
1583,20210701000001,嘉義慈濟宮,"{'code': 'A2', 'name': '寺廟'}",<<歷史建築紀念建築登錄廢止審查及輔助辦法>>第2條第1項第1、2款,120.44894704306587,23.480434426314737,"{'itemNo': 1, 'cityName': '嘉義市', 'distName': '西區', 'address': '國華街216巷1號'}",嘉義市政府文化局,文化資產科,嘉義市忠孝路375號,05-2788225#507,"<a href=""http://nchdb.boch.gov.tw/assets/advanceSearch/historicalBuilding/20210701000001"" target=""_blank"">http://nchdb.boch.gov.tw/assets/advanceSearch/historicalBuilding/20210701000001</a>","[{'classification': '指定/登錄', 'officialDocNo': '府授文資字第1105101036號', 'registerDate': '2021-03-09 10:25:32.978'}]",寺廟,嘉義市
1584,20210702000004,二崙分駐所眷舍,"{'code': 'A99', 'name': '其他設施', 'other': ''}",<<歷史建築登錄廢止審查及輔助辦法>>第2條第1項第1、2、3、4款,120.412966,23.77109,"{'itemNo': 1, 'cityName': '雲林縣', 'distName': '二崙鄉', 'address': '崙西村1鄰中興路5號'}",雲林縣政府,文化觀光處,雲林縣斗六市大學路三段310號,(05)5523218,"<a href=""http://nchdb.boch.gov.tw/assets/advanceSearch/historicalBuilding/20210702000004"" target=""_blank"">http://nchdb.boch.gov.tw/assets/advanceSearch/historicalBuilding/20210702000004</a>","[{'classification': '指定/登錄', 'officialDocNo': '府文資二字第1047403151B號', 'registerDate': '2015-03-30 15:10:20.234'}]",其他設施,雲林縣
1585,20210702000008,原西螺建興路廖文毅街屋,"{'code': 'A3', 'name': '宅第'}",<<歷史建築登錄廢止審查及輔助辦法>>第2條第1項第1、2、3、4款,120.45899,23.80153,"{'itemNo': 1, 'cityName': '雲林縣', 'distName': '西螺鎮', 'address': '建興路267號'}",雲林縣政府,文化資產局,雲林縣斗六市大學路三段310號,(05)5523218,"<a href=""http://nchdb.boch.gov.tw/assets/advanceSearch/historicalBuilding/20210702000008"" target=""_blank"">http://nchdb.boch.gov.tw/assets/advanceSearch/historicalBuilding/20210702000008</a>","[{'classification': '指定/登錄', 'officialDocNo': '府文資二字第1053801052B號', 'registerDate': '2016-02-05 04:08:08.966'}]",宅第,雲林縣
1586,20210702000005,文昌國小舊宿舍群,"{'code': 'A99', 'name': '其他設施', 'other': ''}",<<歷史建築登錄廢止審查及輔助辦法>>第2條第1項第1、2、3、4款,120.45302,23.80079,"{'itemNo': 1, 'cityName': '雲林縣', 'distName': '西螺鎮', 'address': '延平路498巷1號'}",雲林縣政府,文化觀光處,雲林縣斗六市大學路三段310號,(05)5523218,"<a href=""http://nchdb.boch.gov.tw/assets/advanceSearch/historicalBuilding/20210702000005"" target=""_blank"">http://nchdb.boch.gov.tw/assets/advanceSearch/historicalBuilding/20210702000005</a>","[{'classification': '指定/登錄', 'officialDocNo': '府文資二字第1047403148B號', 'registerDate': '2015-03-30 02:23:07.746'}, {'classification': '變更/修正', 'officialDocNo': '府文資二字第1047409042B號', 'registerDate': '2015-08-28 02:24:30.066'}]",其他設施,雲林縣
1586,20210702000005,文昌國小舊宿舍群,"{'code': 'A99', 'name': '其他設施', 'other': ''}",<<歷史建築登錄廢止審查及輔助辦法>>第2條第1項第1、2、3、4款,120.45302,23.80079,"{'itemNo': 2, 'cityName': '雲林縣', 'distName': '西螺鎮', 'address': '延平路498巷2號'}",雲林縣政府,文化觀光處,雲林縣斗六市大學路三段310號,(05)5523218,"<a href=""http://nchdb.boch.gov.tw/assets/advanceSearch/historicalBuilding/20210702000005"" target=""_blank"">http://nchdb.boch.gov.tw/assets/advanceSearch/historicalBuilding/20210702000005</a>","[{'classification': '指定/登錄', 'officialDocNo': '府文資二字第1047403148B號', 'registerDate': '2015-03-30 02:23:07.746'}, {'classification': '變更/修正', 'officialDocNo': '府文資二字第1047409042B號', 'registerDate': '2015-08-28 02:24:30.066'}]",其他設施,雲林縣
1586,20210702000005,文昌國小舊宿舍群,"{'code': 'A99', 'name': '其他設施', 'other': ''}",<<歷史建築登錄廢止審查及輔助辦法>>第2條第1項第1、2、3、4款,120.45302,23.80079,"{'itemNo': 3, 'cityName': '雲林縣', 'distName': '西螺鎮', 'address': '延平路498巷3號'}",雲林縣政府,文化觀光處,雲林縣斗六市大學路三段310號,(05)5523218,"<a href=""http://nchdb.boch.gov.tw/assets/advanceSearch/historicalBuilding/20210702000005"" target=""_blank"">http://nchdb.boch.gov.tw/assets/advanceSearch/historicalBuilding/20210702000005</a>","[{'classification': '指定/登錄', 'officialDocNo': '府文資二字第1047403148B號', 'registerDate': '2015-03-30 02:23:07.746'}, {'classification': '變更/修正', 'officialDocNo': '府文資二字第1047409042B號', 'registerDate': '2015-08-28 02:24:30.066'}]",其他設施,雲林縣
1586,20210702000005,文昌國小舊宿舍群,"{'code': 'A99', 'name': '其他設施', 'other': ''}",<<歷史建築登錄廢止審查及輔助辦法>>第2條第1項第1、2、3、4款,120.45302,23.80079,"{'itemNo': 4, 'cityName': '雲林縣', 'distName': '西螺鎮', 'address': '延平路498巷4號'}",雲林縣政府,文化觀光處,雲林縣斗六市大學路三段310號,(05)5523218,"<a href=""http://nchdb.boch.gov.tw/assets/advanceSearch/historicalBuilding/20210702000005"" target=""_blank"">http://nchdb.boch.gov.tw/assets/advanceSearch/historicalBuilding/20210702000005</a>","[{'classification': '指定/登錄', 'officialDocNo': '府文資二字第1047403148B號', 'registerDate': '2015-03-30 02:23:07.746'}, {'classification': '變更/修正', 'officialDocNo': '府文資二字第1047409042B號', 'registerDate': '2015-08-28 02:24:30.066'}]",其他設施,雲林縣
1587,20210702000006,原公路局斗南站,"{'code': 'A7', 'name': '車站'}",<<歷史建築登錄廢止審查及輔助辦法>>第2條第1項第1、2、3、4款,120.47808,23.6731,"{'itemNo': 1, 'cityName': '雲林縣', 'distName': '斗南鎮', 'address': '南昌路145號'}",雲林縣政府,文化觀光處,雲林縣斗六市大學路三段310號,(05)5523218,"<a href=""http://nchdb.boch.gov.tw/assets/advanceSearch/historicalBuilding/20210702000006"" target=""_blank"">http://nchdb.boch.gov.tw/assets/advanceSearch/historicalBuilding/20210702000006</a>","[{'classification': '指定/登錄', 'officialDocNo': '府文資二字第1047404384B號', 'registerDate': '2015-04-28 03:07:23.144'}]",車站,雲林縣
1588,20210702000009,二崙荷苞嶼恆心堂,"{'code': 'A3', 'name': '宅第'}",<<歷史建築登錄廢止審查及輔助辦法>>第2條第1項第1、2、3、4款,120.39551,23.80494,"{'itemNo': 1, 'cityName': '雲林縣', 'distName': '二崙鄉', 'address': '港后村安平路25號'}",雲林縣政府,文化觀光處,雲林縣斗六市大學路三段310號,(05)5523218,"<a href=""http://nchdb.boch.gov.tw/assets/advanceSearch/historicalBuilding/20210702000009"" target=""_blank"">http://nchdb.boch.gov.tw/assets/advanceSearch/historicalBuilding/20210702000009</a>","[{'classification': '指定/登錄', 'officialDocNo': '府文資二字第1053801034B號', 'registerDate': '2016-02-15 00:00:00.0'}]",宅第,雲林縣
1589,20210702000011,北港糖廠,"{'code': 'A16', 'name': '產業'}",<<歷史建築登錄廢止審查及輔助辦法>>第2條第1項第1、2、3、4款,120.2985,23.56888,"{'itemNo': 1, 'cityName': '雲林縣', 'distName': '北港鎮', 'address': '光復路2號'}",雲林縣政府,文化觀光處,雲林縣斗六市大學路三段310號,(05)5523218,"<a href=""http://nchdb.boch.gov.tw/assets/advanceSearch/historicalBuilding/20210702000011"" target=""_blank"">http://nchdb.boch.gov.tw/assets/advanceSearch/historicalBuilding/20210702000011</a>","[{'classification': '指定/登錄', 'officialDocNo': '府文資字第0972400475號', 'registerDate': '2008-05-16 00:00:00.0'}, {'classification': '指定/登錄', 'officialDocNo': '府文資二字第1053806438B號', 'registerDate': '2016-07-07 04:58:54.617'}]",產業,雲林縣
1590,20220308000003,原潮州辦務署日式宿舍群,"{'code': 'A99', 'name': '其他設施', 'other': '官舍建築群'}","文化資產保存法第18條
歷史建築紀念建築登錄廢止審查及輔助辦法第2條第1項第1、2、3款",120.523778,22.552083,"{'itemNo': 1, 'cityName': '屏東縣', 'distName': '潮州鎮', 'address': '建基段169、170、170-1、171、178、178-1地號及國中段335、336、354、355、357、358、359等地號'}",屏東縣政府					,屏東縣文化資產保護所	,屏東縣屏東市菸廠路1號	,08-7210234,"<a href=""http://nchdb.boch.gov.tw/assets/advanceSearch/historicalBuilding/20220308000003"" target=""_blank"">http://nchdb.boch.gov.tw/assets/advanceSearch/historicalBuilding/20220308000003</a>","[{'classification': '指定/登錄', 'officialDocNo': '屏府文保字第10830573400號', 'registerDate': '2019-12-31 00:00:00.0'}]",其他設施,屏東縣
1591,20210702000010,布袋蔡家古厝,"{'code': 'A3', 'name': '宅第'}",<<歷史建築紀念建築登錄廢止審查及輔助辦法>>第2條第1項第1、2、3款登錄基準。,120.159884,23.378447,"{'itemNo': 1, 'cityName': '嘉義縣', 'distName': '布袋鎮', 'address': '九江段小段84、87、89地號'}",嘉義縣文化觀光局,文化資產科,嘉義縣太保市太保大道158號,053628123*317,"<a href=""http://nchdb.boch.gov.tw/assets/advanceSearch/historicalBuilding/20210702000010"" target=""_blank"">http://nchdb.boch.gov.tw/assets/advanceSearch/historicalBuilding/20210702000010</a>","[{'classification': '指定/登錄', 'officialDocNo': '府授文資字第1080021537號', 'registerDate': '2019-01-28 09:57:26.776'}]",宅第,嘉義縣
1592,20210703000004,口湖國中折版校舍建築群,"{'code': 'A99', 'name': '其他設施', 'other': '校舍'}",<<歷史建築登錄廢止審查及輔助辦法>>第2條第1項第1、2、3、4款,120.184102,23.5881,"{'itemNo': 1, 'cityName': '雲林縣', 'distName': '口湖鄉', 'address': '文明路133巷20號'}",雲林縣政府,文化觀光處,雲林縣斗六巿雲林路二段310號, 05-5523218,"<a href=""http://nchdb.boch.gov.tw/assets/advanceSearch/historicalBuilding/20210703000004"" target=""_blank"">http://nchdb.boch.gov.tw/assets/advanceSearch/historicalBuilding/20210703000004</a>","[{'classification': '指定/登錄', 'officialDocNo': '府文資二字第1063804314B號', 'registerDate': '2017-05-03 21:32:41.611'}, {'classification': '變更/修正', 'officialDocNo': '府文資二字第1133805124D號', 'registerDate': '2024-01-12 12:06:56.188'}]",其他設施,雲林縣
1593,20210703000005,元長傅氏大宗祠,"{'code': 'A1', 'name': '祠堂'}",<<歷史建築紀念建築登錄廢止審查及輔助辦法>>第2條第1項第1、2、3款,120.31547,23.65041,"{'itemNo': 1, 'cityName': '雲林縣', 'distName': '元長鄉', 'address': '中興街18巷8號'}",雲林縣政府,文化觀光處,雲林縣斗六巿雲林路二段310號,05-5523218,"<a href=""http://nchdb.boch.gov.tw/assets/advanceSearch/historicalBuilding/20210703000005"" target=""_blank"">http://nchdb.boch.gov.tw/assets/advanceSearch/historicalBuilding/20210703000005</a>","[{'classification': '指定/登錄', 'officialDocNo': '府文二資字第1083800035B號', 'registerDate': '2019-01-08 23:02:37.986'}]",祠堂,雲林縣
1594,20210704000003,原虎尾官營小賣市場,"{'code': 'A23', 'name': '市場'}",<<歷史建築紀念建築登錄廢止審查及輔助辦法>>第2條第1項第1、2、3款,120.435209,23.709023,"{'itemNo': 1, 'cityName': '雲林縣', 'distName': '虎尾鎮', 'address': '中正路 、 新興路 、 福民路及中央街'}",雲林縣政府,文化觀光處,雲林縣斗六巿雲林路二段310號,05-5523218,"<a href=""http://nchdb.boch.gov.tw/assets/advanceSearch/historicalBuilding/20210704000003"" target=""_blank"">http://nchdb.boch.gov.tw/assets/advanceSearch/historicalBuilding/20210704000003</a>","[{'classification': '指定/登錄', 'officialDocNo': '府文資二字第1083811869B號', 'registerDate': '2019-10-17 00:27:12.172'}, {'classification': '變更/修正', 'officialDocNo': '府文資二字第1103815118D號', 'registerDate': '2021-08-19 00:00:00.0'}]",市場,雲林縣
1595,20210706000001,稇源商店六龜支店,"{'code': 'A18', 'name': '商店'}",<<歷史建築登錄廢止審查及輔助辦法>>第2條第1項第1、2、3款,120.63505,22.997558,"{'itemNo': 1, 'cityName': '高雄市', 'distName': '六龜區', 'address': '義寶里新民街6號'}",高雄市政府文化局,文化資產中心,高雄市苓雅區五福一路67號,(07)222-5136分機8626,"<a href=""http://nchdb.boch.gov.tw/assets/advanceSearch/historicalBuilding/20210706000001"" target=""_blank"">http://nchdb.boch.gov.tw/assets/advanceSearch/historicalBuilding/20210706000001</a>","[{'classification': '指定/登錄', 'officialDocNo': '高市府文資字第11030566500號', 'registerDate': '2021-03-24 15:04:17.299'}]",商店,高雄市
1596,20210706000002,左營廍後薛家古厝後落右外護龍,"{'code': 'A3', 'name': '宅第'}",<<歷史建築登錄廢止審查及輔助辦法>>第2條第1項第2、4款,120.288205,22.685614,"{'itemNo': 1, 'cityName': '高雄市', 'distName': '左營區', 'address': '廍後街42巷39弄3號及廍後街42巷33之1號部分'}",高雄市政府文化局,文資中心,高雄市苓雅區五福一路67號,07-2225136轉8421,"<a href=""http://nchdb.boch.gov.tw/assets/advanceSearch/historicalBuilding/20210706000002"" target=""_blank"">http://nchdb.boch.gov.tw/assets/advanceSearch/historicalBuilding/20210706000002</a>","[{'classification': '指定/登錄', 'officialDocNo': '高市府文資字第10931940000號', 'registerDate': '2020-08-07 15:13:10.782'}, {'classification': '變更/修正', 'officialDocNo': '高市府文資字第11032297701號', 'registerDate': '2021-12-17 00:00:00.0', 'note': '更正公告'}]",宅第,高雄市
1597,20210708000001,卯澳吳家樓仔厝,"{'code': 'A3', 'name': '宅第'}",「歷史建築紀念建築登廢止審查及輔助辦法」第2條第1項第1、2、3款登錄基準。,121.98905,25.013521,"{'itemNo': 1, 'cityName': '新北市', 'distName': '貢寮區', 'address': '福連街10號'}",新北市政府,文化局,新北市板橋區中山路一段161號28樓,02-29603456分機4549,"<a href=""http://nchdb.boch.gov.tw/assets/advanceSearch/historicalBuilding/20210708000001"" target=""_blank"">http://nchdb.boch.gov.tw/assets/advanceSearch/historicalBuilding/20210708000001</a>","[{'classification': '指定/登錄', 'officialDocNo': '新北府文資字第1100305534號', 'registerDate': '2021-02-24 16:21:28.204'}]",宅第,新北市
1598,20210713000001,佳里善行寺,"{'code': 'A2', 'name': '寺廟'}",歷史建築紀念建築登錄廢止審查及輔助辦法第2條第1項第3款,120.17577,23.16116,"{'itemNo': 1, 'cityName': '臺南市', 'distName': '佳里區', 'address': '中和街92號'}",臺南市政府,臺南市文化資產管理處,臺南市中西區中正路5巷1號3樓,06-2213569,"<a href=""http://nchdb.boch.gov.tw/assets/advanceSearch/historicalBuilding/20210713000001"" target=""_blank"">http://nchdb.boch.gov.tw/assets/advanceSearch/historicalBuilding/20210713000001</a>","[{'classification': '指定/登錄', 'officialDocNo': '南市文資字第1100378000A', 'registerDate': '2021-03-26 18:30:39.169'}]",寺廟,臺南市
1599,20210714000001,大社張氏中廳,"{'code': 'A1', 'name': '祠堂'}",<<歷史建築紀念建築登錄廢止審查及輔助辦法>>第2條第1項第3款,120.31745039852954,23.09256867903126,"{'itemNo': 1, 'cityName': '臺南市', 'distName': '新市區', 'address': '大社385號'}",臺南市政府,臺南市文化資產管理處,臺南市中西區中正路5巷1號3樓,06-2213569,"<a href=""http://nchdb.boch.gov.tw/assets/advanceSearch/historicalBuilding/20210714000001"" target=""_blank"">http://nchdb.boch.gov.tw/assets/advanceSearch/historicalBuilding/20210714000001</a>","[{'classification': '指定/登錄', 'officialDocNo': '南市文資字第1100373039A', 'registerDate': '2021-03-29 00:00:00.0'}]",祠堂,臺南市
1600,20210714000002,楊長利公厝,"{'code': 'A1', 'name': '祠堂'}",歷史建築紀念建築登錄廢止審查及輔助辦法第2條第1項第1、3款,120.36182,23.11783,"{'itemNo': 1, 'cityName': '臺南市', 'distName': '大內區', 'address': '內庄94號'}",臺南市政府,臺南市文化資產管理處,臺南市中西區中正路5巷1號2樓,06-2213569,"<a href=""http://nchdb.boch.gov.tw/assets/advanceSearch/historicalBuilding/20210714000002"" target=""_blank"">http://nchdb.boch.gov.tw/assets/advanceSearch/historicalBuilding/20210714000002</a>","[{'classification': '指定/登錄', 'officialDocNo': '南市文資字第1100373039A', 'registerDate': '2021-03-29 00:00:00.0'}]",祠堂,臺南市
1601,20210714000003,原成功大學校門,"{'code': 'A99', 'name': '其他設施'}",歷史建築紀念建築登錄廢止審查及輔助辦法第2條第1項第3款,120.218389,22.996252,"{'itemNo': 1, 'cityName': '臺南市', 'distName': '東區', 'address': '大學路1號'}",臺南市政府,臺南市文化資產管理處,臺南市中西區中正路5巷1號3樓,06-2213569,"<a href=""http://nchdb.boch.gov.tw/assets/advanceSearch/historicalBuilding/20210714000003"" target=""_blank"">http://nchdb.boch.gov.tw/assets/advanceSearch/historicalBuilding/20210714000003</a>","[{'classification': '指定/登錄', 'officialDocNo': '南市文資字第1100693943A', 'registerDate': '2021-06-04 10:07:28.0'}]",其他設施,臺南市
1602,20210714000004,原大日本武德會社宅,"{'code': 'A1', 'name': '祠堂'}",歷史建築紀念建築登錄廢止審查及輔助辦法第2條第1項第2款,120.176087,23.163917,"{'itemNo': 1, 'cityName': '臺南市', 'distName': '佳里區', 'address': '進學路193號'}",臺南市政府,臺南市文化資產管理處,臺南市中西區中正路5巷1號3樓,06-2213569,"<a href=""http://nchdb.boch.gov.tw/assets/advanceSearch/historicalBuilding/20210714000004"" target=""_blank"">http://nchdb.boch.gov.tw/assets/advanceSearch/historicalBuilding/20210714000004</a>","[{'classification': '指定/登錄', 'officialDocNo': '南市文資字第1100693943A', 'registerDate': '2021-06-04 00:00:00.0'}, {'classification': '變更/修正', 'officialDocNo': '南市文資字第1130423031A號', 'registerDate': '2024-03-29 15:58:56.471'}]",祠堂,臺南市
1602,20210714000004,原大日本武德會社宅,"{'code': 'A99', 'name': '其他設施', 'other': ''}",歷史建築紀念建築登錄廢止審查及輔助辦法第2條第1項第2款,120.176087,23.163917,"{'itemNo': 1, 'cityName': '臺南市', 'distName': '佳里區', 'address': '進學路193號'}",臺南市政府,臺南市文化資產管理處,臺南市中西區中正路5巷1號3樓,06-2213569,"<a href=""http://nchdb.boch.gov.tw/assets/advanceSearch/historicalBuilding/20210714000004"" target=""_blank"">http://nchdb.boch.gov.tw/assets/advanceSearch/historicalBuilding/20210714000004</a>","[{'classification': '指定/登錄', 'officialDocNo': '南市文資字第1100693943A', 'registerDate': '2021-06-04 00:00:00.0'}, {'classification': '變更/修正', 'officialDocNo': '南市文資字第1130423031A號', 'registerDate': '2024-03-29 15:58:56.471'}]",其他設施,臺南市
1603,20210715000001,基隆中學校官舍,"{'code': 'A3', 'name': '宅第'}",《歷史建築紀念建築登錄廢止審查及輔助辦法》第2條第1項第1、2、3款,121.752807,25.129949,"{'itemNo': 1, 'cityName': '基隆市', 'distName': '信義區', 'address': '義七路39號'}",基隆市文化觀光局,文化資產科,基隆市信一路181號,(02)2422-4170,"<a href=""http://nchdb.boch.gov.tw/assets/advanceSearch/historicalBuilding/20210715000001"" target=""_blank"">http://nchdb.boch.gov.tw/assets/advanceSearch/historicalBuilding/20210715000001</a>","[{'classification': '指定/登錄', 'officialDocNo': '府授文資壹字第1100330177B號', 'registerDate': '2021-07-08 15:47:28.199', 'note': '登錄「基隆中學校官舍」為本市歷史建築'}]",宅第,基隆市
1604,20210716000001,臺灣銀行高雄分行,"{'code': 'A20', 'name': '辦公廳舍'}",<<歷史建築紀念建築登錄廢止審查及輔助辦法>>第2條第1項第1、2、3款,120.289591,22.627662,"{'itemNo': 1, 'cityName': '高雄市', 'distName': '前金區', 'address': '中正四路264號'}",高雄市政府文化局,文化資產中心,高雄市苓雅區五福一路67號,07-2225136,"<a href=""http://nchdb.boch.gov.tw/assets/advanceSearch/historicalBuilding/20210716000001"" target=""_blank"">http://nchdb.boch.gov.tw/assets/advanceSearch/historicalBuilding/20210716000001</a>","[{'classification': '指定/登錄', 'officialDocNo': '高市府文資字第11031124201號', 'registerDate': '2021-06-17 11:32:29.006'}]",辦公廳舍,高雄市
1605,20210908000002,埔里南村義民祠,"{'code': 'A2', 'name': '寺廟'}",<<歷史建築紀念建築登錄廢止審查及輔助辦法>>第2條第1項第1、2款基準,120.944578,23.963823,"{'itemNo': 1, 'cityName': '南投縣', 'distName': '埔里鎮', 'address': '南村里南村路8-1號'}",南投縣政府文化局,文化資產科,南投市建國路135號,049-2231191,"<a href=""http://nchdb.boch.gov.tw/assets/advanceSearch/historicalBuilding/20210908000002"" target=""_blank"">http://nchdb.boch.gov.tw/assets/advanceSearch/historicalBuilding/20210908000002</a>","[{'classification': '指定/登錄', 'officialDocNo': '府授文資字第11001717591號', 'registerDate': '2021-08-04 13:50:36.923'}]",寺廟,南投縣
1606,20210908000001,陳善述老宅,"{'code': 'A3', 'name': '宅第'}",<<歷史建築紀念建築登錄廢止審查及輔助辦法>>第2條第1項第1、2款基準,120.73242,23.812771,"{'itemNo': 1, 'cityName': '南投縣', 'distName': '竹山鎮', 'address': '集山路一段1135巷25號'}",南投縣政府文化局,文化資產科,南投市建國路135號,049-2231191,"<a href=""http://nchdb.boch.gov.tw/assets/advanceSearch/historicalBuilding/20210908000001"" target=""_blank"">http://nchdb.boch.gov.tw/assets/advanceSearch/historicalBuilding/20210908000001</a>","[{'classification': '指定/登錄', 'officialDocNo': '府授文資字第11001792191號', 'registerDate': '2021-08-17 15:32:36.991'}]",宅第,南投縣
1607,20210910000001,通霄國小仁愛路日式教職員宿舍,"{'code': 'A3', 'name': '宅第'}",<<歷史建築紀念建築登錄廢止審查及輔助辦法>>第2條第1項第1款,120.68173,24.49041,"{'itemNo': 1, 'cityName': '苗栗縣', 'distName': '通霄鎮', 'address': '通東里22鄰仁愛路91號'}",苗栗縣政府文化觀光局,文化資產科,苗栗縣苗栗市自治路50號,037-352961#712,"<a href=""http://nchdb.boch.gov.tw/assets/advanceSearch/historicalBuilding/20210910000001"" target=""_blank"">http://nchdb.boch.gov.tw/assets/advanceSearch/historicalBuilding/20210910000001</a>","[{'classification': '指定/登錄', 'officialDocNo': '府文資字第1100009356B號', 'registerDate': '2021-08-26 00:00:00.0'}, {'classification': '變更/修正', 'officialDocNo': '府文資字第1110012748號', 'registerDate': '2022-10-20 16:36:31.389', 'note': '地號地址'}]",宅第,苗栗縣
1608,20210929000001,原雲林縣遊民收容所,"{'code': 'A19', 'name': '機關'}",<<歷史建築登錄廢止審查及輔助辦法>>第2條第1項第2、3、4款,120.543092,23.702926,"{'itemNo': 1, 'cityName': '雲林縣', 'distName': '斗六市', 'address': '公正街195巷36號'}",雲林縣政府,文化觀光處,雲林縣斗六市大學路三段310號,05-5523218,"<a href=""http://nchdb.boch.gov.tw/assets/advanceSearch/historicalBuilding/20210929000001"" target=""_blank"">http://nchdb.boch.gov.tw/assets/advanceSearch/historicalBuilding/20210929000001</a>","[{'classification': '指定/登錄', 'officialDocNo': '府文資二字第1103815118B號', 'registerDate': '2021-08-19 00:00:00.0'}]",機關,雲林縣
1609,20210929000002,臺南地方法院虎尾出張所宿舍,"{'code': 'A99', 'name': '其他設施', 'other': '宿舍'}",<<歷史建築登錄廢止審查及輔助辦法>>第2條第1項第2、3、4款,120.43275895517344,23.708799335001434,"{'itemNo': 1, 'cityName': '雲林縣', 'distName': '虎尾鎮', 'address': '林森路一段501號'}",雲林縣政府,文化觀光處,雲林縣斗六市大學路三段310號,05-5523218,"<a href=""http://nchdb.boch.gov.tw/assets/advanceSearch/historicalBuilding/20210929000002"" target=""_blank"">http://nchdb.boch.gov.tw/assets/advanceSearch/historicalBuilding/20210929000002</a>","[{'classification': '指定/登錄', 'officialDocNo': '府文資二字第1103815118C號', 'registerDate': '2021-08-19 20:54:38.702'}, {'classification': '變更/修正', 'officialDocNo': '府文資一字第1133806557號', 'registerDate': '2024-05-03 20:16:12.291'}]",其他設施,雲林縣
1610,20211110000002,東石蔦松許宅,"{'code': 'A3', 'name': '宅第'}",<<歷史建築紀念建築登錄廢止審查及輔助辦法>>第2條第1項第1、2、3款登錄基準。,120.150555,23.456717,"{'itemNo': 1, 'cityName': '嘉義縣', 'distName': '東石鄉', 'address': '湖底段湖底小段186號'}",嘉義縣政府,文化觀光局,嘉義縣太保市太保大道158號,05-3228123,"<a href=""http://nchdb.boch.gov.tw/assets/advanceSearch/historicalBuilding/20211110000002"" target=""_blank"">http://nchdb.boch.gov.tw/assets/advanceSearch/historicalBuilding/20211110000002</a>","[{'classification': '指定/登錄', 'officialDocNo': '府授文資字第1100151541號', 'registerDate': '2021-07-12 00:00:00.0'}]",宅第,嘉義縣
1611,20210923000001,南京西路261號店屋,"{'code': 'A3', 'name': '宅第'}",<<歷史建築紀念建築登錄廢止審查及輔助辦法>>第2條第1項第1款,121.50970936079362,25.053385955450857,"{'itemNo': 1, 'cityName': '臺北市', 'distName': '大同區', 'address': '南京西路261號'}",臺北市政府文化局,文化資產科,臺北市信義區市府路1號4樓東北區,(02)2720-8889,"<a href=""http://nchdb.boch.gov.tw/assets/advanceSearch/historicalBuilding/20210923000001"" target=""_blank"">http://nchdb.boch.gov.tw/assets/advanceSearch/historicalBuilding/20210923000001</a>","[{'classification': '指定/登錄', 'officialDocNo': '北市文化文資字第11030362881 號', 'registerDate': '2021-09-08 00:00:00.0', 'note': '歷史建築'}]",宅第,臺北市
1612,20211025000001,日治時期警察宿舍,"{'code': 'A3', 'name': '宅第'}",<<歷史建築登錄廢止審查及輔助辦法>>第2條第1項第1、2、3款,120.672544,24.139266,"{'itemNo': 1, 'cityName': '臺中市', 'distName': '西區', 'address': '樂群街48號'}",臺中市文化局,臺中市文化資產處,臺中市西區市府路41巷19號,0422290280,"<a href=""http://nchdb.boch.gov.tw/assets/advanceSearch/historicalBuilding/20211025000001"" target=""_blank"">http://nchdb.boch.gov.tw/assets/advanceSearch/historicalBuilding/20211025000001</a>","[{'classification': '指定/登錄', 'officialDocNo': '府授文資字第0980199018號', 'registerDate': '2009-08-06 00:00:00.0'}, {'classification': '變更/修正', 'officialDocNo': '府授文資字第1010223408號', 'registerDate': '2012-12-18 00:00:00.0'}]",宅第,臺中市
1613,20211026000001,原植松木行,"{'code': 'A16', 'name': '產業'}",<<歷史建築紀念建築登錄廢止審查及輔助辦法>>第2條第1項第1、2款,120.44743,23.48434,"{'itemNo': 1, 'cityName': '嘉義市', 'distName': '西區', 'address': '國華街355巷1、357、359號'}",嘉義市政府文化局,文化資產科,嘉義市忠孝路275號,05-2788225#507,"<a href=""http://nchdb.boch.gov.tw/assets/advanceSearch/historicalBuilding/20211026000001"" target=""_blank"">http://nchdb.boch.gov.tw/assets/advanceSearch/historicalBuilding/20211026000001</a>","[{'classification': '指定/登錄', 'officialDocNo': '1095103159', 'registerDate': '2020-07-27 00:00:00.0'}]",產業,嘉義市
1614,20211026000002,原嘉義公學校宿舍,"{'code': 'A3', 'name': '宅第'}",<<歷史建築紀念建築登錄廢止審查及輔助辦法>>第2條第1項第1、2款,120.4529,23.47496,"{'itemNo': 1, 'cityName': '嘉義市', 'distName': '東區', 'address': '吳鳳北路35巷11、13、15號'}",嘉義市政府文化局,文化資產科,嘉義市忠孝路275號,05-2788225#507,"<a href=""http://nchdb.boch.gov.tw/assets/advanceSearch/historicalBuilding/20211026000002"" target=""_blank"">http://nchdb.boch.gov.tw/assets/advanceSearch/historicalBuilding/20211026000002</a>","[{'classification': '指定/登錄', 'officialDocNo': '1105101036', 'registerDate': '2021-03-09 14:21:30.018'}]",宅第,嘉義市
1615,20211026000003,嘉義鐵道倉庫,"{'code': 'A16', 'name': '產業'}",<<歷史建築紀念建築登錄廢止審查及輔助辦法>>第2條第1項第1、2款,120.44161,23.48128,"{'itemNo': 1, 'cityName': '嘉義市', 'distName': '西區', 'address': '北興街5號倉庫'}",嘉義市政府文化局,文化資產科,嘉義市忠孝路275號,05-2788225#507,"<a href=""http://nchdb.boch.gov.tw/assets/advanceSearch/historicalBuilding/20211026000003"" target=""_blank"">http://nchdb.boch.gov.tw/assets/advanceSearch/historicalBuilding/20211026000003</a>","[{'classification': '指定/登錄', 'officialDocNo': '府授文資字第1095103157號', 'registerDate': '2020-07-27 14:50:53.882'}]",產業,嘉義市
1616,20211123000001,迪化街1段256號店屋,"{'code': 'A3', 'name': '宅第'}",<<歷史建築紀念建築登錄廢止審查及輔助辦法>>第2條第1項第1、3款,121.509299,25.060327,"{'itemNo': 1, 'cityName': '臺北市', 'distName': '大同區', 'address': '迪化街1段256號'}",臺北市政府文化局,文化資產科,臺北市信義區市府路1號4樓東北區,(02)2720-8889,"<a href=""http://nchdb.boch.gov.tw/assets/advanceSearch/historicalBuilding/20211123000001"" target=""_blank"">http://nchdb.boch.gov.tw/assets/advanceSearch/historicalBuilding/20211123000001</a>","[{'classification': '指定/登錄', 'officialDocNo': '北市文化文資字第11030408294號', 'registerDate': '2021-11-02 00:00:00.0', 'note': '登錄歷史建築'}]",宅第,臺北市
1617,20211124000001,士林紙廠,"{'code': 'A16', 'name': '產業'}",<<歷史建築紀念建築登錄廢止審查及輔助辦法>>第2條第1項第2、3款,121.5243038,25.0917302,"{'itemNo': 1, 'cityName': '臺北市', 'distName': '士林區', 'address': '福德路31號'}",臺北市政府文化局,文化資產科,臺北市信義區市府路1號4樓東北區,(02)2720-8889,"<a href=""http://nchdb.boch.gov.tw/assets/advanceSearch/historicalBuilding/20211124000001"" target=""_blank"">http://nchdb.boch.gov.tw/assets/advanceSearch/historicalBuilding/20211124000001</a>","[{'classification': '指定/登錄', 'officialDocNo': '北市文化文資字第11030415201號', 'registerDate': '2021-11-10 00:00:00.0', 'note': '登錄「士林紙廠」為本市歷史建築'}]",產業,臺北市
1618,20211125000001,迪化街1段349號店屋,"{'code': 'A3', 'name': '宅第'}",<<歷史建築紀念建築登錄廢止審查及輔助辦法>>第2條第1項第1、3款,121.50933592321827,25.062983202579368,"{'itemNo': 1, 'cityName': '臺北市', 'distName': '大同區', 'address': '迪化街1段349號'}",臺北市政府文化局,文化資產科,臺北市信義區市府路1號4樓東北區,(02)2720-8889,"<a href=""http://nchdb.boch.gov.tw/assets/advanceSearch/historicalBuilding/20211125000001"" target=""_blank"">http://nchdb.boch.gov.tw/assets/advanceSearch/historicalBuilding/20211125000001</a>","[{'classification': '指定/登錄', 'officialDocNo': '北市文化文資字第1103043201號', 'registerDate': '2021-10-28 00:00:00.0', 'note': '公告'}, {'classification': '變更/修正', 'officialDocNo': '北市文化文資字第1103042103號', 'registerDate': '2021-11-18 00:00:00.0', 'note': '公告勘誤'}]",宅第,臺北市
1619,20211208000002,臺中車站機關車庫遺構,"{'code': 'A99', 'name': '其他設施', 'other': '車庫'}",<<歷史建築紀念建築登錄廢止審查及輔助辦法>>第2條第1項第2款,120.688238,24.137836,"{'itemNo': 1, 'cityName': '臺中市', 'distName': '東區', 'address': '臺中火車站大智路天橋基柱旁'}",臺中市文化資產處,古蹟歷建課,403002臺中市西區市府路41巷19號,0422290280分機611,"<a href=""http://nchdb.boch.gov.tw/assets/advanceSearch/historicalBuilding/20211208000002"" target=""_blank"">http://nchdb.boch.gov.tw/assets/advanceSearch/historicalBuilding/20211208000002</a>","[{'classification': '指定/登錄', 'officialDocNo': '府授文資古字第11002823951號', 'registerDate': '2021-11-11 14:48:47.667'}]",其他設施,臺中市
1620,20211228000001,中壢鐵道4號、5號倉庫,"{'code': 'A16', 'name': '產業'}",<<歷史建築紀念建築登錄廢止審查及輔助辦法>>第2條第1項第1、2款,121.22782917081153,24.954586659859388,"{'itemNo': 1, 'cityName': '桃園市', 'distName': '中壢區', 'address': '中和路39號'}",桃園市政府文化局,文化資產科,桃園市桃園區縣府路21號,03-3322592分機8618,"<a href=""http://nchdb.boch.gov.tw/assets/advanceSearch/historicalBuilding/20211228000001"" target=""_blank"">http://nchdb.boch.gov.tw/assets/advanceSearch/historicalBuilding/20211228000001</a>","[{'classification': '指定/登錄', 'officialDocNo': '府文資字11002821541號', 'registerDate': '2021-11-10 14:07:31.683'}]",產業,桃園市
1620,20211228000001,中壢鐵道4號、5號倉庫,"{'code': 'A16', 'name': '產業'}",<<歷史建築紀念建築登錄廢止審查及輔助辦法>>第2條第1項第1、2款,121.22782917081153,24.954586659859388,"{'itemNo': 2, 'cityName': '桃園市', 'distName': '中壢區', 'address': '中和路49號'}",桃園市政府文化局,文化資產科,桃園市桃園區縣府路21號,03-3322592分機8618,"<a href=""http://nchdb.boch.gov.tw/assets/advanceSearch/historicalBuilding/20211228000001"" target=""_blank"">http://nchdb.boch.gov.tw/assets/advanceSearch/historicalBuilding/20211228000001</a>","[{'classification': '指定/登錄', 'officialDocNo': '府文資字11002821541號', 'registerDate': '2021-11-10 14:07:31.683'}]",產業,桃園市
1621,20211230000007,市府大禮堂,"{'code': 'A22', 'name': '集會堂'}",<<歷史建築紀念建築登錄廢止審查及輔助辦法>>第2條第1項第1、2款,120.969491,24.807438,"{'itemNo': 1, 'cityName': '新竹市', 'distName': '北區', 'address': '府後街43號'}",新竹市政府,新竹市文化局文化資產科,300新竹市北區中央路109號,03-5425079,"<a href=""http://nchdb.boch.gov.tw/assets/advanceSearch/historicalBuilding/20211230000007"" target=""_blank"">http://nchdb.boch.gov.tw/assets/advanceSearch/historicalBuilding/20211230000007</a>","[{'classification': '指定/登錄', 'officialDocNo': '府授文資字第1100194813號', 'registerDate': '2021-12-29 16:16:03.101'}]",集會堂,新竹市
1622,20220308000002,九如鄉耆老村龔家古厝,"{'code': 'A3', 'name': '宅第'}","文化資產保存法第 18 條
歷史建築紀念建築登錄廢止審查及輔助辦法第 2 條第 1 項第 1、2、3 款",120.479361,22.76,"{'itemNo': 1, 'cityName': '屏東縣', 'distName': '九如鄉', 'address': '九如段1010-2、1011、1012-2、1013、1014、1015、1017-2、1048、1049、1050地號'}",屏東縣政府	,屏東縣文化資產保護所	,屏東縣屏東市菸廠路1號	,08-7210234,"<a href=""http://nchdb.boch.gov.tw/assets/advanceSearch/historicalBuilding/20220308000002"" target=""_blank"">http://nchdb.boch.gov.tw/assets/advanceSearch/historicalBuilding/20220308000002</a>","[{'classification': '指定/登錄', 'officialDocNo': '屏府文保字第10930275800號', 'registerDate': '2020-06-10 00:00:00.0'}]",宅第,屏東縣
1623,20220106000002,東門國小日式宿舍,"{'code': 'A3', 'name': '宅第'}",<<歷史建築登錄廢止審查及輔助辦法>>第2條第1項第2、3款,121.31517836024636,24.994090178277425,"{'itemNo': 1, 'cityName': '桃園市', 'distName': '桃園區', 'address': '東國街12巷1號'}",桃園市政府文化局,文化資產科,桃園市桃園區縣府路21號,03-3322592分機8607,"<a href=""http://nchdb.boch.gov.tw/assets/advanceSearch/historicalBuilding/20220106000002"" target=""_blank"">http://nchdb.boch.gov.tw/assets/advanceSearch/historicalBuilding/20220106000002</a>","[{'classification': '指定/登錄', 'officialDocNo': '府文資字第1100317466號', 'registerDate': '2021-12-09 17:35:37.729'}, {'classification': '變更/修正', 'officialDocNo': '府文資字第11301615221號', 'registerDate': '2024-06-26 14:33:33.119'}]",宅第,桃園市
1624,20220121000001,迪化街一段127號店屋,"{'code': 'A3', 'name': '宅第'}",<<歷史建築紀念建築登錄廢止審查及輔助辦法>>第2條第1項第3款,121.50985017843917,25.05758149107342,"{'itemNo': 1, 'cityName': '臺北市', 'distName': '大同區', 'address': '迪化街1段127號'}",臺北市政府文化局,文化資產科,臺北市信義區市府路1號4樓東北區,(02)2720-8889,"<a href=""http://nchdb.boch.gov.tw/assets/advanceSearch/historicalBuilding/20220121000001"" target=""_blank"">http://nchdb.boch.gov.tw/assets/advanceSearch/historicalBuilding/20220121000001</a>","[{'classification': '指定/登錄', 'officialDocNo': '北市文化文資字第11030468701號', 'registerDate': '2021-12-23 00:00:00.0', 'note': '歷史建築'}]",宅第,臺北市
1625,20220121000002,原枋隙教會,"{'code': 'A10', 'name': '教堂'}",<<歷史建築登錄廢止審查及輔助辦法>>第2條第1項第1、2、3款,121.50945564476451,25.064938507559184,"{'itemNo': 1, 'cityName': '臺北市', 'distName': '大同區', 'address': '迪化街2段67號'}",臺北市政府文化局,文化資產科,臺北市信義區市府路1號4樓東北區,(02)2720-8889,"<a href=""http://nchdb.boch.gov.tw/assets/advanceSearch/historicalBuilding/20220121000002"" target=""_blank"">http://nchdb.boch.gov.tw/assets/advanceSearch/historicalBuilding/20220121000002</a>","[{'classification': '指定/登錄', 'officialDocNo': '北市文化文資字第1103046868號', 'registerDate': '2021-12-23 00:00:00.0', 'note': '登錄歷史建築'}]",教堂,臺北市
1626,20220121000003,民樂街14號店屋,"{'code': 'A3', 'name': '宅第'}",<<歷史建築紀念建築登錄廢止審查及輔助辦法>>第2條第1項第3款,121.510814,25.055907,"{'itemNo': 1, 'cityName': '臺北市', 'distName': '大同區', 'address': '民樂街14號'}",臺北市政府文化局,文化資產科,臺北市信義區市府路1號4樓東北區,(02)2720-8889,"<a href=""http://nchdb.boch.gov.tw/assets/advanceSearch/historicalBuilding/20220121000003"" target=""_blank"">http://nchdb.boch.gov.tw/assets/advanceSearch/historicalBuilding/20220121000003</a>","[{'classification': '指定/登錄', 'officialDocNo': '北市文化文資字第11030471531號', 'registerDate': '2021-12-24 00:00:00.0', 'note': '歷史建築'}]",宅第,臺北市
1627,20220126000001,龜山樟腦寮協和磚廠,"{'code': 'A16', 'name': '產業'}",符合歷史建築紀念建築登錄廢止審查及輔助辦法第2條第1項第1款、第2款規定。,121.38605468036428,25.040808024245575,"{'itemNo': 1, 'cityName': '桃園市', 'distName': '龜山區', 'address': '文化一路688號'}",桃園市政府文化局,文化資產科,桃園市桃園區縣府路21號,03-3322592#8625,"<a href=""http://nchdb.boch.gov.tw/assets/advanceSearch/historicalBuilding/20220126000001"" target=""_blank"">http://nchdb.boch.gov.tw/assets/advanceSearch/historicalBuilding/20220126000001</a>","[{'classification': '指定/登錄', 'officialDocNo': '府文資字11002336951號', 'registerDate': '2021-09-23 11:13:07.946'}]",產業,桃園市
1628,20220216000001,忠靈塔（第三屆全省體育會紀念塔）,"{'code': 'A99', 'name': '其他設施', 'other': '紀念塔'}",<<歷史建築紀念建築登錄廢止審查及輔助辦法>>第2條第1項第3款,120.20799149563378,22.97817982455231,"{'itemNo': 1, 'cityName': '臺南市', 'distName': '南區', 'address': '體育路（青少年極限運動場旁）'}",臺南市政府,臺南市文化資產管理處,臺南市中西區中正路5巷1號2樓,06-2213569,"<a href=""http://nchdb.boch.gov.tw/assets/advanceSearch/historicalBuilding/20220216000001"" target=""_blank"">http://nchdb.boch.gov.tw/assets/advanceSearch/historicalBuilding/20220216000001</a>","[{'classification': '指定/登錄', 'officialDocNo': '南市文資字第1110205297A', 'registerDate': '2022-02-15 00:00:00.0'}, {'classification': '變更/修正', 'officialDocNo': '南市文資字第1110275592A', 'registerDate': '2022-03-07 16:22:39.992'}]",其他設施,臺南市
1629,20220222000001,南京西路257號店屋,"{'code': 'A3', 'name': '宅第'}",<<歷史建築紀念建築登錄廢止審查及輔助辦法>>第2條第1項第1、2、3款,121.509846,25.053377,"{'itemNo': 1, 'cityName': '臺北市', 'distName': '大同區', 'address': '南京西路257號'}",臺北市政府文化局,文化資產科,臺北市信義區市府路1號4樓東北區,(02)2720-8889,"<a href=""http://nchdb.boch.gov.tw/assets/advanceSearch/historicalBuilding/20220222000001"" target=""_blank"">http://nchdb.boch.gov.tw/assets/advanceSearch/historicalBuilding/20220222000001</a>","[{'classification': '指定/登錄', 'officialDocNo': '北市文化文資字第11130077661號', 'registerDate': '2022-02-09 00:00:00.0', 'note': '登錄'}]",宅第,臺北市
1630,20220225000001,第三屆全省運動會牌坊,"{'code': 'A99', 'name': '其他設施', 'other': '紀念牌坊'}",<<歷史建築紀念建築登錄廢止審查及輔助辦法>>第2條第1項第3款,120.207103,22.981222,"{'itemNo': 1, 'cityName': '臺南市', 'distName': '南區', 'address': '臺南市南區體育路（與健康路一段交叉路口）'}",臺南市政府,臺南市政府文化局,臺南市中西區中正路五巷一號3F,06-2213569,"<a href=""http://nchdb.boch.gov.tw/assets/advanceSearch/historicalBuilding/20220225000001"" target=""_blank"">http://nchdb.boch.gov.tw/assets/advanceSearch/historicalBuilding/20220225000001</a>","[{'classification': '指定/登錄', 'officialDocNo': '南市文資字第1110205297A', 'registerDate': '2022-02-15 08:06:40.571'}]",其他設施,臺南市
1631,20220308000005,新園街3號,"{'code': 'A3', 'name': '宅第'}",<<歷史建築紀念建築登錄廢止審查及輔助辦法>>第2條第1、3款,121.55156801370376,25.151121351039748,"{'itemNo': 1, 'cityName': '臺北市', 'distName': '士林區', 'address': '新園街3號'}",臺北市政府文化局,文化資產科,臺北市信義區市府路1號4樓東北區,(02)2720-8889,"<a href=""http://nchdb.boch.gov.tw/assets/advanceSearch/historicalBuilding/20220308000005"" target=""_blank"">http://nchdb.boch.gov.tw/assets/advanceSearch/historicalBuilding/20220308000005</a>","[{'classification': '指定/登錄', 'officialDocNo': '北市文化文資字第11130100631號', 'registerDate': '2022-03-07 00:00:00.0', 'note': '歷史建築'}]",宅第,臺北市
1632,20220310000003,介壽堂,"{'code': 'A99', 'name': '其他設施'}",符合歷史建築紀念建築登錄廢止審查及輔助辦法第2條第1項第2、3款登錄基準。,121.55045006157677,25.153938190044837,"{'itemNo': 1, 'cityName': '臺北市', 'distName': '北投區', 'address': '陽明路2段15號'}",臺北市政府文化局,文化資產科,臺北市信義區市府路1號4樓東北區,(02)2720-8889,"<a href=""http://nchdb.boch.gov.tw/assets/advanceSearch/historicalBuilding/20220310000003"" target=""_blank"">http://nchdb.boch.gov.tw/assets/advanceSearch/historicalBuilding/20220310000003</a>","[{'classification': '指定/登錄', 'officialDocNo': '北市文化文資字第11030425271號', 'registerDate': '2021-11-22 00:00:00.0', 'note': '登錄'}]",其他設施,臺北市
1633,20220310000004,梨洲樓,"{'code': 'A99', 'name': '其他設施'}",符合歷史建築紀念建築登錄廢止審查及輔助辦法第2條第1項第2、3款登錄基準。,121.551082,25.154207,"{'itemNo': 1, 'cityName': '臺北市', 'distName': '北投區', 'address': '陽明路2段15號'}",臺北市政府文化局,文化資產科,臺北市信義區市府路1號4樓東北區,(02)2720-8889,"<a href=""http://nchdb.boch.gov.tw/assets/advanceSearch/historicalBuilding/20220310000004"" target=""_blank"">http://nchdb.boch.gov.tw/assets/advanceSearch/historicalBuilding/20220310000004</a>","[{'classification': '指定/登錄', 'officialDocNo': '北市文化文資字第11030425273號函', 'registerDate': '2021-11-22 00:00:00.0', 'note': '登錄'}]",其他設施,臺北市
1634,20220310000005,草山林間學校駁坎,"{'code': 'A99', 'name': '其他設施'}",3.	符合歷史建築紀念建築登錄廢止審查及輔助辦法第2條第1項第2、3款登錄基準。,121.552588,25.155384,"{'itemNo': 1, 'cityName': '臺北市', 'distName': '北投區', 'address': '陽明路2段15號'}",臺北市政府文化局,文化資產科,臺北市信義區市府路1號4樓東北區,(02)2720-8889,"<a href=""http://nchdb.boch.gov.tw/assets/advanceSearch/historicalBuilding/20220310000005"" target=""_blank"">http://nchdb.boch.gov.tw/assets/advanceSearch/historicalBuilding/20220310000005</a>","[{'classification': '指定/登錄', 'officialDocNo': '北市文化文資字第11030425271', 'registerDate': '2021-11-22 00:00:00.0', 'note': '登錄'}]",其他設施,臺北市
1635,20220310000006,八卦升旗臺,"{'code': 'A99', 'name': '其他設施'}",符合歷史建築紀念建築登錄廢止審查及輔助辦法第2條第1項第2、3款登錄基準。,121.550142,25.152911,"{'itemNo': 1, 'cityName': '臺北市', 'distName': '北投區', 'address': '陽明路2段15號'}",臺北市政府文化局,文化資產科,臺北市信義區市府路1號4樓東北區,(02)2720-8889,"<a href=""http://nchdb.boch.gov.tw/assets/advanceSearch/historicalBuilding/20220310000006"" target=""_blank"">http://nchdb.boch.gov.tw/assets/advanceSearch/historicalBuilding/20220310000006</a>","[{'classification': '指定/登錄', 'officialDocNo': '北市文化文資第11030425278號', 'registerDate': '2021-11-22 00:00:00.0', 'note': '登錄'}]",其他設施,臺北市
1636,20220310000007,舜水樓,"{'code': 'A99', 'name': '其他設施'}",符合歷史建築紀念建築登錄廢止審查及輔助辦法第2條第1項第2、3款登錄基準。,121.552588,25.155384,"{'itemNo': 1, 'cityName': '臺北市', 'distName': '北投區', 'address': '陽明路2段15號'}",臺北市政府文化局,文化資產科,臺北市信義區市府路1號4樓東北區,(02)2720-8889,"<a href=""http://nchdb.boch.gov.tw/assets/advanceSearch/historicalBuilding/20220310000007"" target=""_blank"">http://nchdb.boch.gov.tw/assets/advanceSearch/historicalBuilding/20220310000007</a>","[{'classification': '指定/登錄', 'officialDocNo': '北市文化文資字第11030425274號', 'registerDate': '2021-11-22 00:00:00.0', 'note': '登錄'}]",其他設施,臺北市
1637,20220315000005,中正區牯嶺街5巷4、6號,"{'code': 'A3', 'name': '宅第'}",文化資產保存法第18條、歷史建築紀念建築登錄廢止審查及輔助辦法第5條,121.51545383663363,25.031773537101635,"{'itemNo': 1, 'cityName': '臺北市', 'distName': '中正區', 'address': '牯嶺街5巷4號'}",臺北市政府文化局,文化資產科,臺北市信義區市府路1號4樓東北區,(02)2720-8889,"<a href=""http://nchdb.boch.gov.tw/assets/advanceSearch/historicalBuilding/20220315000005"" target=""_blank"">http://nchdb.boch.gov.tw/assets/advanceSearch/historicalBuilding/20220315000005</a>","[{'classification': '指定/登錄', 'officialDocNo': '北市文化文資字第11130108181號', 'registerDate': '2022-03-15 00:00:00.0', 'note': '公告'}]",宅第,臺北市
1637,20220315000005,中正區牯嶺街5巷4、6號,"{'code': 'A3', 'name': '宅第'}",文化資產保存法第18條、歷史建築紀念建築登錄廢止審查及輔助辦法第5條,121.51545383663363,25.031773537101635,"{'itemNo': 2, 'cityName': '臺北市', 'distName': '中正區', 'address': '牯嶺街5巷6號'}",臺北市政府文化局,文化資產科,臺北市信義區市府路1號4樓東北區,(02)2720-8889,"<a href=""http://nchdb.boch.gov.tw/assets/advanceSearch/historicalBuilding/20220315000005"" target=""_blank"">http://nchdb.boch.gov.tw/assets/advanceSearch/historicalBuilding/20220315000005</a>","[{'classification': '指定/登錄', 'officialDocNo': '北市文化文資字第11130108181號', 'registerDate': '2022-03-15 00:00:00.0', 'note': '公告'}]",宅第,臺北市
1638,20220318000007,艋舺集義宮,"{'code': 'A2', 'name': '寺廟'}",<<歷史建築紀念建築登錄廢止審查及輔助辦法>>第2條第1項第1、3款,121.5014515,25.0348806,"{'itemNo': 1, 'cityName': '臺北市', 'distName': '萬華區', 'address': '康定路249號'}",臺北市政府文化局,文化資產科,臺北市信義區市府路1號4樓東北區,(02)2720-8889,"<a href=""http://nchdb.boch.gov.tw/assets/advanceSearch/historicalBuilding/20220318000007"" target=""_blank"">http://nchdb.boch.gov.tw/assets/advanceSearch/historicalBuilding/20220318000007</a>","[{'classification': '指定/登錄', 'officialDocNo': '北市文化文資字第11130098561號', 'registerDate': '2022-03-07 00:00:00.0', 'note': ' '}]",寺廟,臺北市
1639,20220318000008,臺灣大學醫學院舊藥學館,"{'code': 'A24', 'name': '學校'}",<<歷史建築紀念建築登錄廢止審查及輔助辦法>>第2條第1項第1、2、3款,121.52075067070837,25.041190093122246,"{'itemNo': 1, 'cityName': '臺北市', 'distName': '中正區', 'address': '徐州路2之5號'}",臺北市政府文化局,文化資產科,臺北市信義區市府路1號4樓東北區,(02)2720-8889,"<a href=""http://nchdb.boch.gov.tw/assets/advanceSearch/historicalBuilding/20220318000008"" target=""_blank"">http://nchdb.boch.gov.tw/assets/advanceSearch/historicalBuilding/20220318000008</a>","[{'classification': '指定/登錄', 'officialDocNo': '北市文化文資字第11130112151號', 'registerDate': '2022-03-18 00:00:00.0', 'note': '登錄'}]",學校,臺北市
1640,20220322000001,草鞋墩雅舍,"{'code': 'A99', 'name': '其他設施', 'other': '宿舍'}",<<歷史建築紀念建築登錄廢止審查及輔助辦法>>第2條第2款,120.688929,23.979278,"{'itemNo': 1, 'cityName': '南投縣', 'distName': '草屯鎮', 'address': '中正路579-3、579-4號'}",南投縣政府文化局,文化資產科,南投市建國路135號,(049)231191,"<a href=""http://nchdb.boch.gov.tw/assets/advanceSearch/historicalBuilding/20220322000001"" target=""_blank"">http://nchdb.boch.gov.tw/assets/advanceSearch/historicalBuilding/20220322000001</a>","[{'classification': '指定/登錄', 'officialDocNo': '府授文資字第11100564801號函', 'registerDate': '2022-03-15 14:03:41.758'}]",其他設施,南投縣
1641,20220322000002,社頭深坵祠,"{'code': 'A1', 'name': '祠堂'}",<<歷史建築紀念建築登錄廢止審查及輔助辦法>>第2條第1項第1、2、3款,120.594423,23.893034,"{'itemNo': 1, 'cityName': '彰化縣', 'distName': '社頭鄉', 'address': '舊社村南勢巷10號'}",彰化縣文化局,文化資產科,彰化縣彰化市卦山路3號,04-7250057,"<a href=""http://nchdb.boch.gov.tw/assets/advanceSearch/historicalBuilding/20220322000002"" target=""_blank"">http://nchdb.boch.gov.tw/assets/advanceSearch/historicalBuilding/20220322000002</a>","[{'classification': '指定/登錄', 'officialDocNo': '府授文資字第1100365307B號', 'registerDate': '2021-10-18 09:46:58.377'}]",祠堂,彰化縣
1642,20220328000001,溫泉路119號,"{'code': 'A3', 'name': '宅第'}",符合歷史建築紀念建築登錄廢止審查及輔助辦法第 2 條第 1 項第 1 、 3 款登錄基準。,121.51230087889991,25.13665375175898,"{'itemNo': 1, 'cityName': '臺北市', 'distName': '北投區', 'address': '溫泉路119號（ A 棟、 B 棟）'}",臺北市政府文化局,文化資產科,臺北市信義區市府路1號4樓東北區,(02)2720-8889,"<a href=""http://nchdb.boch.gov.tw/assets/advanceSearch/historicalBuilding/20220328000001"" target=""_blank"">http://nchdb.boch.gov.tw/assets/advanceSearch/historicalBuilding/20220328000001</a>","[{'classification': '指定/登錄', 'officialDocNo': '北市文化文資字第11130108941號', 'registerDate': '2022-03-16 00:00:00.0', 'note': '歷史建築'}]",宅第,臺北市
1643,20220331000001,中山女子高級中學校門、大禮堂,"{'code': 'A24', 'name': '學校'}",<<歷史建築紀念建築登錄廢止審查及輔助辦法>>第2條第1項第2、3款,121.537161,25.048532,"{'itemNo': 1, 'cityName': '臺北市', 'distName': '中山區', 'address': '長安東路2段141號'}",臺北市政府文化局,文化資產科,臺北市信義區市府路1號4樓東北區,(02)2720-8889,"<a href=""http://nchdb.boch.gov.tw/assets/advanceSearch/historicalBuilding/20220331000001"" target=""_blank"">http://nchdb.boch.gov.tw/assets/advanceSearch/historicalBuilding/20220331000001</a>","[{'classification': '指定/登錄', 'officialDocNo': '北市文化文資字第11130122791號', 'registerDate': '2022-03-31 00:00:00.0', 'note': '登錄歷史建築'}]",學校,臺北市
1644,20220401000001,陳坑陳與秀墓,"{'code': 'A12', 'name': '墓葬'}",<<歷史建築紀念建築登錄廢止審查及輔助辦法>>第2條第1項第1、2、3款,118.40053,24.44221,"{'itemNo': 1, 'cityName': '金門縣', 'distName': '金湖鎮', 'address': '塔后段745-2地號'}",金門縣文化局,文化資產科,金門縣金城鎮環島北路一段66號,082-325643#812,"<a href=""http://nchdb.boch.gov.tw/assets/advanceSearch/historicalBuilding/20220401000001"" target=""_blank"">http://nchdb.boch.gov.tw/assets/advanceSearch/historicalBuilding/20220401000001</a>","[{'classification': '指定/登錄', 'officialDocNo': '府文資字第1110016750號', 'registerDate': '2022-03-07 00:00:00.0'}]",墓葬,金門縣
1644,20220401000001,陳坑陳與秀墓,"{'code': 'A12', 'name': '墓葬'}",<<歷史建築紀念建築登錄廢止審查及輔助辦法>>第2條第1項第1、2、3款,118.40053,24.44221,"{'itemNo': 2, 'cityName': '金門縣', 'distName': '金湖鎮', 'address': '塔后段747-1地號'}",金門縣文化局,文化資產科,金門縣金城鎮環島北路一段66號,082-325643#812,"<a href=""http://nchdb.boch.gov.tw/assets/advanceSearch/historicalBuilding/20220401000001"" target=""_blank"">http://nchdb.boch.gov.tw/assets/advanceSearch/historicalBuilding/20220401000001</a>","[{'classification': '指定/登錄', 'officialDocNo': '府文資字第1110016750號', 'registerDate': '2022-03-07 00:00:00.0'}]",墓葬,金門縣
1645,20220512000001,雲林教養院正心園及保健中心,"{'code': 'A99', 'name': '其他設施', 'other': '教養院及保健中心'}",<<歷史建築紀念建築登錄廢止審查及輔助辦法>>第2條第1項第1、3款,120.49108,23.6739,"{'itemNo': 1, 'cityName': '雲林縣', 'distName': '斗南鎮', 'address': '忠孝路157號'}",文化觀光處,文化資產科,雲林縣斗六市大學路三段310號,05-5523152,"<a href=""http://nchdb.boch.gov.tw/assets/advanceSearch/historicalBuilding/20220512000001"" target=""_blank"">http://nchdb.boch.gov.tw/assets/advanceSearch/historicalBuilding/20220512000001</a>","[{'classification': '指定/登錄', 'officialDocNo': '府文資二字1103805567B', 'registerDate': '2022-01-20 19:45:27.041'}]",其他設施,雲林縣
1646,20220530000001,新生南路三段16巷3、3-1號日式宿舍,"{'code': 'A3', 'name': '宅第'}",<<歷史建築紀念建築登錄廢止審查及輔助辦法>>第2條第1項第1、3款,121.53374894479981,25.024605952725572,"{'itemNo': 1, 'cityName': '臺北市', 'distName': '大安區', 'address': '新生南路3段16巷3、3-1號 '}",臺北市政府文化局,文化資產科,臺北市信義區市府路1號4樓東北區,(02)2720-8889,"<a href=""http://nchdb.boch.gov.tw/assets/advanceSearch/historicalBuilding/20220530000001"" target=""_blank"">http://nchdb.boch.gov.tw/assets/advanceSearch/historicalBuilding/20220530000001</a>","[{'classification': '指定/登錄', 'officialDocNo': '北市文化文資字第11130223991號', 'registerDate': '2022-05-30 00:00:00.0', 'note': '登錄「新生南路三段16巷3、3-1號日式宿舍」為本市歷 史建築 。'}]",宅第,臺北市
1647,20220531000001,台灣第一商業銀行嘉義分行,"{'code': 'A21', 'name': '銀行'}",<<歷史建築登錄廢止審查及輔助辦法>>第2條第1項第2款,120.45302,23.48078,"{'itemNo': 1, 'cityName': '嘉義市', 'distName': '東區', 'address': '嘉義市中山路307號'}",嘉義市政府文化局,文化資產科,600嘉義市東區忠孝路275號,05-2788225,"<a href=""http://nchdb.boch.gov.tw/assets/advanceSearch/historicalBuilding/20220531000001"" target=""_blank"">http://nchdb.boch.gov.tw/assets/advanceSearch/historicalBuilding/20220531000001</a>","[{'classification': '指定/登錄', 'officialDocNo': '府授文資字第1115102672號', 'registerDate': '2022-05-31 15:40:27.099'}]",銀行,嘉義市
1648,20220601000002,松茂清泉橋,"{'code': 'A15', 'name': '橋樑'}",<<歷史建築紀念建築登錄廢止審查及輔助辦法>>第2條第1項第2款,121.29588,24.31561,"{'itemNo': 1, 'cityName': '臺中市', 'distName': '和平區', 'address': '平等里臺7甲線65公里處'}",臺中市政府文化局,臺中市文化資產處,臺中市西區市府路41巷19號,0422290280,"<a href=""http://nchdb.boch.gov.tw/assets/advanceSearch/historicalBuilding/20220601000002"" target=""_blank"">http://nchdb.boch.gov.tw/assets/advanceSearch/historicalBuilding/20220601000002</a>","[{'classification': '指定/登錄', 'officialDocNo': ' 府授文資古字第11100915201號', 'registerDate': '2022-04-27 00:00:00.0'}]",橋樑,臺中市
1649,20220607000001,講美吳玉樹古宅,"{'code': 'A3', 'name': '宅第'}",<<歷史建築登錄廢止審查及輔助辦法>>第2條第1項第1、2、3款,119.600071,23.632756,"{'itemNo': 1, 'cityName': '澎湖縣', 'distName': '白沙鄉', 'address': '講美村35號'}",澎湖縣政府文化局,文化資產科,澎湖縣馬公市中華路230號,06-9261141#138,"<a href=""http://nchdb.boch.gov.tw/assets/advanceSearch/historicalBuilding/20220607000001"" target=""_blank"">http://nchdb.boch.gov.tw/assets/advanceSearch/historicalBuilding/20220607000001</a>","[{'classification': '指定/登錄', 'officialDocNo': '府授文資字第11137005451號', 'registerDate': '2022-02-24 00:00:00.0'}]",宅第,澎湖縣
1650,20220614000002,原台灣省糧食局頭份糧倉,"{'code': 'A16', 'name': '產業'}",<<歷史建築紀念建築登錄廢止審查及輔助辦法>>第2條第1項第1、3款,120.905911,24.6853,"{'itemNo': 1, 'cityName': '苗栗縣', 'distName': '頭份市', 'address': '錦華街69號'}",苗栗縣政府文化觀光局,文化資產科,360苗栗縣苗栗市自治路50號,037-352961#718,"<a href=""http://nchdb.boch.gov.tw/assets/advanceSearch/historicalBuilding/20220614000002"" target=""_blank"">http://nchdb.boch.gov.tw/assets/advanceSearch/historicalBuilding/20220614000002</a>","[{'classification': '指定/登錄', 'officialDocNo': '府文資字第1110003502B號', 'registerDate': '2022-03-25 16:22:44.919', 'note': ''}, {'classification': '變更/修正', 'officialDocNo': '府文資字第1110012749號', 'registerDate': '2022-10-20 16:39:30.291', 'note': '修正面積'}]",產業,苗栗縣
1651,20220613000001,原新竹地方法院,"{'code': 'A20', 'name': '辦公廳舍'}",<<歷史建築紀念建築登錄廢止審查及輔助辦法>>第2條第1項第1、2款,120.96785,24.808159,"{'itemNo': 1, 'cityName': '新竹市', 'distName': '北區', 'address': '中正路136號'}",臺灣新竹地方法院,總務科,302050新竹縣竹北市興隆路二段265號,036586123#5302,"<a href=""http://nchdb.boch.gov.tw/assets/advanceSearch/historicalBuilding/20220613000001"" target=""_blank"">http://nchdb.boch.gov.tw/assets/advanceSearch/historicalBuilding/20220613000001</a>","[{'classification': '指定/登錄', 'officialDocNo': '中華民國111年4月13日府授文資字第1110061341號', 'registerDate': '2022-04-13 10:10:55.541'}]",辦公廳舍,新竹市
1652,20220808000001,員林萬年里劉宅,"{'code': 'A3', 'name': '宅第'}",<<歷史建築紀念建築登錄廢止審查及輔助辦法>>第2條第1項第1、2、3款,120.58155263971112,23.955670172952292,"{'itemNo': 1, 'cityName': '彰化縣', 'distName': '員林市', 'address': '員水路二段127巷37號'}",彰化縣政府,彰化縣文化局,彰化縣彰化市卦山路3號,04-7292201,"<a href=""http://nchdb.boch.gov.tw/assets/advanceSearch/historicalBuilding/20220808000001"" target=""_blank"">http://nchdb.boch.gov.tw/assets/advanceSearch/historicalBuilding/20220808000001</a>","[{'classification': '指定/登錄', 'officialDocNo': '府授文資字第1110145501B號', 'registerDate': '2022-04-26 00:00:00.0'}]",宅第,彰化縣
1653,20220616000001,後勁林建中墓,"{'code': 'A12', 'name': '墓葬'}",<<歷史建築登錄廢止審查及輔助辦法>>第2條第1項第1、2、3款,120.32899978312527,22.71091686913018,"{'itemNo': 1, 'cityName': '高雄市', 'distName': '楠梓區', 'address': '高楠段3-1地號'}",高雄市政府,高雄市政府文化局,高雄市苓雅區五福一路67號,07-2225136,"<a href=""http://nchdb.boch.gov.tw/assets/advanceSearch/historicalBuilding/20220616000001"" target=""_blank"">http://nchdb.boch.gov.tw/assets/advanceSearch/historicalBuilding/20220616000001</a>","[{'classification': '指定/登錄', 'officialDocNo': '高市府文資字第11130877701號', 'registerDate': '2022-05-02 00:00:00.0'}]",墓葬,高雄市
1654,20220629000001,延平北路2段199號店屋,"{'code': 'A3', 'name': '宅第'}",<<歷史建築登錄廢止審查及輔助辦法>>第2條第1項第3款,121.511529,25.05939,"{'itemNo': 1, 'cityName': '臺北市', 'distName': '大同區', 'address': '延平北路2段199號'}",臺北市政府文化局,文化資產科,臺北市信義區市府路1號4樓東北區,(02)2720-8889,"<a href=""http://nchdb.boch.gov.tw/assets/advanceSearch/historicalBuilding/20220629000001"" target=""_blank"">http://nchdb.boch.gov.tw/assets/advanceSearch/historicalBuilding/20220629000001</a>","[{'classification': '指定/登錄', 'officialDocNo': '北市文化文資11130248851', 'registerDate': '2022-06-23 00:00:00.0', 'note': '登錄歷史建築'}]",宅第,臺北市
1655,20220705000001,迪化街1段114號店屋,"{'code': 'A99', 'name': '其他設施'}",<<歷史建築紀念建築登錄廢止審查及輔助辦法>>第2條第1項第2、3款,121.509816,25.056611,"{'itemNo': 1, 'cityName': '臺北市', 'distName': '大同區', 'address': '迪化街一段114號'}",臺北市政府文化局,文化資產科,臺北市信義區市府路1號4樓東北區,(02)2720-8889,"<a href=""http://nchdb.boch.gov.tw/assets/advanceSearch/historicalBuilding/20220705000001"" target=""_blank"">http://nchdb.boch.gov.tw/assets/advanceSearch/historicalBuilding/20220705000001</a>","[{'classification': '指定/登錄', 'officialDocNo': '北市文化文資字第11130232111號', 'registerDate': '2022-06-08 00:00:00.0', 'note': '歷史建築'}]",其他設施,臺北市
1656,20220705000002,迪化街1段84號店屋,"{'code': 'A99', 'name': '其他設施'}",<<歷史建築紀念建築登錄廢止審查及輔助辦法>>第2條第1項第1、2、3款,121.509904,25.055883,"{'itemNo': 1, 'cityName': '臺北市', 'distName': '大同區', 'address': '迪化街一段84號'}",臺北市政府文化局,文化資產科,臺北市信義區市府路1號4樓東北區,(02)2720-8889,"<a href=""http://nchdb.boch.gov.tw/assets/advanceSearch/historicalBuilding/20220705000002"" target=""_blank"">http://nchdb.boch.gov.tw/assets/advanceSearch/historicalBuilding/20220705000002</a>","[{'classification': '指定/登錄', 'officialDocNo': '文資字第11130233761號', 'registerDate': '2022-06-09 00:00:00.0', 'note': '歷史建築'}]",其他設施,臺北市
1657,20220706000001,迪化街一段284號店屋,"{'code': 'A99', 'name': '其他設施'}",<<歷史建築紀念建築登錄廢止審查及輔助辦法>>第2條第1項第2、3款,121.509232,25.061066,"{'itemNo': 1, 'cityName': '臺北市', 'distName': '大同區', 'address': '迪化街1段284號'}",臺北市政府文化局,文化資產科,臺北市信義區市府路1號4樓東北區,(02)2720-8889,"<a href=""http://nchdb.boch.gov.tw/assets/advanceSearch/historicalBuilding/20220706000001"" target=""_blank"">http://nchdb.boch.gov.tw/assets/advanceSearch/historicalBuilding/20220706000001</a>","[{'classification': '指定/登錄', 'officialDocNo': '北市文化文資字第11130257611號', 'registerDate': '2022-07-04 00:00:00.0', 'note': '登錄歷史建築'}]",其他設施,臺北市
1658,20220711000001,迪化街一段87號店屋,"{'code': 'A99', 'name': '其他設施'}",<<歷史建築紀念建築登錄廢止審查及輔助辦法>>第2條第1項第3款,121.509947,25.056412,"{'itemNo': 1, 'cityName': '臺北市', 'distName': '大同區', 'address': '迪化街一段87號'}",臺北市政府文化局,文化資產科,臺北市信義區市府路1號4樓東北區,(02)2720-8889,"<a href=""http://nchdb.boch.gov.tw/assets/advanceSearch/historicalBuilding/20220711000001"" target=""_blank"">http://nchdb.boch.gov.tw/assets/advanceSearch/historicalBuilding/20220711000001</a>","[{'classification': '指定/登錄', 'officialDocNo': '文化文資字第11130232091號', 'registerDate': '2022-06-08 00:00:00.0', 'note': '歷史建築'}]",其他設施,臺北市
1659,20220712000001,迪化街1段116號店屋,"{'code': 'A99', 'name': '其他設施'}",<<歷史建築紀念建築登錄廢止審查及輔助辦法>>第2條第1項第1、3款,121.509801,25.056661,"{'itemNo': 1, 'cityName': '臺北市', 'distName': '大同區', 'address': '迪化街一段116號'}",臺北市政府文化局,文化資產科,臺北市信義區市府路1號4樓東北區,(02)2720-8889,"<a href=""http://nchdb.boch.gov.tw/assets/advanceSearch/historicalBuilding/20220712000001"" target=""_blank"">http://nchdb.boch.gov.tw/assets/advanceSearch/historicalBuilding/20220712000001</a>","[{'classification': '指定/登錄', 'officialDocNo': '北市文化文資字第11130240211號', 'registerDate': '2022-06-15 00:00:00.0', 'note': '歷史建築'}]",其他設施,臺北市
1660,20220712000002,迪化街一段109號店屋,"{'code': 'A99', 'name': '其他設施'}",<<歷史建築紀念建築登錄廢止審查及輔助辦法>>第2條第1項第1、3款,121.510101,25.05402,"{'itemNo': 1, 'cityName': '臺北市', 'distName': '大同區', 'address': '迪化街1段109號'}",臺北市政府文化局,文化資產科,臺北市信義區市府路1號4樓東北區,(02)2720-8889,"<a href=""http://nchdb.boch.gov.tw/assets/advanceSearch/historicalBuilding/20220712000002"" target=""_blank"">http://nchdb.boch.gov.tw/assets/advanceSearch/historicalBuilding/20220712000002</a>","[{'classification': '指定/登錄', 'officialDocNo': '北市文化文資字第11130232041號', 'registerDate': '2022-07-08 00:00:00.0', 'note': '歷史建築'}]",其他設施,臺北市
1661,20220712000003,甘谷街48號店屋,"{'code': 'A99', 'name': '其他設施'}",<<歷史建築紀念建築登錄廢止審查及輔助辦法>>第2條第1項第1、3款,121.51062297883738,25.053056009678173,"{'itemNo': 1, 'cityName': '臺北市', 'distName': '大同區', 'address': '甘谷街48號'}",臺北市政府文化局,文化資產科,臺北市信義區市府路1號4樓東北區,(02)2720-8889,"<a href=""http://nchdb.boch.gov.tw/assets/advanceSearch/historicalBuilding/20220712000003"" target=""_blank"">http://nchdb.boch.gov.tw/assets/advanceSearch/historicalBuilding/20220712000003</a>","[{'classification': '指定/登錄', 'officialDocNo': '北市文化文資字第11130264941號', 'registerDate': '2022-07-11 00:00:00.0', 'note': '歷史建築'}]",其他設施,臺北市
1662,20220713000001,安西街1巷11號店屋,"{'code': 'A99', 'name': '其他設施'}",<<歷史建築紀念建築登錄廢止審查及輔助辦法>>第2條第1項第1、3款,121.51047,25.059208,"{'itemNo': 1, 'cityName': '臺北市', 'distName': '大同區', 'address': '安西街1巷11號'}",臺北市政府文化局,文化資產科,臺北市信義區市府路1號4樓東北區,(02)2720-8889,"<a href=""http://nchdb.boch.gov.tw/assets/advanceSearch/historicalBuilding/20220713000001"" target=""_blank"">http://nchdb.boch.gov.tw/assets/advanceSearch/historicalBuilding/20220713000001</a>","[{'classification': '指定/登錄', 'officialDocNo': '北市文化文資字第11130263041號', 'registerDate': '2022-07-08 00:00:00.0', 'note': '歷史建築'}]",其他設施,臺北市
1663,20220722000001,新生南路一段160巷16號日式宿舍,"{'code': 'A3', 'name': '宅第'}",<<歷史建築登錄廢止審查及輔助辦法>>第2條第3款,121.531033,25.034548,"{'itemNo': 1, 'cityName': '臺北市', 'distName': '中正區', 'address': '新生南路1段160巷16號'}",臺北市政府文化局,文化資產科,臺北市信義區市府路1號4樓東北區,(02)2720-8889,"<a href=""http://nchdb.boch.gov.tw/assets/advanceSearch/historicalBuilding/20220722000001"" target=""_blank"">http://nchdb.boch.gov.tw/assets/advanceSearch/historicalBuilding/20220722000001</a>","[{'classification': '指定/登錄', 'officialDocNo': '北市文化文資字第11130271651', 'registerDate': '2022-07-21 00:00:00.0', 'note': '登錄歷史建築'}]",宅第,臺北市
1664,20220722000002,新生南路一段170巷19號日式宿舍,"{'code': 'A3', 'name': '宅第'}",<<歷史建築登錄廢止審查及輔助辦法>>第2條第2、3款,121.53061042649549,25.034393725258276,"{'itemNo': 1, 'cityName': '臺北市', 'distName': '中正區', 'address': '新生南路1段170巷19號'}",臺北市政府文化局,文化資產科,臺北市信義區市府路1號4樓東北區,(02)2720-8889,"<a href=""http://nchdb.boch.gov.tw/assets/advanceSearch/historicalBuilding/20220722000002"" target=""_blank"">http://nchdb.boch.gov.tw/assets/advanceSearch/historicalBuilding/20220722000002</a>","[{'classification': '指定/登錄', 'officialDocNo': '北市文化文資字第111302717041號', 'registerDate': '2022-07-21 00:00:00.0', 'note': '登錄歷史建築'}]",宅第,臺北市
1665,20220823000001,新竹市警察局(原新竹警察署),"{'code': 'A6', 'name': '衙署'}",<<歷史建築紀念建築登錄廢止審查及輔助辦法>>第2條第1項第2款,120.968546,24.806373999999998,"{'itemNo': 1, 'cityName': '新竹市', 'distName': '北區', 'address': '中山路1號'}",新竹市警察局,後勤科,新竹市中山路1號,03-5221044,"<a href=""http://nchdb.boch.gov.tw/assets/advanceSearch/historicalBuilding/20220823000001"" target=""_blank"">http://nchdb.boch.gov.tw/assets/advanceSearch/historicalBuilding/20220823000001</a>","[{'classification': '指定/登錄', 'officialDocNo': '府授文資字第1110107882號', 'registerDate': '2022-07-20 13:25:34.719'}]",衙署,新竹市
1666,20220831000001,竹圍福海宮,"{'code': 'A2', 'name': '寺廟'}",<<歷史建築紀念建築登錄廢止審查及輔助辦法>>第2條第1項第1款,121.26397545212153,25.117504249777756,"{'itemNo': 1, 'cityName': '桃園市', 'distName': '大園區', 'address': ''}",桃園市政府文化局,文化資產科,桃園市縣府路21號,03-3322592分機8609,"<a href=""http://nchdb.boch.gov.tw/assets/advanceSearch/historicalBuilding/20220831000001"" target=""_blank"">http://nchdb.boch.gov.tw/assets/advanceSearch/historicalBuilding/20220831000001</a>","[{'classification': '指定/登錄', 'officialDocNo': '府文資字第11100024591號', 'registerDate': '2022-01-14 00:00:00.0'}]",寺廟,桃園市
1667,20230209000001,北門嶼陳家古厝,"{'code': 'A3', 'name': '宅第'}",<<歷史建築紀念建築登錄廢止審查及輔助辦法>>第2條第1項第1、3款,120.12552,23.26582,"{'itemNo': 1, 'cityName': '臺南市', 'distName': '北門區', 'address': '北門里舊埕19號'}",臺南市政府文化局,臺南市文化資產管理處,台南市中西區中正路5巷1號,06-2213569#607,"<a href=""http://nchdb.boch.gov.tw/assets/advanceSearch/historicalBuilding/20230209000001"" target=""_blank"">http://nchdb.boch.gov.tw/assets/advanceSearch/historicalBuilding/20230209000001</a>","[{'classification': '指定/登錄', 'officialDocNo': '南市文資字第1111090680A號', 'registerDate': '2022-08-31 14:48:35.078'}]",宅第,臺南市
1668,20220927000003,萬巒成德京兆堂宋氏宗祠,"{'code': 'A1', 'name': '祠堂'}",《文化資產保存法》第18條暨<<歷史建築紀念建築登錄廢止審查及輔助辦法>>第2條第1項第1、2、3款,120.60547,22.60555,"{'itemNo': 1, 'cityName': '屏東縣', 'distName': '萬巒鄉', 'address': '成德村鼎興路18號'}",屏東縣文化資產保護所,屏東縣文化資產保護所,屏東縣屏東市菸廠路1號,08-7210234,"<a href=""http://nchdb.boch.gov.tw/assets/advanceSearch/historicalBuilding/20220927000003"" target=""_blank"">http://nchdb.boch.gov.tw/assets/advanceSearch/historicalBuilding/20220927000003</a>","[{'classification': '指定/登錄', 'officialDocNo': '屏府文保字第11130113700號', 'registerDate': '2022-03-14 09:02:23.094'}]",祠堂,屏東縣
1669,20240202000014,屏東大武營區,"{'code': 'A99', 'name': '其他設施'}",《文化資產保存法》第18條<<歷史建築紀念建築登錄廢止審查及輔助辦法>>第2條第1項第1、2、3款,120.47436,22.66421,"{'itemNo': 1, 'cityName': '屏東縣', 'distName': '屏東市', 'address': '建國路151號'}", 屏東縣政府,屏東縣文化資產保護所,屏東縣屏東市菸廠路1號,08-7227001,"<a href=""http://nchdb.boch.gov.tw/assets/advanceSearch/historicalBuilding/20240202000014"" target=""_blank"">http://nchdb.boch.gov.tw/assets/advanceSearch/historicalBuilding/20240202000014</a>","[{'classification': '指定/登錄', 'officialDocNo': '屏府文保字第11030241000號', 'registerDate': '2021-05-17 08:45:39.417'}]",其他設施,屏東縣
1670,20220919000001,迪化街二段374號,"{'code': 'A3', 'name': '宅第'}",<<歷史建築紀念建築登錄廢止審查及輔助辦法>>第2條第1項第2、3款,121.5126222,25.0732408,"{'itemNo': 1, 'cityName': '臺北市', 'distName': '大同區', 'address': '迪化街二段374號'}",臺北市政府文化局,文化資產科,臺北市信義區市府路1號4樓東北區,(02)2720-8889,"<a href=""http://nchdb.boch.gov.tw/assets/advanceSearch/historicalBuilding/20220919000001"" target=""_blank"">http://nchdb.boch.gov.tw/assets/advanceSearch/historicalBuilding/20220919000001</a>","[{'classification': '指定/登錄', 'officialDocNo': '北市文化文資字第11130329481號', 'registerDate': '2022-09-19 00:00:00.0', 'note': '登錄「迪化街二段374號」為本市歷史建築'}]",宅第,臺北市
1671,20221005000004,和平東路2段18巷10號,"{'code': 'A3', 'name': '宅第'}",<<歷史建築紀念建築登錄廢止審查及輔助辦法>>第2條第1項第2、3款,121.535841,25.024822,"{'itemNo': 1, 'cityName': '臺北市', 'distName': '大安區', 'address': '和平東路2段18巷10號'}",臺北市政府文化局,文化資產科,臺北市信義區市府路1號4樓東北區,(02)2720-8889,"<a href=""http://nchdb.boch.gov.tw/assets/advanceSearch/historicalBuilding/20221005000004"" target=""_blank"">http://nchdb.boch.gov.tw/assets/advanceSearch/historicalBuilding/20221005000004</a>","[{'classification': '指定/登錄', 'officialDocNo': '北市文化文資字11130333851號', 'registerDate': '2022-09-26 00:00:00.0', 'note': '登錄'}]",宅第,臺北市
1672,20221109000001,水上南靖糖廠製糖工場,"{'code': 'A16', 'name': '產業'}",<<歷史建築紀念建築登錄廢止審查及輔助辦法>>第2條第1、2、3項,120.379171,23.411,"{'itemNo': 1, 'cityName': '嘉義縣', 'distName': '水上鄉', 'address': '靖和村1號'}",嘉義縣政府,嘉義縣文化觀光局,嘉義縣太保市太子大道158號,05-3628123*317,"<a href=""http://nchdb.boch.gov.tw/assets/advanceSearch/historicalBuilding/20221109000001"" target=""_blank"">http://nchdb.boch.gov.tw/assets/advanceSearch/historicalBuilding/20221109000001</a>","[{'classification': '指定/登錄', 'officialDocNo': '府授文資字第1110148815號', 'registerDate': '2022-06-23 00:00:00.0'}]",產業,嘉義縣
1673,20221109000002,南靖車站,"{'code': 'A7', 'name': '車站'}",<<歷史建築紀念建築登錄廢止審查及輔助辦法>>第2條,120.386944,23.412694,"{'itemNo': 1, 'cityName': '嘉義縣', 'distName': '水上鄉', 'address': '三鎮路26號'}",嘉義縣政府,嘉義縣文化觀光局,嘉義縣太保市太子大道158號,05-3628123*317,"<a href=""http://nchdb.boch.gov.tw/assets/advanceSearch/historicalBuilding/20221109000002"" target=""_blank"">http://nchdb.boch.gov.tw/assets/advanceSearch/historicalBuilding/20221109000002</a>","[{'classification': '指定/登錄', 'officialDocNo': '府授文資字第11102051612號', 'registerDate': '2022-08-25 10:55:39.278'}]",車站,嘉義縣
1674,20221111000001,民樂街58號店屋,"{'code': 'A3', 'name': '宅第'}",<<歷史建築紀念建築登錄廢止審查及輔助辦法>>第2條第1項第3款,121.510509,25.057444,"{'itemNo': 1, 'cityName': '臺北市', 'distName': '大同區', 'address': '民樂街58號'}",臺北市政府文化局,文化資產科,臺北市信義區市府路1號4樓東北區,(02)2720-8889,"<a href=""http://nchdb.boch.gov.tw/assets/advanceSearch/historicalBuilding/20221111000001"" target=""_blank"">http://nchdb.boch.gov.tw/assets/advanceSearch/historicalBuilding/20221111000001</a>","[{'classification': '指定/登錄', 'officialDocNo': '北市文化文資字第11130394301號', 'registerDate': '2022-11-08 00:00:00.0', 'note': '歷史建築'}]",宅第,臺北市
1675,20221118000001,原馬場町區會講習堂與事務所,"{'code': 'A22', 'name': '集會堂'}",<<歷史建築紀念建築登錄廢止審查及輔助辦法>>第2條第3款,121.5106665,25.0265821,"{'itemNo': 1, 'cityName': '臺北市', 'distName': '中正區', 'address': '寧波西街183號'}",臺北市政府文化局,文化資產科,臺北市信義區市府路1號4樓東北區,(02)2720-8889,"<a href=""http://nchdb.boch.gov.tw/assets/advanceSearch/historicalBuilding/20221118000001"" target=""_blank"">http://nchdb.boch.gov.tw/assets/advanceSearch/historicalBuilding/20221118000001</a>","[{'classification': '指定/登錄', 'officialDocNo': '北市文化文資字第1113035208號', 'registerDate': '2022-10-13 00:00:00.0', 'note': '歷史建築'}]",集會堂,臺北市
1675,20221118000001,原馬場町區會講習堂與事務所,"{'code': 'A22', 'name': '集會堂'}",<<歷史建築紀念建築登錄廢止審查及輔助辦法>>第2條第3款,121.5106665,25.0265821,"{'itemNo': 2, 'cityName': '臺北市', 'distName': '中正區', 'address': '寧波西街187號'}",臺北市政府文化局,文化資產科,臺北市信義區市府路1號4樓東北區,(02)2720-8889,"<a href=""http://nchdb.boch.gov.tw/assets/advanceSearch/historicalBuilding/20221118000001"" target=""_blank"">http://nchdb.boch.gov.tw/assets/advanceSearch/historicalBuilding/20221118000001</a>","[{'classification': '指定/登錄', 'officialDocNo': '北市文化文資字第1113035208號', 'registerDate': '2022-10-13 00:00:00.0', 'note': '歷史建築'}]",集會堂,臺北市
1675,20221118000001,原馬場町區會講習堂與事務所,"{'code': 'A22', 'name': '集會堂'}",<<歷史建築紀念建築登錄廢止審查及輔助辦法>>第2條第3款,121.5106665,25.0265821,"{'itemNo': 3, 'cityName': '臺北市', 'distName': '中正區', 'address': '寧波西街189號'}",臺北市政府文化局,文化資產科,臺北市信義區市府路1號4樓東北區,(02)2720-8889,"<a href=""http://nchdb.boch.gov.tw/assets/advanceSearch/historicalBuilding/20221118000001"" target=""_blank"">http://nchdb.boch.gov.tw/assets/advanceSearch/historicalBuilding/20221118000001</a>","[{'classification': '指定/登錄', 'officialDocNo': '北市文化文資字第1113035208號', 'registerDate': '2022-10-13 00:00:00.0', 'note': '歷史建築'}]",集會堂,臺北市
1675,20221118000001,原馬場町區會講習堂與事務所,"{'code': 'A22', 'name': '集會堂'}",<<歷史建築紀念建築登錄廢止審查及輔助辦法>>第2條第3款,121.5106665,25.0265821,"{'itemNo': 4, 'cityName': '臺北市', 'distName': '中正區', 'address': '寧波西街191號'}",臺北市政府文化局,文化資產科,臺北市信義區市府路1號4樓東北區,(02)2720-8889,"<a href=""http://nchdb.boch.gov.tw/assets/advanceSearch/historicalBuilding/20221118000001"" target=""_blank"">http://nchdb.boch.gov.tw/assets/advanceSearch/historicalBuilding/20221118000001</a>","[{'classification': '指定/登錄', 'officialDocNo': '北市文化文資字第1113035208號', 'registerDate': '2022-10-13 00:00:00.0', 'note': '歷史建築'}]",集會堂,臺北市
1675,20221118000001,原馬場町區會講習堂與事務所,"{'code': 'A22', 'name': '集會堂'}",<<歷史建築紀念建築登錄廢止審查及輔助辦法>>第2條第3款,121.5106665,25.0265821,"{'itemNo': 5, 'cityName': '臺北市', 'distName': '中正區', 'address': '寧波西街193號'}",臺北市政府文化局,文化資產科,臺北市信義區市府路1號4樓東北區,(02)2720-8889,"<a href=""http://nchdb.boch.gov.tw/assets/advanceSearch/historicalBuilding/20221118000001"" target=""_blank"">http://nchdb.boch.gov.tw/assets/advanceSearch/historicalBuilding/20221118000001</a>","[{'classification': '指定/登錄', 'officialDocNo': '北市文化文資字第1113035208號', 'registerDate': '2022-10-13 00:00:00.0', 'note': '歷史建築'}]",集會堂,臺北市
1676,20221207000001,枋寮支廳舍,"{'code': 'A6', 'name': '衙署'}",<<歷史建築紀念建築登錄廢止審查及輔助辦法>>第2條第1項第1、2、3款,120.593476,22.366741,"{'itemNo': 1, 'cityName': '屏東縣', 'distName': '枋寮鄉', 'address': '中興路33號'}",屏東縣文化資產保護所,屏東縣文化資產保護所,屏東縣屏東市菸廠路1號,08-7210234#554,"<a href=""http://nchdb.boch.gov.tw/assets/advanceSearch/historicalBuilding/20221207000001"" target=""_blank"">http://nchdb.boch.gov.tw/assets/advanceSearch/historicalBuilding/20221207000001</a>","[{'classification': '指定/登錄', 'officialDocNo': '屏府文保字第11130289700號', 'registerDate': '2022-05-23 14:10:01.774'}, {'classification': '變更/修正', 'officialDocNo': '屏府文保字第11130641700號', 'registerDate': '2022-10-18 14:10:29.875'}]",衙署,屏東縣
1677,20221228000001,青田街11巷1號,"{'code': 'A3', 'name': '宅第'}",<<歷史建築紀念建築登錄廢止審查及輔助辦法>>第2條第1項第3款,121.532144,25.027096,"{'itemNo': 1, 'cityName': '臺北市', 'distName': '大安區', 'address': '青田街11巷1號'}",臺北市政府文化局,文化資產科,臺北市信義區市府路1號4樓東北區,(02)2720-8889,"<a href=""http://nchdb.boch.gov.tw/assets/advanceSearch/historicalBuilding/20221228000001"" target=""_blank"">http://nchdb.boch.gov.tw/assets/advanceSearch/historicalBuilding/20221228000001</a>","[{'classification': '指定/登錄', 'officialDocNo': '北市文化文資字第11130424481號', 'registerDate': '2022-12-08 00:00:00.0', 'note': '歷史建築'}]",宅第,臺北市
1678,20230103000001,龜山迴龍寺,"{'code': 'A2', 'name': '寺廟'}",<<歷史建築紀念建築登錄廢止審查及輔助辦法>>第2條第1項第1、2款,121.408919,25.019786,"{'itemNo': 1, 'cityName': '桃園市', 'distName': '龜山區', 'address': '萬壽路一段38號'}",桃園市政府文化局,文化資產科,桃園市桃園區縣府路21號,03-3322592,"<a href=""http://nchdb.boch.gov.tw/assets/advanceSearch/historicalBuilding/20230103000001"" target=""_blank"">http://nchdb.boch.gov.tw/assets/advanceSearch/historicalBuilding/20230103000001</a>","[{'classification': '指定/登錄', 'officialDocNo': '府文資字第11102998251號', 'registerDate': '2022-11-07 00:00:00.0'}, {'classification': '變更/修正', 'officialDocNo': '府文資字第11302450911號', 'registerDate': '2024-09-10 11:05:03.973', 'note': '範圍'}]",寺廟,桃園市
1679,20230104000001,廣州街200號(仁濟醫院),"{'code': 'A27', 'name': '醫院'}",<<歷史建築紀念建築登錄廢止審查及輔助辦法>>第2條第1項第1、2、3款,121.4980941,25.0366809,"{'itemNo': 1, 'cityName': '臺北市', 'distName': '萬華區', 'address': '廣州街200號'}",臺北市政府文化局,文化資產科,臺北市信義區市府路1號4樓東北區,(02)2720-8889,"<a href=""http://nchdb.boch.gov.tw/assets/advanceSearch/historicalBuilding/20230104000001"" target=""_blank"">http://nchdb.boch.gov.tw/assets/advanceSearch/historicalBuilding/20230104000001</a>","[{'classification': '指定/登錄', 'officialDocNo': '北市文化文資字第11130439531號', 'registerDate': '2022-12-20 00:00:00.0', 'note': ' '}]",醫院,臺北市
1680,20230117000001,青田街6巷3號日式宿舍,"{'code': 'A3', 'name': '宅第'}",<<歷史建築紀念建築登錄廢止審查及輔助辦法>>第2條第1項第3款,121.531644,25.028192,"{'itemNo': 1, 'cityName': '臺北市', 'distName': '大安區', 'address': '青田街6巷 3號'}",臺北市政府文化局,文化資產科,臺北市信義區市府路1號4樓東北區,(02)2720-8889,"<a href=""http://nchdb.boch.gov.tw/assets/advanceSearch/historicalBuilding/20230117000001"" target=""_blank"">http://nchdb.boch.gov.tw/assets/advanceSearch/historicalBuilding/20230117000001</a>","[{'classification': '指定/登錄', 'officialDocNo': '北市文化文資字第11230062571號', 'registerDate': '2023-01-17 00:00:00.0', 'note': '歷史建築'}]",宅第,臺北市
1681,20230117000002,青田街8巷12號日式宿舍,"{'code': 'A3', 'name': '宅第'}",<<歷史建築紀念建築登錄廢止審查及輔助辦法>>第2條第1項第3款,121.530953,25.02754,"{'itemNo': 1, 'cityName': '臺北市', 'distName': '大安區', 'address': '青田街8巷12號'}",臺北市政府文化局,文化資產科,臺北市信義區市府路1號4樓東北區,(02)2720-8889,"<a href=""http://nchdb.boch.gov.tw/assets/advanceSearch/historicalBuilding/20230117000002"" target=""_blank"">http://nchdb.boch.gov.tw/assets/advanceSearch/historicalBuilding/20230117000002</a>","[{'classification': '指定/登錄', 'officialDocNo': '北市文化文資字第 11230059501 號', 'registerDate': '2023-01-16 00:00:00.0', 'note': '歷史建築'}]",宅第,臺北市
1682,20230119000004,溪湖田寮陳萬福故居,"{'code': 'A3', 'name': '宅第'}",<<歷史建築紀念建築登錄廢止審查及輔助辦法>>第2條第1項第1、2、3款,120.50136532883587,23.96082318536481,"{'itemNo': 1, 'cityName': '彰化縣', 'distName': '溪湖鎮', 'address': '中山里成功路田寮巷10號'}",彰化縣文化局,文化資產科,彰化縣彰化市中山路二段500號,7250057,"<a href=""http://nchdb.boch.gov.tw/assets/advanceSearch/historicalBuilding/20230119000004"" target=""_blank"">http://nchdb.boch.gov.tw/assets/advanceSearch/historicalBuilding/20230119000004</a>","[{'classification': '指定/登錄', 'officialDocNo': '府授文資字第1110449394B 號', 'registerDate': '2022-11-21 00:00:00.0'}]",宅第,彰化縣
1683,20230119000005,芳苑洪家古厝,"{'code': 'A3', 'name': '宅第'}",<<歷史建築紀念建築登錄廢止審查及輔助辦法>>第2條第1項第1、2、3款,120.3434253,23.920410339434348,"{'itemNo': 1, 'cityName': '彰化縣', 'distName': '芳苑鄉', 'address': '後寮村寮中巷2號'}",彰化縣文化局,文化資產科,彰化縣彰化市中山路二段500號,04-7250057,"<a href=""http://nchdb.boch.gov.tw/assets/advanceSearch/historicalBuilding/20230119000005"" target=""_blank"">http://nchdb.boch.gov.tw/assets/advanceSearch/historicalBuilding/20230119000005</a>","[{'classification': '指定/登錄', 'officialDocNo': '府授文資字第1120013363B 號', 'registerDate': '2023-01-13 00:00:00.0'}, {'classification': '變更/修正', 'officialDocNo': '府授文資字第1130331227B號', 'registerDate': '2024-09-03 14:33:17.028', 'note': '變更定著土地範圍'}]",宅第,彰化縣
1683,20230119000005,芳苑洪家古厝,"{'code': 'A3', 'name': '宅第'}",<<歷史建築紀念建築登錄廢止審查及輔助辦法>>第2條第1項第1、2、3款,120.3434253,23.920410339434348,"{'itemNo': 2, 'cityName': '彰化縣', 'distName': '芳苑鄉', 'address': '後寮村寮中巷4號'}",彰化縣文化局,文化資產科,彰化縣彰化市中山路二段500號,04-7250057,"<a href=""http://nchdb.boch.gov.tw/assets/advanceSearch/historicalBuilding/20230119000005"" target=""_blank"">http://nchdb.boch.gov.tw/assets/advanceSearch/historicalBuilding/20230119000005</a>","[{'classification': '指定/登錄', 'officialDocNo': '府授文資字第1120013363B 號', 'registerDate': '2023-01-13 00:00:00.0'}, {'classification': '變更/修正', 'officialDocNo': '府授文資字第1130331227B號', 'registerDate': '2024-09-03 14:33:17.028', 'note': '變更定著土地範圍'}]",宅第,彰化縣
1684,20230208000001,大樹姑婆寮山頂莊家古厝,"{'code': 'A3', 'name': '宅第'}",<<歷史建築紀念建築登錄廢止審查及輔助辦法>>第2條第1項第1、2、3款,120.422692,22.709849,"{'itemNo': 1, 'cityName': '高雄市', 'distName': '大樹區', 'address': '姑山里姑山路119號'}",高雄市政府文化局,文化資產中心,高雄市苓雅區五福一路67號,(07)222-5136分機8329,"<a href=""http://nchdb.boch.gov.tw/assets/advanceSearch/historicalBuilding/20230208000001"" target=""_blank"">http://nchdb.boch.gov.tw/assets/advanceSearch/historicalBuilding/20230208000001</a>","[{'classification': '指定/登錄', 'officialDocNo': '高市府文資字第11132252400號', 'registerDate': '2022-11-18 10:04:23.808'}]",宅第,高雄市
1685,20230210000002,平鎮千頃第,"{'code': 'A3', 'name': '宅第'}",<<歷史建築紀念建築登錄廢止審查及輔助辦法>>第2條第1、2款,121.19603,24.91979,"{'itemNo': 1, 'cityName': '桃園市', 'distName': '平鎮區', 'address': '鎮鏞路660號'}",桃園市政府,文化局,桃園市桃園區縣府路21號,03-3322592分機8603,"<a href=""http://nchdb.boch.gov.tw/assets/advanceSearch/historicalBuilding/20230210000002"" target=""_blank"">http://nchdb.boch.gov.tw/assets/advanceSearch/historicalBuilding/20230210000002</a>","[{'classification': '指定/登錄', 'officialDocNo': '府文資字第1120003275號', 'registerDate': '2023-01-17 11:29:28.223'}]",宅第,桃園市
1686,20230313000001,迪化街1段148號店屋,"{'code': 'A99', 'name': '其他設施'}",<<歷史建築紀念建築登錄廢止審查及輔助辦法>>第2條第1項第1、3款,121.509675,25.057659,"{'itemNo': 1, 'cityName': '臺北市', 'distName': '大同區', 'address': '迪化街1段148號'}",臺北市政府文化局,文化資產科,臺北市信義區市府路1號4樓東北區,(02)2720-8889,"<a href=""http://nchdb.boch.gov.tw/assets/advanceSearch/historicalBuilding/20230313000001"" target=""_blank"">http://nchdb.boch.gov.tw/assets/advanceSearch/historicalBuilding/20230313000001</a>","[{'classification': '指定/登錄', 'officialDocNo': '北市文化文資字第11230093271號', 'registerDate': '2023-03-06 00:00:00.0', 'note': '歷史建築'}]",其他設施,臺北市
1687,20230327000001,黃成金墓園,"{'code': 'A12', 'name': '墓葬'}",<<歷史建築紀念建築登錄廢止審查及輔助辦法>>第2條第1項第1、2款,121.549918,25.137298,"{'itemNo': 1, 'cityName': '臺北市', 'distName': '士林區', 'address': '建業路73巷6號'}",臺北市政府文化局,文化資產科,臺北市信義區市府路1號4樓東北區,(02)2720-8889,"<a href=""http://nchdb.boch.gov.tw/assets/advanceSearch/historicalBuilding/20230327000001"" target=""_blank"">http://nchdb.boch.gov.tw/assets/advanceSearch/historicalBuilding/20230327000001</a>","[{'classification': '指定/登錄', 'officialDocNo': '北市文化文資字第11230110771', 'registerDate': '2023-03-23 00:00:00.0', 'note': '登錄為歷史建築'}]",墓葬,臺北市
1688,20230406000001,莿桐保甲事務所,"{'code': 'A6', 'name': '衙署'}",<<歷史建築紀念建築登錄廢止審查及輔助辦法>>第2條第1項第2、3款,120.500192,23.759232,"{'itemNo': 1, 'cityName': '雲林縣', 'distName': '莿桐鄉', 'address': '莿桐村中山路170號。'}",文化觀光處,文化資產科,雲林縣斗六市大學路三段310號,055523218,"<a href=""http://nchdb.boch.gov.tw/assets/advanceSearch/historicalBuilding/20230406000001"" target=""_blank"">http://nchdb.boch.gov.tw/assets/advanceSearch/historicalBuilding/20230406000001</a>","[{'classification': '指定/登錄', 'officialDocNo': '府文資二字1113813734C', 'registerDate': '2022-06-16 00:00:00.0', 'note': '登錄'}]",衙署,雲林縣
1689,20230425000001,淡水渡船頭燈杆,"{'code': 'A14', 'name': '燈塔'}",<<歷史建築紀念建築登錄廢止審查及輔助辦法>>第2條第1項第1、2款,121.43892,25.17004,"{'itemNo': 1, 'cityName': '新北市', 'distName': '淡水區', 'address': '中正段1027地號（部分）及其毗鄰土地'}",新北市政府,文化局,新北市板橋區中山路一段161號28樓,(02)29603456,"<a href=""http://nchdb.boch.gov.tw/assets/advanceSearch/historicalBuilding/20230425000001"" target=""_blank"">http://nchdb.boch.gov.tw/assets/advanceSearch/historicalBuilding/20230425000001</a>","[{'classification': '指定/登錄', 'officialDocNo': '新北府文資字第1120717790號', 'registerDate': '2023-04-24 00:00:00.0'}]",燈塔,新北市
1690,20230425000003,銅鑼惇敘堂,"{'code': 'A3', 'name': '宅第'}",<<歷史建築登錄廢止審查及輔助辦法>>第2條第1項第1、2、3款,120.77624,24.49986,"{'itemNo': 1, 'cityName': '苗栗縣', 'distName': '銅鑼鄉', 'address': '竹森村澗窩68號'}",苗栗縣政府文化觀光局,文化資產科,360苗栗縣苗栗市自治路50號,037-352961#718,"<a href=""http://nchdb.boch.gov.tw/assets/advanceSearch/historicalBuilding/20230425000003"" target=""_blank"">http://nchdb.boch.gov.tw/assets/advanceSearch/historicalBuilding/20230425000003</a>","[{'classification': '指定/登錄', 'officialDocNo': '府文資字第1120023300B號', 'registerDate': '2023-03-23 14:31:56.369'}]",宅第,苗栗縣
1691,20230425000004,公館西河堂林屋下公廳,"{'code': 'A3', 'name': '宅第'}",<<歷史建築登錄廢止審查及輔助辦法>>第2條第1項第1、2、3款,120.83407,24.49619,"{'itemNo': 1, 'cityName': '苗栗縣', 'distName': '公館鄉', 'address': '館東村10鄰142號'}",苗栗縣政府文化觀光局,文化資產科,360苗栗縣苗栗市自治路50號,037-352961#718,"<a href=""http://nchdb.boch.gov.tw/assets/advanceSearch/historicalBuilding/20230425000004"" target=""_blank"">http://nchdb.boch.gov.tw/assets/advanceSearch/historicalBuilding/20230425000004</a>","[{'classification': '指定/登錄', 'officialDocNo': '府文資字第1120023323B號', 'registerDate': '2023-03-23 15:13:38.327'}]",宅第,苗栗縣
1692,20230428000001,溫州街22巷6、8號,"{'code': 'A3', 'name': '宅第'}",<<歷史建築紀念建築登錄廢止審查及輔助辦法>>第2條第1項第1、2、3款,121.5324805736234,25.023754760417773,"{'itemNo': 1, 'cityName': '臺北市', 'distName': '大安區', 'address': '溫州街22巷6號'}",臺北市政府文化局,文化資產科,臺北市信義區市府路1號4樓東北區,(02)2720-8889,"<a href=""http://nchdb.boch.gov.tw/assets/advanceSearch/historicalBuilding/20230428000001"" target=""_blank"">http://nchdb.boch.gov.tw/assets/advanceSearch/historicalBuilding/20230428000001</a>","[{'classification': '指定/登錄', 'officialDocNo': '北市文化文資字第11230123783號', 'registerDate': '2023-04-10 00:00:00.0', 'note': '登錄'}]",宅第,臺北市
1692,20230428000001,溫州街22巷6、8號,"{'code': 'A3', 'name': '宅第'}",<<歷史建築紀念建築登錄廢止審查及輔助辦法>>第2條第1項第1、2、3款,121.5324805736234,25.023754760417773,"{'itemNo': 2, 'cityName': '臺北市', 'distName': '大安區', 'address': '溫州街22巷8號'}",臺北市政府文化局,文化資產科,臺北市信義區市府路1號4樓東北區,(02)2720-8889,"<a href=""http://nchdb.boch.gov.tw/assets/advanceSearch/historicalBuilding/20230428000001"" target=""_blank"">http://nchdb.boch.gov.tw/assets/advanceSearch/historicalBuilding/20230428000001</a>","[{'classification': '指定/登錄', 'officialDocNo': '北市文化文資字第11230123783號', 'registerDate': '2023-04-10 00:00:00.0', 'note': '登錄'}]",宅第,臺北市
1693,20230428000002,臨沂街65巷11號日式住宅,"{'code': 'A3', 'name': '宅第'}",<<歷史建築紀念建築登錄廢止審查及輔助辦法>>第2條第1項第1、2、3款,121.5297131,25.0358422,"{'itemNo': 1, 'cityName': '臺北市', 'distName': '中正區', 'address': '臨沂街65巷11號'}",臺北市政府文化局,文化資產科,臺北市信義區市府路1號4樓東北區,(02)2720-8889,"<a href=""http://nchdb.boch.gov.tw/assets/advanceSearch/historicalBuilding/20230428000002"" target=""_blank"">http://nchdb.boch.gov.tw/assets/advanceSearch/historicalBuilding/20230428000002</a>","[{'classification': '指定/登錄', 'officialDocNo': '北市文化文資字第11230138751號', 'registerDate': '2023-04-28 00:00:00.0', 'note': '登錄'}]",宅第,臺北市
1694,20230428000003,南投林區管理處水里工作站所轄木造辦公廳舍,"{'code': 'A20', 'name': '辦公廳舍'}",《文化資產保存法》第 18 條及《歷史建築紀念建築登錄廢止審查及輔助辦法》第 2、4 條。,120.856407,23.812646,"{'itemNo': 1, 'cityName': '南投縣', 'distName': '水里鄉', 'address': '民生路140巷5號'}",南投縣政府,南投縣政府文化局文化資產科,南投縣南投市建國路135號,049-2231191,"<a href=""http://nchdb.boch.gov.tw/assets/advanceSearch/historicalBuilding/20230428000003"" target=""_blank"">http://nchdb.boch.gov.tw/assets/advanceSearch/historicalBuilding/20230428000003</a>","[{'classification': '指定/登錄', 'officialDocNo': '府授文資字第1120042932號', 'registerDate': '2023-03-03 17:09:52.285'}]",辦公廳舍,南投縣
1695,20230504000005,陽明醫院舊址牆面,"{'code': 'A27', 'name': '醫院'}",<<歷史建築登錄廢止審查及輔助辦法>>第2條第1項第1、2、3款,121.54886703020998,25.150424779008794,"{'itemNo': 1, 'cityName': '臺北市', 'distName': '北投區', 'address': '建國街5號'}",臺北市政府文化局,文化資產科,臺北市信義區市府路1號4樓東北區,(02)2720-8889,"<a href=""http://nchdb.boch.gov.tw/assets/advanceSearch/historicalBuilding/20230504000005"" target=""_blank"">http://nchdb.boch.gov.tw/assets/advanceSearch/historicalBuilding/20230504000005</a>","[{'classification': '指定/登錄', 'officialDocNo': '北市文化文資字第11230117971號函', 'registerDate': '2023-04-06 00:00:00.0', 'note': '登錄'}]",醫院,臺北市
1696,20230508000001,宜蘭孔子廟,"{'code': 'A2', 'name': '寺廟'}",<<歷史建築紀念建築登錄廢止審查及輔助辦法>>第2條第1項第1、3款,121.75611,24.762947,"{'itemNo': 1, 'cityName': '宜蘭縣', 'distName': '宜蘭市', 'address': '新興路170號'}",宜蘭縣政府文化局,文化資產科,宜蘭縣五結鄉中正路二段6之8號,03-9322440*652,"<a href=""http://nchdb.boch.gov.tw/assets/advanceSearch/historicalBuilding/20230508000001"" target=""_blank"">http://nchdb.boch.gov.tw/assets/advanceSearch/historicalBuilding/20230508000001</a>","[{'classification': '指定/登錄', 'officialDocNo': '府文資字第1100010518B號', 'registerDate': '2021-11-17 13:53:26.95'}]",寺廟,宜蘭縣
1697,20230508000002,原太平山俱樂部,"{'code': 'A25', 'name': '博物館'}",<<歷史建築紀念建築登錄廢止審查及輔助辦法>>第2條第1項第1、2、3款,121.536542,24.492345,"{'itemNo': 1, 'cityName': '宜蘭縣', 'distName': '大同鄉', 'address': '太平村58-1號'}",宜蘭縣政府文化局,文化資產科,宜蘭縣五結鄉中正路二段6之8號,03-9322440*652,"<a href=""http://nchdb.boch.gov.tw/assets/advanceSearch/historicalBuilding/20230508000002"" target=""_blank"">http://nchdb.boch.gov.tw/assets/advanceSearch/historicalBuilding/20230508000002</a>","[{'classification': '指定/登錄', 'officialDocNo': '府文資字第1100010518C號', 'registerDate': '2021-11-17 14:50:29.49'}]",博物館,宜蘭縣
1698,20230508000003,太平山鎮安宮,"{'code': 'A2', 'name': '寺廟'}",<<歷史建築紀念建築登錄廢止審查及輔助辦法>>第2條第1項第1、3款,121.53490316828083,24.493692330824732,"{'itemNo': 1, 'cityName': '宜蘭縣', 'distName': '大同鄉', 'address': '太平村58-1號'}",宜蘭縣政府文化局,文化資產科,宜蘭縣五結鄉中正路二段6之8號,03-9322440*652,"<a href=""http://nchdb.boch.gov.tw/assets/advanceSearch/historicalBuilding/20230508000003"" target=""_blank"">http://nchdb.boch.gov.tw/assets/advanceSearch/historicalBuilding/20230508000003</a>","[{'classification': '指定/登錄', 'officialDocNo': '府文資字第1100010518D號', 'registerDate': '2021-11-17 14:59:14.553'}]",寺廟,宜蘭縣
1699,20230508000004,義卒賴忠之墓,"{'code': 'A12', 'name': '墓葬'}",<<歷史建築紀念建築登錄廢止審查及輔助辦法>>第2條第1項第1、3款,121.73547537928741,24.795247722383706,"{'itemNo': 1, 'cityName': '宜蘭縣', 'distName': '礁溪鄉', 'address': '第一公墓(礁溪鄉龍潭湖東側)'}",宜蘭縣政府文化局,文化資產科,宜蘭縣五結鄉中正路二段6之8號,03-9322440*652,"<a href=""http://nchdb.boch.gov.tw/assets/advanceSearch/historicalBuilding/20230508000004"" target=""_blank"">http://nchdb.boch.gov.tw/assets/advanceSearch/historicalBuilding/20230508000004</a>","[{'classification': '指定/登錄', 'officialDocNo': '府文資字第1120002815C號', 'registerDate': '2023-03-27 15:32:25.911'}]",墓葬,宜蘭縣
1700,20230509000004,原南國運送店,"{'code': 'A18', 'name': '商店'}",<<歷史建築紀念建築登錄廢止審查及輔助辦法>>第2條第1項第2、3款,120.44352718978037,23.483029623078682,"{'itemNo': 1, 'cityName': '嘉義市', 'distName': '西區', 'address': '北興街35號'}",嘉義市政府文化局,文化資產科,嘉義市忠孝路275號,05-2788225#509,"<a href=""http://nchdb.boch.gov.tw/assets/advanceSearch/historicalBuilding/20230509000004"" target=""_blank"">http://nchdb.boch.gov.tw/assets/advanceSearch/historicalBuilding/20230509000004</a>","[{'classification': '指定/登錄', 'officialDocNo': '府授文資字第1125100533號', 'registerDate': '2023-02-22 13:54:30.964'}]",商店,嘉義市
1701,20230510000001,原日本第六海軍燃料廠(高雄煉油廠),"{'code': 'A99', 'name': '其他設施'}",<<歷史建築紀念建築登錄廢止審查及輔助辦法>>第2條第1項第1、2、3款,120.304532,22.705219,"{'itemNo': 1, 'cityName': '高雄市', 'distName': '楠梓區', 'address': '左楠路2號'}",高雄市政府文化局,文資中心,高雄市苓雅區五福一路67號,07-2225136轉8322,"<a href=""http://nchdb.boch.gov.tw/assets/advanceSearch/historicalBuilding/20230510000001"" target=""_blank"">http://nchdb.boch.gov.tw/assets/advanceSearch/historicalBuilding/20230510000001</a>","[{'classification': '指定/登錄', 'officialDocNo': '高市府文資字第11230182301號', 'registerDate': '2023-02-20 17:00:28.699'}]",其他設施,高雄市
1701,20230510000001,原日本第六海軍燃料廠(高雄煉油廠),"{'code': 'A16', 'name': '產業'}",<<歷史建築紀念建築登錄廢止審查及輔助辦法>>第2條第1項第1、2、3款,120.304532,22.705219,"{'itemNo': 1, 'cityName': '高雄市', 'distName': '楠梓區', 'address': '左楠路2號'}",高雄市政府文化局,文資中心,高雄市苓雅區五福一路67號,07-2225136轉8322,"<a href=""http://nchdb.boch.gov.tw/assets/advanceSearch/historicalBuilding/20230510000001"" target=""_blank"">http://nchdb.boch.gov.tw/assets/advanceSearch/historicalBuilding/20230510000001</a>","[{'classification': '指定/登錄', 'officialDocNo': '高市府文資字第11230182301號', 'registerDate': '2023-02-20 17:00:28.699'}]",產業,高雄市
1702,20230602000002,同安街28巷1號日式宿舍,"{'code': 'A3', 'name': '宅第'}",<<歷史建築紀念建築登錄廢止審查及輔助辦法>>第2條第1項第1、2、3款,121.5216273,25.0248403,"{'itemNo': 1, 'cityName': '臺北市', 'distName': '中正區', 'address': '同安街28巷1號'}",臺北市政府文化局,文化資產科,臺北市信義區市府路1號4樓東北區,(02)2720-8889,"<a href=""http://nchdb.boch.gov.tw/assets/advanceSearch/historicalBuilding/20230602000002"" target=""_blank"">http://nchdb.boch.gov.tw/assets/advanceSearch/historicalBuilding/20230602000002</a>","[{'classification': '指定/登錄', 'officialDocNo': '北市文化文資字第11230151651號', 'registerDate': '2023-05-15 00:00:00.0', 'note': '登錄歷史建築'}]",宅第,臺北市
1703,20230613000001,安西街21巷1號,"{'code': 'A3', 'name': '宅第'}",<<歷史建築紀念建築登錄廢止審查及輔助辦法>>第2條第1項第1、2、3款,121.51017176869968,25.05987560076302,"{'itemNo': 1, 'cityName': '臺北市', 'distName': '大同區', 'address': '安西街21巷1號'}",臺北市政府文化局,文化資產科,臺北市信義區市府路1號4樓東北區,(02)2720-8889,"<a href=""http://nchdb.boch.gov.tw/assets/advanceSearch/historicalBuilding/20230613000001"" target=""_blank"">http://nchdb.boch.gov.tw/assets/advanceSearch/historicalBuilding/20230613000001</a>","[{'classification': '指定/登錄', 'officialDocNo': '北市文化文資字第11230215261號', 'registerDate': '2023-05-31 00:00:00.0', 'note': '登錄為歷史建築'}]",宅第,臺北市
1704,20230703000001,羅東聯勤被服廠,"{'code': 'A16', 'name': '產業'}",<<歷史建築紀念建築登錄廢止審查及輔助辦法>>第2條第1項第2、3款,121.77288060582666,24.679374242825254,"{'itemNo': 1, 'cityName': '宜蘭縣', 'distName': '羅東鎮', 'address': '倉前路41號'}",宜蘭縣政府文化局,文化資產科,宜蘭縣五結鄉中正路二段6之8號,03-9322440*652,"<a href=""http://nchdb.boch.gov.tw/assets/advanceSearch/historicalBuilding/20230703000001"" target=""_blank"">http://nchdb.boch.gov.tw/assets/advanceSearch/historicalBuilding/20230703000001</a>","[{'classification': '指定/登錄', 'officialDocNo': '府文資字第1120002815D號', 'registerDate': '2023-03-27 15:16:30.934'}]",產業,宜蘭縣
1705,20230703000002,宜蘭市陳土金醫師宅,"{'code': 'A3', 'name': '宅第'}",<<歷史建築紀念建築登錄廢止審查及輔助辦法>>第2條第1項第1、3款,121.757154,24.755973,"{'itemNo': 1, 'cityName': '宜蘭縣', 'distName': '宜蘭市', 'address': '和睦路22號'}",宜蘭縣政府文化局,文化資產科,宜蘭縣五結鄉中正路二段6之8號,03-9322440*652,"<a href=""http://nchdb.boch.gov.tw/assets/advanceSearch/historicalBuilding/20230703000002"" target=""_blank"">http://nchdb.boch.gov.tw/assets/advanceSearch/historicalBuilding/20230703000002</a>","[{'classification': '指定/登錄', 'officialDocNo': '府文資字第1120004471B號', 'registerDate': '2023-05-08 15:55:39.646'}]",宅第,宜蘭縣
1706,20230711000001,北埔大坪國小育英樓,"{'code': 'A24', 'name': '學校'}",《歷史建築紀念建築登錄廢止審查及輔助辦法》第2條第1項第2款,121.059118,24.675232,"{'itemNo': 1, 'cityName': '新竹縣', 'distName': '北埔鄉', 'address': '外坪村 1 鄰外大坪8號'}",新竹縣政府,文化局,302新竹縣竹北市縣政九路146號,03-5510201分機600~612,"<a href=""http://nchdb.boch.gov.tw/assets/advanceSearch/historicalBuilding/20230711000001"" target=""_blank"">http://nchdb.boch.gov.tw/assets/advanceSearch/historicalBuilding/20230711000001</a>","[{'classification': '指定/登錄', 'officialDocNo': '府授文資字第1129050055A號', 'registerDate': '2023-03-20 15:38:18.749'}]",學校,新竹縣
1707,20230712000001,博愛路132號店屋,"{'code': 'A99', 'name': '其他設施'}",<<歷史建築紀念建築登錄廢止審查及輔助辦法>>第2條第1項第1、2、3款,121.511397,25.0429829,"{'itemNo': 1, 'cityName': '臺北市', 'distName': '中正區', 'address': '博愛路132號'}",臺北市政府文化局,文化資產科,臺北市信義區市府路1號4樓東北區,(02)2720-8889,"<a href=""http://nchdb.boch.gov.tw/assets/advanceSearch/historicalBuilding/20230712000001"" target=""_blank"">http://nchdb.boch.gov.tw/assets/advanceSearch/historicalBuilding/20230712000001</a>","[{'classification': '指定/登錄', 'officialDocNo': '11230252501', 'registerDate': '2023-07-04 00:00:00.0', 'note': '登錄'}]",其他設施,臺北市
1708,20230712000003,博愛路93號店屋（原近藤商會店鋪）,"{'code': 'A99', 'name': '其他設施'}",<<歷史建築紀念建築登錄廢止審查及輔助辦法>>第2條第1項第1、2、3款,121.511608,25.043156,"{'itemNo': 1, 'cityName': '臺北市', 'distName': '中正區', 'address': '博愛路93號'}",臺北市政府文化局,文化資產科,臺北市信義區市府路1號4樓東北區,(02)2720-8889,"<a href=""http://nchdb.boch.gov.tw/assets/advanceSearch/historicalBuilding/20230712000003"" target=""_blank"">http://nchdb.boch.gov.tw/assets/advanceSearch/historicalBuilding/20230712000003</a>","[{'classification': '指定/登錄', 'officialDocNo': '11230252741', 'registerDate': '2023-07-07 00:00:00.0', 'note': '登錄'}, {'classification': '指定/登錄', 'officialDocNo': '11330136041', 'registerDate': '2024-04-15 00:00:00.0', 'note': '登錄'}]",其他設施,臺北市
1709,20230802000001,大安十二甲東門住宅利用信用購買組合房舍,"{'code': 'A3', 'name': '宅第'}",<<歷史建築紀念建築登錄廢止審查及輔助辦法>>第2條第1項第3款,121.530212,25.031518,"{'itemNo': 1, 'cityName': '臺北市', 'distName': '大安區', 'address': '永康街31巷11號'}",臺北市政府文化局,文化資產科,臺北市信義區市府路1號4樓東北區,(02)2720-8889,"<a href=""http://nchdb.boch.gov.tw/assets/advanceSearch/historicalBuilding/20230802000001"" target=""_blank"">http://nchdb.boch.gov.tw/assets/advanceSearch/historicalBuilding/20230802000001</a>","[{'classification': '指定/登錄', 'officialDocNo': '11230256741', 'registerDate': '2023-07-12 00:00:00.0', 'note': '/'}]",宅第,臺北市
1709,20230802000001,大安十二甲東門住宅利用信用購買組合房舍,"{'code': 'A3', 'name': '宅第'}",<<歷史建築紀念建築登錄廢止審查及輔助辦法>>第2條第1項第3款,121.530212,25.031518,"{'itemNo': 2, 'cityName': '臺北市', 'distName': '大安區', 'address': '永康街31巷11-1號'}",臺北市政府文化局,文化資產科,臺北市信義區市府路1號4樓東北區,(02)2720-8889,"<a href=""http://nchdb.boch.gov.tw/assets/advanceSearch/historicalBuilding/20230802000001"" target=""_blank"">http://nchdb.boch.gov.tw/assets/advanceSearch/historicalBuilding/20230802000001</a>","[{'classification': '指定/登錄', 'officialDocNo': '11230256741', 'registerDate': '2023-07-12 00:00:00.0', 'note': '/'}]",宅第,臺北市
1710,20230829000001,博愛路116號店屋,"{'code': 'A18', 'name': '商店'}",<<歷史建築紀念建築登錄廢止審查及輔助辦法>>第2條第1項第2、3款,121.511394,25.0435469,"{'itemNo': 1, 'cityName': '臺北市', 'distName': '中正區', 'address': '博愛路116號'}",臺北市政府文化局,文化資產科,臺北市信義區市府路1號4樓東北區,(02)2720-8889,"<a href=""http://nchdb.boch.gov.tw/assets/advanceSearch/historicalBuilding/20230829000001"" target=""_blank"">http://nchdb.boch.gov.tw/assets/advanceSearch/historicalBuilding/20230829000001</a>","[{'classification': '指定/登錄', 'officialDocNo': '11230292481', 'registerDate': '2023-08-17 00:00:00.0', 'note': '/'}]",商店,臺北市
1711,20230913000001,開封街1段79號店屋,"{'code': 'A18', 'name': '商店'}",<<歷史建築紀念建築登錄廢止審查及輔助辦法>>第2條第1項第1、2、3款,121.511646,25.046123,"{'itemNo': 1, 'cityName': '臺北市', 'distName': '中正區', 'address': '開封街一段79號'}",臺北市政府文化局,文化資產科,臺北市信義區市府路1號4樓東北區,(02)2720-8889,"<a href=""http://nchdb.boch.gov.tw/assets/advanceSearch/historicalBuilding/20230913000001"" target=""_blank"">http://nchdb.boch.gov.tw/assets/advanceSearch/historicalBuilding/20230913000001</a>","[{'classification': '指定/登錄', 'officialDocNo': '11230313591', 'registerDate': '2023-09-13 00:00:00.0', 'note': '/'}]",商店,臺北市
1712,20230923000002,大溪李金興墓園,"{'code': 'A12', 'name': '墓葬'}",<<歷史建築紀念建築登錄廢止審查及輔助辦法>>第2條第1項第1、3款,121.2834672868486,24.86712456996311,"{'itemNo': 1, 'cityName': '桃園市', 'distName': '大溪區', 'address': '康莊段726地號'}",桃園市政府文化局,文化資產科,桃園市桃園區縣府路21號,03-3322592,"<a href=""http://nchdb.boch.gov.tw/assets/advanceSearch/historicalBuilding/20230923000002"" target=""_blank"">http://nchdb.boch.gov.tw/assets/advanceSearch/historicalBuilding/20230923000002</a>","[{'classification': '指定/登錄', 'officialDocNo': '府文資字第11202160741號', 'registerDate': '2023-08-11 14:11:55.866'}]",墓葬,桃園市
1713,20230926000001,麥寮源發林姓祖墓,"{'code': 'A12', 'name': '墓葬'}",<<歷史建築登錄廢止審查及輔助辦法>>第2條第1項第1、2、3款,120.252786,23.752707,"{'itemNo': 1, 'cityName': '雲林縣', 'distName': '麥寮鄉', 'address': '麥寮鄉麥寮運動公園西側旁（臨麥寮鄉泰順路，與中興路交叉處）'}",雲林縣政府文化觀光處,文化資產科,雲林縣斗六市大學路三段310號,(05)5523218,"<a href=""http://nchdb.boch.gov.tw/assets/advanceSearch/historicalBuilding/20230926000001"" target=""_blank"">http://nchdb.boch.gov.tw/assets/advanceSearch/historicalBuilding/20230926000001</a>","[{'classification': '指定/登錄', 'officialDocNo': '府文資二字第1113813734B號', 'registerDate': '2022-06-16 19:50:58.557'}]",墓葬,雲林縣
1714,20230926000002,斗南散裝穀物倉庫,"{'code': 'A16', 'name': '產業'}",<<歷史建築登錄廢止審查及輔助辦法>>第2條第1項第1、2、3款,120.48347,23.67605,"{'itemNo': 1, 'cityName': '雲林縣', 'distName': '斗南鎮', 'address': '福德街22之1號'}",雲林縣文化觀光處,文化資產科,雲林縣斗六市大學路三段310號,(05)5523218,"<a href=""http://nchdb.boch.gov.tw/assets/advanceSearch/historicalBuilding/20230926000002"" target=""_blank"">http://nchdb.boch.gov.tw/assets/advanceSearch/historicalBuilding/20230926000002</a>","[{'classification': '指定/登錄', 'officialDocNo': '府文資二字第1113813734D號', 'registerDate': '2022-06-16 20:43:20.206'}]",產業,雲林縣
1715,20231002000001,南京西路25巷2、2-2、2-3號,"{'code': 'A3', 'name': '宅第'}",<<歷史建築登錄廢止審查及輔助辦法>>第2條第1項第1、2、3、4款,121.5202375,25.0533231,"{'itemNo': 1, 'cityName': '臺北市', 'distName': '大同區', 'address': '南京西路25巷2號'}",臺北市政府文化局,文化資產科,臺北市信義區市府路1號4樓東北區,(02)2720-8889,"<a href=""http://nchdb.boch.gov.tw/assets/advanceSearch/historicalBuilding/20231002000001"" target=""_blank"">http://nchdb.boch.gov.tw/assets/advanceSearch/historicalBuilding/20231002000001</a>","[{'classification': '指定/登錄', 'officialDocNo': '1123030117', 'registerDate': '2023-08-31 00:00:00.0', 'note': '無'}]",宅第,臺北市
1715,20231002000001,南京西路25巷2、2-2、2-3號,"{'code': 'A3', 'name': '宅第'}",<<歷史建築登錄廢止審查及輔助辦法>>第2條第1項第1、2、3、4款,121.5202375,25.0533231,"{'itemNo': 2, 'cityName': '臺北市', 'distName': '大同區', 'address': '南京西路25巷2-2號'}",臺北市政府文化局,文化資產科,臺北市信義區市府路1號4樓東北區,(02)2720-8889,"<a href=""http://nchdb.boch.gov.tw/assets/advanceSearch/historicalBuilding/20231002000001"" target=""_blank"">http://nchdb.boch.gov.tw/assets/advanceSearch/historicalBuilding/20231002000001</a>","[{'classification': '指定/登錄', 'officialDocNo': '1123030117', 'registerDate': '2023-08-31 00:00:00.0', 'note': '無'}]",宅第,臺北市
1715,20231002000001,南京西路25巷2、2-2、2-3號,"{'code': 'A3', 'name': '宅第'}",<<歷史建築登錄廢止審查及輔助辦法>>第2條第1項第1、2、3、4款,121.5202375,25.0533231,"{'itemNo': 3, 'cityName': '臺北市', 'distName': '大同區', 'address': '南京西路25巷2-3號'}",臺北市政府文化局,文化資產科,臺北市信義區市府路1號4樓東北區,(02)2720-8889,"<a href=""http://nchdb.boch.gov.tw/assets/advanceSearch/historicalBuilding/20231002000001"" target=""_blank"">http://nchdb.boch.gov.tw/assets/advanceSearch/historicalBuilding/20231002000001</a>","[{'classification': '指定/登錄', 'officialDocNo': '1123030117', 'registerDate': '2023-08-31 00:00:00.0', 'note': '無'}]",宅第,臺北市
1716,20231003000001,臺灣臨濮堂施姓大宗祠,"{'code': 'A1', 'name': '祠堂'}",<<歷史建築登錄廢止審查及輔助辦法>>第2條第1項第2款,120.195883,22.995186,"{'itemNo': 1, 'cityName': '臺南市', 'distName': '中西區', 'address': '海安路二段79巷32號'}",臺南市文化資產管理處,文化資產研究組,臺南市中西區中正路五巷一號3F,06-2213579#607,"<a href=""http://nchdb.boch.gov.tw/assets/advanceSearch/historicalBuilding/20231003000001"" target=""_blank"">http://nchdb.boch.gov.tw/assets/advanceSearch/historicalBuilding/20231003000001</a>","[{'classification': '指定/登錄', 'officialDocNo': '南市文資字地1120949746A', 'registerDate': '2023-07-31 16:02:48.234'}]",祠堂,臺南市
1717,20231122000001,南崁1號穀倉及農機倉庫,"{'code': 'A16', 'name': '產業'}",「歷史建築紀念建築登錄廢止審查及輔助辦法」第2條第1項第1款、第2款及第3款規定。,121.2936092476823,25.04702937421279,"{'itemNo': 1, 'cityName': '桃園市', 'distName': '蘆竹區', 'address': '南崁路175巷-建號南崁段181、192號'}",桃園市政府文化局,文化資產科,桃園市桃園區縣府路21號,03-3322592分機8624,"<a href=""http://nchdb.boch.gov.tw/assets/advanceSearch/historicalBuilding/20231122000001"" target=""_blank"">http://nchdb.boch.gov.tw/assets/advanceSearch/historicalBuilding/20231122000001</a>","[{'classification': '指定/登錄', 'officialDocNo': '府文資字第11203119121號', 'registerDate': '2023-11-16 10:20:01.867'}]",產業,桃園市
1718,20231113000001,博愛路7號店屋,"{'code': 'A18', 'name': '商店'}",<<歷史建築紀念建築登錄廢止審查及輔助辦法>>第2條第1項第1、2、3款,121.5114628,25.0461373,"{'itemNo': 1, 'cityName': '臺北市', 'distName': '中正區', 'address': '博愛路7號'}",臺北市政府文化局,文化資產科,臺北市信義區市府路1號4樓東北區,(02)2720-8889,"<a href=""http://nchdb.boch.gov.tw/assets/advanceSearch/historicalBuilding/20231113000001"" target=""_blank"">http://nchdb.boch.gov.tw/assets/advanceSearch/historicalBuilding/20231113000001</a>","[{'classification': '指定/登錄', 'officialDocNo': '11230334661', 'registerDate': '2023-10-11 00:00:00.0', 'note': '/'}]",商店,臺北市
1719,20240202000011,屏東市海豐鄭家古厝,"{'code': 'A3', 'name': '宅第'}",《文化資產保存法》第 18 條暨<<歷史建築紀念建築登錄廢止審查及輔助辦法>>第2條第1項第1、2、3款,120.51168572944127,22.699117062786165,"{'itemNo': 1, 'cityName': '屏東縣', 'distName': '屏東市', 'address': '三山里三山41號、40號'}", 屏東縣政府, 屏東縣文化資產保護所,屏東縣屏東市菸廠路1號,08-7227001,"<a href=""http://nchdb.boch.gov.tw/assets/advanceSearch/historicalBuilding/20240202000011"" target=""_blank"">http://nchdb.boch.gov.tw/assets/advanceSearch/historicalBuilding/20240202000011</a>","[{'classification': '指定/登錄', 'officialDocNo': '屏府文保字第 11030536900 號', 'registerDate': '2021-11-12 08:45:57.045'}]",宅第,屏東縣
1720,20240202000012,南州糖廠砂糖倉庫,"{'code': 'A16', 'name': '產業'}",《文化資產保存法》第18條暨<<歷史建築登錄廢止審查及輔助辦法>>第2條第1項第1、2、3款,120.51789877896391,22.494200076979027,"{'itemNo': 1, 'cityName': '屏東縣', 'distName': '南州鄉', 'address': '糖廠路'}", 屏東縣政府,屏東縣文化資產保護所,屏東縣屏東市菸廠路1號,08-7227001,"<a href=""http://nchdb.boch.gov.tw/assets/advanceSearch/historicalBuilding/20240202000012"" target=""_blank"">http://nchdb.boch.gov.tw/assets/advanceSearch/historicalBuilding/20240202000012</a>","[{'classification': '指定/登錄', 'officialDocNo': '屏府文保字第10430473800號', 'registerDate': '2015-11-11 09:20:02.029'}]",產業,屏東縣
1721,20240202000013,麟洛庄尾伯公,"{'code': 'A2', 'name': '寺廟'}",《文化資產保存法》第18條暨<<歷史建築紀念建築登錄廢止審查及輔助辦法>>第2條第1項第1、2、3款,120.52563126183632,22.64941735022781,"{'itemNo': 1, 'cityName': '屏東縣', 'distName': '麟洛鄉', 'address': '中正路55號旁'}", 屏東縣政府,屏東縣文化資產保護所,屏東縣屏東市菸廠路1號,08-7227001,"<a href=""http://nchdb.boch.gov.tw/assets/advanceSearch/historicalBuilding/20240202000013"" target=""_blank"">http://nchdb.boch.gov.tw/assets/advanceSearch/historicalBuilding/20240202000013</a>","[{'classification': '指定/登錄', 'officialDocNo': '屏府文保字第11030408700號', 'registerDate': '2021-09-01 08:47:23.951'}]",寺廟,屏東縣
1722,20231121000001,衡陽路35號店屋,"{'code': 'A18', 'name': '商店'}",<<歷史建築紀念建築登錄廢止審查及輔助辦法>>第2條第1項第1、2、3款,121.5126148,25.0424211,"{'itemNo': 1, 'cityName': '臺北市', 'distName': '中正區', 'address': '衡陽路35號'}",臺北市政府文化局,文化資產科,臺北市信義區市府路1號4樓東北區,(02)2720-8889,"<a href=""http://nchdb.boch.gov.tw/assets/advanceSearch/historicalBuilding/20231121000001"" target=""_blank"">http://nchdb.boch.gov.tw/assets/advanceSearch/historicalBuilding/20231121000001</a>","[{'classification': '指定/登錄', 'officialDocNo': '北市文化文資字第11230384281號', 'registerDate': '2023-11-21 00:00:00.0', 'note': '/'}]",商店,臺北市
1723,20231123000001,北投區一德街22號,"{'code': 'A3', 'name': '宅第'}",<<歷史建築登錄廢止審查及輔助辦法>>第2條第1項第1、2、3款,121.468389,25.12904,"{'itemNo': 1, 'cityName': '臺北市', 'distName': '北投區', 'address': '一德街22號'}",臺北市政府文化局,文化資產科,臺北市信義區市府路1號4樓東北區,(02)2720-8889,"<a href=""http://nchdb.boch.gov.tw/assets/advanceSearch/historicalBuilding/20231123000001"" target=""_blank"">http://nchdb.boch.gov.tw/assets/advanceSearch/historicalBuilding/20231123000001</a>","[{'classification': '指定/登錄', 'officialDocNo': '北市文化文資字第11230384081號', 'registerDate': '2023-11-22 00:00:00.0', 'note': '/'}]",宅第,臺北市
1724,20231211000002,皇清太學生承志翁林公之墓,"{'code': 'A12', 'name': '墓葬'}",<<歷史建築紀念建築登錄廢止審查及輔助辦法>>第2條第1項第1、2款,120.9889997592207,24.787466401752173,"{'itemNo': 1, 'cityName': '新竹市', 'distName': '東區', 'address': '新竹市第一公墓內，新竹市仙宮段244地號。'}",新竹市/國立清華大學,城市行銷處/國立清華大學總務處保管組,新竹市中正路120號/新竹市光復路2段101號,5216121#544/03-5715131#31346,"<a href=""http://nchdb.boch.gov.tw/assets/advanceSearch/historicalBuilding/20231211000002"" target=""_blank"">http://nchdb.boch.gov.tw/assets/advanceSearch/historicalBuilding/20231211000002</a>","[{'classification': '指定/登錄', 'officialDocNo': '府授文資字第1120092474號公告', 'registerDate': '2023-06-14 17:51:37.522'}]",墓葬,新竹市
1725,20231215000001,舊台北監獄尖底明溝,"{'code': 'A99', 'name': '其他設施'}",<<歷史建築紀念建築登錄廢止審查及輔助辦法>>第2條第1項第1、2、3款,121.526495,25.031037,"{'itemNo': 1, 'cityName': '臺北市', 'distName': '大安區', 'address': '金山南路二段94號'}",臺北市政府文化局,文化資產科,臺北市信義區市府路1號4樓東北區,(02)2720-8889,"<a href=""http://nchdb.boch.gov.tw/assets/advanceSearch/historicalBuilding/20231215000001"" target=""_blank"">http://nchdb.boch.gov.tw/assets/advanceSearch/historicalBuilding/20231215000001</a>","[{'classification': '指定/登錄', 'officialDocNo': '北市文化文資字第11230395911號', 'registerDate': '2023-12-04 00:00:00.0', 'note': '/'}]",其他設施,臺北市
1726,20240115000002,舊重興派出所辦公廳舍,"{'code': 'A6', 'name': '衙署'}",符合文化資產保存法第18條暨歷史建築紀念建築登錄廢止審查及輔助辦法第2條第1項第1、3款登錄評定基準。,120.5773807355822,23.76825449600159,"{'itemNo': 1, 'cityName': '雲林縣', 'distName': '林內鄉', 'address': '重興村重興70號'}",文化觀光處,文化資產科,雲林縣斗六市大學路3段310號,05-5523152,"<a href=""http://nchdb.boch.gov.tw/assets/advanceSearch/historicalBuilding/20240115000002"" target=""_blank"">http://nchdb.boch.gov.tw/assets/advanceSearch/historicalBuilding/20240115000002</a>","[{'classification': '指定/登錄', 'officialDocNo': '府文資二字第1133805124B', 'registerDate': '2024-01-12 18:45:29.06'}]",衙署,雲林縣
1727,20240115000003,原西螺延平街德春齒科,"{'code': 'A3', 'name': '宅第'}",<<歷史建築紀念建築登錄廢止審查及輔助辦法>>第2條第1項第1、2、3款,120.46211490674662,23.801952326239423,"{'itemNo': 1, 'cityName': '雲林縣', 'distName': '西螺鎮', 'address': '延平路110號'}",文化觀光處,文化資產科,雲林縣斗六市大學路3段310號,05-5523152,"<a href=""http://nchdb.boch.gov.tw/assets/advanceSearch/historicalBuilding/20240115000003"" target=""_blank"">http://nchdb.boch.gov.tw/assets/advanceSearch/historicalBuilding/20240115000003</a>","[{'classification': '指定/登錄', 'officialDocNo': '府文資二字第1133805124C', 'registerDate': '2024-01-12 18:57:55.252'}]",宅第,雲林縣
1728,20240130000001,衡陽路33號店屋,"{'code': 'A18', 'name': '商店'}",<<歷史建築紀念建築登錄廢止審查及輔助辦法>>第2條第1項第3款,121.5126513,25.04244,"{'itemNo': 1, 'cityName': '臺北市', 'distName': '中正區', 'address': '衡陽路33號'}",臺北市政府文化局,文化資產科,臺北市信義區市府路1號4樓東北區,(02)2720-8889,"<a href=""http://nchdb.boch.gov.tw/assets/advanceSearch/historicalBuilding/20240130000001"" target=""_blank"">http://nchdb.boch.gov.tw/assets/advanceSearch/historicalBuilding/20240130000001</a>","[{'classification': '指定/登錄', 'officialDocNo': '北市文化文資字第11330069861', 'registerDate': '2024-01-30 00:00:00.0', 'note': '無'}]",商店,臺北市
1729,20240206000001,康定路85號店屋（原慈惠醫院）,"{'code': 'A18', 'name': '商店'}",<<歷史建築紀念建築登錄廢止審查及輔助辦法>>第2條第1項第1、2、3款,121.50211,25.040164,"{'itemNo': 1, 'cityName': '臺北市', 'distName': '萬華區', 'address': '康定路85號'}",臺北市政府文化局,文化資產科,臺北市信義區市府路1號4樓東北區,(02)2720-8889,"<a href=""http://nchdb.boch.gov.tw/assets/advanceSearch/historicalBuilding/20240206000001"" target=""_blank"">http://nchdb.boch.gov.tw/assets/advanceSearch/historicalBuilding/20240206000001</a>","[{'classification': '指定/登錄', 'officialDocNo': '11330066301', 'registerDate': '2024-01-23 00:00:00.0', 'note': '登錄「康定路85號店屋（原慈惠醫院）」為本市歷史建築 。 '}]",商店,臺北市
1729,20240206000001,康定路85號店屋（原慈惠醫院）,"{'code': 'A27', 'name': '醫院'}",<<歷史建築紀念建築登錄廢止審查及輔助辦法>>第2條第1項第1、2、3款,121.50211,25.040164,"{'itemNo': 1, 'cityName': '臺北市', 'distName': '萬華區', 'address': '康定路85號'}",臺北市政府文化局,文化資產科,臺北市信義區市府路1號4樓東北區,(02)2720-8889,"<a href=""http://nchdb.boch.gov.tw/assets/advanceSearch/historicalBuilding/20240206000001"" target=""_blank"">http://nchdb.boch.gov.tw/assets/advanceSearch/historicalBuilding/20240206000001</a>","[{'classification': '指定/登錄', 'officialDocNo': '11330066301', 'registerDate': '2024-01-23 00:00:00.0', 'note': '登錄「康定路85號店屋（原慈惠醫院）」為本市歷史建築 。 '}]",醫院,臺北市
1729,20240206000001,康定路85號店屋（原慈惠醫院）,"{'code': 'A3', 'name': '宅第'}",<<歷史建築紀念建築登錄廢止審查及輔助辦法>>第2條第1項第1、2、3款,121.50211,25.040164,"{'itemNo': 1, 'cityName': '臺北市', 'distName': '萬華區', 'address': '康定路85號'}",臺北市政府文化局,文化資產科,臺北市信義區市府路1號4樓東北區,(02)2720-8889,"<a href=""http://nchdb.boch.gov.tw/assets/advanceSearch/historicalBuilding/20240206000001"" target=""_blank"">http://nchdb.boch.gov.tw/assets/advanceSearch/historicalBuilding/20240206000001</a>","[{'classification': '指定/登錄', 'officialDocNo': '11330066301', 'registerDate': '2024-01-23 00:00:00.0', 'note': '登錄「康定路85號店屋（原慈惠醫院）」為本市歷史建築 。 '}]",宅第,臺北市
1730,20240206000002,貴陽街二段117號店屋,"{'code': 'A18', 'name': '商店'}",<<歷史建築紀念建築登錄廢止審查及輔助辦法>>第2條第1項第1、3款,121.502256,25.040126,"{'itemNo': 1, 'cityName': '臺北市', 'distName': '萬華區', 'address': '貴陽街2段117號'}",臺北市政府文化局,文化資產科,臺北市信義區市府路1號4樓東北區,(02)2720-8889,"<a href=""http://nchdb.boch.gov.tw/assets/advanceSearch/historicalBuilding/20240206000002"" target=""_blank"">http://nchdb.boch.gov.tw/assets/advanceSearch/historicalBuilding/20240206000002</a>","[{'classification': '指定/登錄', 'officialDocNo': '11330066311', 'registerDate': '2024-01-23 00:00:00.0', 'note': '登錄「貴陽街二段117號店屋」為本市歷史建築。'}]",商店,臺北市
1730,20240206000002,貴陽街二段117號店屋,"{'code': 'A3', 'name': '宅第'}",<<歷史建築紀念建築登錄廢止審查及輔助辦法>>第2條第1項第1、3款,121.502256,25.040126,"{'itemNo': 1, 'cityName': '臺北市', 'distName': '萬華區', 'address': '貴陽街2段117號'}",臺北市政府文化局,文化資產科,臺北市信義區市府路1號4樓東北區,(02)2720-8889,"<a href=""http://nchdb.boch.gov.tw/assets/advanceSearch/historicalBuilding/20240206000002"" target=""_blank"">http://nchdb.boch.gov.tw/assets/advanceSearch/historicalBuilding/20240206000002</a>","[{'classification': '指定/登錄', 'officialDocNo': '11330066311', 'registerDate': '2024-01-23 00:00:00.0', 'note': '登錄「貴陽街二段117號店屋」為本市歷史建築。'}]",宅第,臺北市
1731,20240206000003,貴陽街二段119號店屋,"{'code': 'A3', 'name': '宅第'}",<<歷史建築紀念建築登錄廢止審查及輔助辦法>>第2條第1項第2、3款,121.502256,25.040126,"{'itemNo': 1, 'cityName': '臺北市', 'distName': '萬華區', 'address': '貴陽街2段119號'}",臺北市政府文化局,文化資產科,臺北市信義區市府路1號4樓東北區,(02)2720-8889,"<a href=""http://nchdb.boch.gov.tw/assets/advanceSearch/historicalBuilding/20240206000003"" target=""_blank"">http://nchdb.boch.gov.tw/assets/advanceSearch/historicalBuilding/20240206000003</a>","[{'classification': '指定/登錄', 'officialDocNo': '11330066321', 'registerDate': '2024-01-23 00:00:00.0', 'note': '登錄「貴陽街二段119號店屋」為本市歷史建築。'}]",宅第,臺北市
1731,20240206000003,貴陽街二段119號店屋,"{'code': 'A18', 'name': '商店'}",<<歷史建築紀念建築登錄廢止審查及輔助辦法>>第2條第1項第2、3款,121.502256,25.040126,"{'itemNo': 1, 'cityName': '臺北市', 'distName': '萬華區', 'address': '貴陽街2段119號'}",臺北市政府文化局,文化資產科,臺北市信義區市府路1號4樓東北區,(02)2720-8889,"<a href=""http://nchdb.boch.gov.tw/assets/advanceSearch/historicalBuilding/20240206000003"" target=""_blank"">http://nchdb.boch.gov.tw/assets/advanceSearch/historicalBuilding/20240206000003</a>","[{'classification': '指定/登錄', 'officialDocNo': '11330066321', 'registerDate': '2024-01-23 00:00:00.0', 'note': '登錄「貴陽街二段119號店屋」為本市歷史建築。'}]",商店,臺北市
1732,20240217000002,水上機場少華樓,"{'code': 'A99', 'name': '其他設施', 'other': '官兵宿舍'}",<<歷史建築紀念建築登錄廢止審查及輔助辦法>>第2條,120.4026,23.45483,"{'itemNo': 1, 'cityName': '嘉義縣', 'distName': '水上鄉', 'address': '榮典路1號'}",嘉義縣政府,嘉義縣文化觀光局,嘉義縣太保市東勢里太子大道158號,05-3628123,"<a href=""http://nchdb.boch.gov.tw/assets/advanceSearch/historicalBuilding/20240217000002"" target=""_blank"">http://nchdb.boch.gov.tw/assets/advanceSearch/historicalBuilding/20240217000002</a>","[{'classification': '指定/登錄', 'officialDocNo': '府授文資字第11201297462號', 'registerDate': '2023-06-01 17:49:40.601'}]",其他設施,嘉義縣
1733,20240306000001,龍潭石拱橋,"{'code': 'A15', 'name': '橋樑'}",<<歷史建築登錄廢止審查及輔助辦法>>第2條第1項第2、3款,121.21167,24.85022,"{'itemNo': 1, 'cityName': '桃園市', 'distName': '龍潭區', 'address': '上林里老街溪(上林野溪)'}",桃園縣政府,文化局,桃園市桃園區縣府路21號,03-3322592分機8612,"<a href=""http://nchdb.boch.gov.tw/assets/advanceSearch/historicalBuilding/20240306000001"" target=""_blank"">http://nchdb.boch.gov.tw/assets/advanceSearch/historicalBuilding/20240306000001</a>","[{'classification': '指定/登錄', 'officialDocNo': '府文資字第1120349070', 'registerDate': '2023-12-21 00:00:00.0'}]",橋樑,桃園市
1734,20240326000001,柳營劉家大房古厝,"{'code': 'A3', 'name': '宅第'}",<<歷史建築紀念建築登錄廢止審查及輔助辦法>>第2條第1項第1、2款,120.309017,23.277428,"{'itemNo': 1, 'cityName': '臺南市', 'distName': '柳營區', 'address': '柳營31號、51號'}",臺南市文化資產管理處,文化資產管理處研究組,臺南市中西區中正路5巷1號3樓,06-2213597,"<a href=""http://nchdb.boch.gov.tw/assets/advanceSearch/historicalBuilding/20240326000001"" target=""_blank"">http://nchdb.boch.gov.tw/assets/advanceSearch/historicalBuilding/20240326000001</a>","[{'classification': '指定/登錄', 'officialDocNo': '南市文資字第1130180616A號', 'registerDate': '2024-02-21 18:13:55.541'}]",宅第,臺南市
1735,20240401000001,虎頭山日露戰役記念碑,"{'code': 'A9', 'name': '碑碣'}",<<歷史建築紀念建築登錄廢止審查及輔助辦法>>第2條第1項第1、3款,120.68483309549003,24.493754134804114,"{'itemNo': 1, 'cityName': '苗栗縣', 'distName': '通霄鎮', 'address': '虎頭山公園内'}",苗栗縣政府,文化觀光局,苗栗縣苗栗市自治路50號,（037）352961#718,"<a href=""http://nchdb.boch.gov.tw/assets/advanceSearch/historicalBuilding/20240401000001"" target=""_blank"">http://nchdb.boch.gov.tw/assets/advanceSearch/historicalBuilding/20240401000001</a>","[{'classification': '指定/登錄', 'officialDocNo': '府文資字第1130004128B號', 'registerDate': '2024-04-01 15:05:30.601'}]",碑碣,苗栗縣
1736,20240422000001,臺灣大學化學工程館,"{'code': 'A24', 'name': '學校'}",<<歷史建築紀念建築登錄廢止審查及輔助辦法>>第2條第1項第1、2款,121.5347666,25.0168477,"{'itemNo': 1, 'cityName': '臺北市', 'distName': '大安區', 'address': '羅斯福路四段一號'}",臺北市政府文化局,文化資產科,臺北市信義區市府路1號4樓東北區,(02)2720-8889,"<a href=""http://nchdb.boch.gov.tw/assets/advanceSearch/historicalBuilding/20240422000001"" target=""_blank"">http://nchdb.boch.gov.tw/assets/advanceSearch/historicalBuilding/20240422000001</a>","[{'classification': '指定/登錄', 'officialDocNo': 'BTAA11330127581', 'registerDate': '2024-04-10 00:00:00.0', 'note': '/'}]",學校,臺北市
1737,20240510000001,開封街一段81、83號店屋,"{'code': 'A18', 'name': '商店'}",<<歷史建築紀念建築登錄廢止審查及輔助辦法>>第2條第1項第3款,121.511512,25.046126,"{'itemNo': 1, 'cityName': '臺北市', 'distName': '中正區', 'address': '開封街一段83號'}",臺北市政府文化局,文化資產科,臺北市信義區市府路1號4樓東北區,(02)2720-8889,"<a href=""http://nchdb.boch.gov.tw/assets/advanceSearch/historicalBuilding/20240510000001"" target=""_blank"">http://nchdb.boch.gov.tw/assets/advanceSearch/historicalBuilding/20240510000001</a>","[{'classification': '指定/登錄', 'officialDocNo': '北市文化文資字第11330157611號', 'registerDate': '2024-05-10 00:00:00.0', 'note': '-'}]",商店,臺北市
1737,20240510000001,開封街一段81、83號店屋,"{'code': 'A18', 'name': '商店'}",<<歷史建築紀念建築登錄廢止審查及輔助辦法>>第2條第1項第3款,121.511512,25.046126,"{'itemNo': 2, 'cityName': '臺北市', 'distName': '中正區', 'address': '開封街一段81號'}",臺北市政府文化局,文化資產科,臺北市信義區市府路1號4樓東北區,(02)2720-8889,"<a href=""http://nchdb.boch.gov.tw/assets/advanceSearch/historicalBuilding/20240510000001"" target=""_blank"">http://nchdb.boch.gov.tw/assets/advanceSearch/historicalBuilding/20240510000001</a>","[{'classification': '指定/登錄', 'officialDocNo': '北市文化文資字第11330157611號', 'registerDate': '2024-05-10 00:00:00.0', 'note': '-'}]",商店,臺北市
1738,20240603000001,原鹿草庄役場,"{'code': 'A6', 'name': '衙署'}","「文化資產保存法」第18條
「歷史建築紀念建築登錄廢止審查及輔助辦法」第2、4、5條",120.308511,23.411297,"{'itemNo': 1, 'cityName': '嘉義縣', 'distName': '鹿草鄉', 'address': '長壽路226巷3號'}",嘉義縣文化觀光局,文化資產科,嘉義縣太保市太子大道158號,05-3628123*317,"<a href=""http://nchdb.boch.gov.tw/assets/advanceSearch/historicalBuilding/20240603000001"" target=""_blank"">http://nchdb.boch.gov.tw/assets/advanceSearch/historicalBuilding/20240603000001</a>","[{'classification': '指定/登錄', 'officialDocNo': '府授文資字第11301344391號', 'registerDate': '2024-05-29 10:36:28.263'}]",衙署,嘉義縣
1739,20240718000001,士林區仁民路50號,"{'code': 'A17', 'name': '官邸'}",<<歷史建築紀念建築登錄廢止審查及輔助辦法>>第2條第1項第1、2、3款,121.542896,25.133255,"{'itemNo': 1, 'cityName': '臺北市', 'distName': '士林區', 'address': '仁民路50號'}",臺北市政府文化局,文化資產科,臺北市信義區市府路1號4樓東北區,(02)2720-8889,"<a href=""http://nchdb.boch.gov.tw/assets/advanceSearch/historicalBuilding/20240718000001"" target=""_blank"">http://nchdb.boch.gov.tw/assets/advanceSearch/historicalBuilding/20240718000001</a>","[{'classification': '指定/登錄', 'officialDocNo': '北市文化文資字第11330278121號', 'registerDate': '2024-07-18 00:00:00.0', 'note': '登錄「士林區仁民路50號」為本市歷史建築'}]",官邸,臺北市
1740,20240729000001,林務局大湖工作站卓蘭辦公室,"{'code': 'A99', 'name': '其他設施', 'other': '產業設施'}",<<歷史建築登錄廢止審查及輔助辦法>>第2條第1項第2、4款,120.824861,24.312972,"{'itemNo': 1, 'cityName': '苗栗縣', 'distName': '卓蘭鎮', 'address': '新厝里中山路114號'}",苗栗縣政府文化觀光局,文化資產科,苗栗縣苗栗市自治路50號,037-352961#718,"<a href=""http://nchdb.boch.gov.tw/assets/advanceSearch/historicalBuilding/20240729000001"" target=""_blank"">http://nchdb.boch.gov.tw/assets/advanceSearch/historicalBuilding/20240729000001</a>","[{'classification': '指定/登錄', 'officialDocNo': '府文資字第1100002651B號', 'registerDate': '2021-03-16 00:00:00.0'}, {'classification': '變更/修正', 'officialDocNo': '府文資字第1110012328B號', 'registerDate': '2022-10-12 00:00:00.0'}]",其他設施,苗栗縣
1740,20240729000001,林務局大湖工作站卓蘭辦公室,"{'code': 'A99', 'name': '其他設施', 'other': '產業設施'}",<<歷史建築登錄廢止審查及輔助辦法>>第2條第1項第2、4款,120.824861,24.312972,"{'itemNo': 2, 'cityName': '苗栗縣', 'distName': '卓蘭鎮', 'address': '新厝里中山路116號'}",苗栗縣政府文化觀光局,文化資產科,苗栗縣苗栗市自治路50號,037-352961#718,"<a href=""http://nchdb.boch.gov.tw/assets/advanceSearch/historicalBuilding/20240729000001"" target=""_blank"">http://nchdb.boch.gov.tw/assets/advanceSearch/historicalBuilding/20240729000001</a>","[{'classification': '指定/登錄', 'officialDocNo': '府文資字第1100002651B號', 'registerDate': '2021-03-16 00:00:00.0'}, {'classification': '變更/修正', 'officialDocNo': '府文資字第1110012328B號', 'registerDate': '2022-10-12 00:00:00.0'}]",其他設施,苗栗縣
1741,20240730000001,土場國小,"{'code': 'A24', 'name': '學校'}",<<歷史建築紀念建築登錄廢止審查及輔助辦法>>第2條第1項第1、2、3款,121.49601578634814,24.55642397954472,"{'itemNo': 1, 'cityName': '宜蘭縣', 'distName': '大同鄉', 'address': '太平村太平山國家森林遊樂區收費站對岸山坡上'}",宜蘭縣政府文化局,文化資產科,宜蘭縣宜蘭市復興路二段101號,03-9322440#652,"<a href=""http://nchdb.boch.gov.tw/assets/advanceSearch/historicalBuilding/20240730000001"" target=""_blank"">http://nchdb.boch.gov.tw/assets/advanceSearch/historicalBuilding/20240730000001</a>","[{'classification': '指定/登錄', 'officialDocNo': '府文資字第1130006545B號', 'registerDate': '2024-06-26 09:24:31.315'}]",學校,宜蘭縣
1742,20240801000001,台鐵竹南站2號倉庫,"{'code': 'A99', 'name': '其他設施', 'other': '產業設施'}",<<歷史建築登錄廢止審查及輔助辦法>>第2條第1項第3款,120.880333,24.670889,"{'itemNo': 1, 'cityName': '苗栗縣', 'distName': '竹南鎮', 'address': '中山路168之1號'}",苗栗縣政府文化觀光局,文化資產科,苗栗縣苗栗市自治路50號,(037)352961#718,"<a href=""http://nchdb.boch.gov.tw/assets/advanceSearch/historicalBuilding/20240801000001"" target=""_blank"">http://nchdb.boch.gov.tw/assets/advanceSearch/historicalBuilding/20240801000001</a>","[{'classification': '指定/登錄', 'officialDocNo': '府文資字第1130010019B號', 'registerDate': '2024-07-30 11:21:01.274'}]",其他設施,苗栗縣
1743,20240802000001,龍安國民小學「紅樓」（錦尋常小學校）,"{'code': 'A24', 'name': '學校'}",<<歷史建築登錄廢止審查及輔助辦法>>第2條第1、2款,121.534846,25.023952,"{'itemNo': 1, 'cityName': '臺北市', 'distName': '大安區', 'address': '新生南路3段33號'}",臺北市政府文化局,文化資產科,臺北市信義區市府路1號4樓東北區,(02)2720-8889,"<a href=""http://nchdb.boch.gov.tw/assets/advanceSearch/historicalBuilding/20240802000001"" target=""_blank"">http://nchdb.boch.gov.tw/assets/advanceSearch/historicalBuilding/20240802000001</a>","[{'classification': '指定/登錄', 'officialDocNo': '北市文化文資字第11330279661號', 'registerDate': '2024-07-18 00:00:00.0', 'note': '/'}]",學校,臺北市
1744,20240806000001,原臺灣瓦斯株式會社（煤氣遺構）,"{'code': 'A16', 'name': '產業'}",<<歷史建築紀念建築登錄廢止審查及輔助辦法>>第2條第1、2、3款,121.5032513,25.0452959,"{'itemNo': 1, 'cityName': '臺北市', 'distName': '萬華區', 'address': '康定路19號'}",臺北市政府文化局,文化資產科,臺北市信義區市府路1號4樓東北區,(02)2720-8889,"<a href=""http://nchdb.boch.gov.tw/assets/advanceSearch/historicalBuilding/20240806000001"" target=""_blank"">http://nchdb.boch.gov.tw/assets/advanceSearch/historicalBuilding/20240806000001</a>","[{'classification': '指定/登錄', 'officialDocNo': '北市文化文資字第11330274971號', 'registerDate': '2024-07-15 00:00:00.0', 'note': '登錄公告'}]",產業,臺北市
1745,20241104000001,鹿港長源醫院,"{'code': 'A3', 'name': '宅第'}",<<歷史建築紀念建築登錄廢止審查及輔助辦法>>第2條第1項第1、2、3款,120.435031,24.054552,"{'itemNo': 1, 'cityName': '彰化縣', 'distName': '鹿港鎮', 'address': '中山路194號'}",彰化縣政府文化局,文化資產科,彰化縣彰化市卦山路3號,04-7292201,"<a href=""http://nchdb.boch.gov.tw/assets/advanceSearch/historicalBuilding/20241104000001"" target=""_blank"">http://nchdb.boch.gov.tw/assets/advanceSearch/historicalBuilding/20241104000001</a>","[{'classification': '指定/登錄', 'officialDocNo': '府授文資字第1130415127B號', 'registerDate': '2024-11-01 10:40:45.165'}]",宅第,彰化縣
1746,20241108000001,宜蘭吳沙夫人墓,"{'code': 'A12', 'name': '墓葬'}",符合<<歷史建築紀念建築登錄廢止審查及輔助辦法>>第2條第1款之登錄基準,121.75773123429829,24.789254506108964,"{'itemNo': 1, 'cityName': '宜蘭縣', 'distName': '礁溪鄉', 'address': '開蘭路110號旁'}",宜蘭縣政府文化局,文化資產科,宜蘭縣五結鄉中正路二段6之8號,03-9322440*652,"<a href=""http://nchdb.boch.gov.tw/assets/advanceSearch/historicalBuilding/20241108000001"" target=""_blank"">http://nchdb.boch.gov.tw/assets/advanceSearch/historicalBuilding/20241108000001</a>","[{'classification': '指定/登錄', 'officialDocNo': '府文資字第1130011464D號函', 'registerDate': '2024-11-01 14:22:46.011'}]",墓葬,宜蘭縣
1747,20241125000001,通霄騰清公祠,"{'code': 'A1', 'name': '祠堂'}",<<歷史建築登錄廢止審查及輔助辦法>>第2條第1項第2、4款,120.727354,24.463418,"{'itemNo': 1, 'cityName': '苗栗縣', 'distName': '通霄鎮', 'address': '城南里城南14鄰160號'}",苗栗縣政府文化觀光局,文化資產科,苗栗縣苗栗市自治路50號,（037）352961#718,"<a href=""http://nchdb.boch.gov.tw/assets/advanceSearch/historicalBuilding/20241125000001"" target=""_blank"">http://nchdb.boch.gov.tw/assets/advanceSearch/historicalBuilding/20241125000001</a>","[{'classification': '指定/登錄', 'officialDocNo': '府文資字第1130015406B號', 'registerDate': '2024-11-13 17:50:46.293'}]",祠堂,苗栗縣
